0	0.00000000
1	0.00000000
2	0.00000000
3	0.00000000
4	0.00000000
5	0.00000000
6	0.00000000
7	0.00000000
8	0.00000000
9	0.00000000
10	0.00000000
11	0.00000000
12	0.00000000
13	0.01622680
14	0.10208606
15	0.07664341
16	0.07949535
17	0.05391488
18	0.04842287
19	0.04357136
20	0.04156152
21	0.03577585
22	0.03182893
23	0.02723934
24	0.02355745
25	0.02066031
26	0.01897388
27	0.01758787
28	0.01709481
29	0.01627811
30	0.01581027
31	0.01565268
32	0.01959436
33	0.02550171
34	0.02675092
35	0.02813616
36	0.03008800
37	0.02953597
38	0.02834569
39	0.02806632
40	0.02710309
41	0.02704088
42	0.02629018
43	0.02624543
44	0.02559179
45	0.02545797
46	0.02528416
47	0.02435993
48	0.02374161
49	0.02280449
50	0.02204285
51	0.02120598
52	0.02044783
53	0.01983551
54	0.01910213
55	0.01936020
56	0.01954158
57	0.01939036
58	0.01936603
59	0.01911381
60	0.01859178
61	0.01815110
62	0.01790037
63	0.01770226
64	0.01761526
65	0.01737416
66	0.01700514
67	0.01652392
68	0.01591663
69	0.01556216
70	0.01507374
71	0.01462949
72	0.01423124
73	0.01376100
74	0.01330835
75	0.01281968
76	0.01245009
77	0.01210284
78	0.01191021
79	0.01176275
80	0.01154411
81	0.01127770
82	0.01111007
83	0.01080640
84	0.01056087
85	0.01033960
86	0.01003174
87	0.00978919
88	0.00948196
89	0.00917937
90	0.00885989
91	0.00859971
92	0.00830679
93	0.00803970
94	0.00775943
95	0.00752067
96	0.00728576
97	0.00704596
98	0.00680989
99	0.00659257
100	0.00638743
101	0.00620028
102	0.00606087
103	0.00592684
104	0.00575725
105	0.00560897
106	0.00544421
107	0.00526587
108	0.00510342
109	0.00493756
110	0.00477619
111	0.00462817
112	0.00448570
113	0.00434297
114	0.00420541
115	0.00406913
116	0.00394113
117	0.00381722
118	0.00369659
119	0.00358100
120	0.00346822
121	0.00335999
122	0.00325512
123	0.00315365
124	0.00305719
125	0.00296780
126	0.00287623
127	0.00279324
128	0.00270157
129	0.00262095
130	0.00253807
131	0.00245974
132	0.00238318
133	0.00230927
134	0.00223749
135	0.00216797
136	0.00210061
137	0.00203534
138	0.00197202
139	0.00191065
140	0.00185118
141	0.00179359
142	0.00173779
143	0.00168373
144	0.00163137
145	0.00158065
146	0.00153151
147	0.00148392
148	0.00143785
149	0.00139324
150	0.00135004
151	0.00130817
152	0.00126760
153	0.00122828
154	0.00119017
155	0.00115324
156	0.00111745
157	0.00108278
158	0.00104917
159	0.00101661
160	0.00098506
161	0.00095448
162	0.00092485
163	0.00089614
164	0.00086832
165	0.00084136
166	0.00081524
167	0.00078993
168	0.00076541
169	0.00074164
170	0.00071862
171	0.00069631
172	0.00067469
173	0.00065374
174	0.00063345
175	0.00061378
176	0.00059473
177	0.00057627
178	0.00055838
179	0.00054104
180	0.00052425
181	0.00050798
182	0.00049221
183	0.00047693
184	0.00046212
185	0.00044778
186	0.00043388
187	0.00042041
188	0.00040736
189	0.00039471
190	0.00038246
191	0.00037059
192	0.00035908
193	0.00034794
194	0.00033713
195	0.00032667
196	0.00031653
197	0.00030670
198	0.00029718
199	0.00028795
200	0.00027902
201	0.00027035
202	0.00026196
203	0.00025383
204	0.00024595
205	0.00023832
206	0.00023092
207	0.00022375
208	0.00021680
209	0.00021007
210	0.00020355
211	0.00019723
212	0.00019111
213	0.00018518
214	0.00017943
215	0.00017386
216	0.00016846
217	0.00016323
218	0.00015816
219	0.00015325
220	0.00014850
221	0.00014389
222	0.00013942
223	0.00013509
224	0.00013090
225	0.00012684
226	0.00012290
227	0.00011908
228	0.00011539
229	0.00011180
230	0.00010833
231	0.00010497
232	0.00010171
233	0.00009855
234	0.00009550
235	0.00009253
236	0.00008966
237	0.00008687
238	0.00008418
239	0.00008156
240	0.00007903
241	0.00007658
242	0.00007420
243	0.00007190
244	0.00006967
245	0.00006750
246	0.00006541
247	0.00006338
248	0.00006141
249	0.00005950
250	0.00005766
251	0.00005587
252	0.00005413
253	0.00005245
254	0.00005082
255	0.00004925
256	0.00004772
257	0.00004624
258	0.00004480
259	0.00004341
260	0.00004206
261	0.00004076
262	0.00003949
263	0.00003827
264	0.00003708
265	0.00003593
266	0.00003481
267	0.00003373
268	0.00003268
269	0.00003167
270	0.00003069
271	0.00002973
272	0.00002881
273	0.00002792
274	0.00002705
275	0.00002621
276	0.00002540
277	0.00002461
278	0.00002384
279	0.00002310
280	0.00002239
281	0.00002169
282	0.00002102
283	0.00002037
284	0.00001973
285	0.00001912
286	0.00001853
287	0.00001795
288	0.00001739
289	0.00001685
290	0.00001633
291	0.00001582
292	0.00001533
293	0.00001486
294	0.00001440
295	0.00001395
296	0.00001352
297	0.00001310
298	0.00001269
299	0.00001230
300	0.00001191
301	0.00001154
302	0.00001119
303	0.00001084
304	0.00001050
305	0.00001018
306	0.00000986
307	0.00000955
308	0.00000926
309	0.00000897
310	0.00000869
311	0.00000842
312	0.00000816
313	0.00000791
314	0.00000766
315	0.00000742
316	0.00000719
317	0.00000697
318	0.00000675
319	0.00000654
320	0.00000634
321	0.00000614
322	0.00000595
323	0.00000577
324	0.00000559
325	0.00000542
326	0.00000525
327	0.00000509
328	0.00000493
329	0.00000477
330	0.00000463
331	0.00000448
332	0.00000434
333	0.00000421
334	0.00000408
335	0.00000395
336	0.00000383
337	0.00000371
338	0.00000359
339	0.00000348
340	0.00000337
341	0.00000327
342	0.00000317
343	0.00000307
344	0.00000297
345	0.00000288
346	0.00000279
347	0.00000271
348	0.00000262
349	0.00000254
350	0.00000246
351	0.00000239
352	0.00000231
353	0.00000224
354	0.00000217
355	0.00000210
356	0.00000204
357	0.00000197
358	0.00000191
359	0.00000185
360	0.00000180
361	0.00000174
362	0.00000169
363	0.00000163
364	0.00000158
365	0.00000153
366	0.00000149
367	0.00000144
368	0.00000140
369	0.00000135
370	0.00000131
371	0.00000127
372	0.00000123
373	0.00000119
374	0.00000116
375	0.00000112
376	0.00000108
377	0.00000105
378	0.00000102
379	0.00000099
380	0.00000096
381	0.00000093
382	0.00000090
383	0.00000087
384	0.00000084
385	0.00000082
386	0.00000079
387	0.00000077
388	0.00000074
389	0.00000072
390	0.00000070
391	0.00000068
392	0.00000065
393	0.00000063
394	0.00000061
395	0.00000060
396	0.00000058
397	0.00000056
398	0.00000054
399	0.00000053
400	0.00000051
401	0.00000049
402	0.00000048
403	0.00000046
404	0.00000045
405	0.00000043
406	0.00000042
407	0.00000041
408	0.00000040
409	0.00000038
410	0.00000037
411	0.00000036
412	0.00000035
413	0.00000034
414	0.00000033
415	0.00000032
416	0.00000031
417	0.00000030
418	0.00000029
419	0.00000028
420	0.00000027
421	0.00000026
422	0.00000025
423	0.00000025
424	0.00000024
425	0.00000023
426	0.00000022
427	0.00000022
428	0.00000021
429	0.00000020
430	0.00000020
431	0.00000019
432	0.00000019
433	0.00000018
434	0.00000017
435	0.00000017
436	0.00000016
437	0.00000016
438	0.00000015
439	0.00000015
440	0.00000014
441	0.00000014
442	0.00000014
443	0.00000013
444	0.00000013
445	0.00000012
446	0.00000012
447	0.00000012
448	0.00000011
449	0.00000011
450	0.00000011
451	0.00000010
452	0.00000010
453	0.00000010
454	0.00000009
455	0.00000009
456	0.00000009
457	0.00000008
458	0.00000008
459	0.00000008
460	0.00000008
461	0.00000007
462	0.00000007
463	0.00000007
464	0.00000007
465	0.00000007
466	0.00000006
467	0.00000006
468	0.00000006
469	0.00000006
470	0.00000006
471	0.00000005
472	0.00000005
473	0.00000005
474	0.00000005
475	0.00000005
476	0.00000005
477	0.00000004
478	0.00000004
479	0.00000004
480	0.00000004
481	0.00000004
482	0.00000004
483	0.00000004
484	0.00000004
485	0.00000003
486	0.00000003
487	0.00000003
488	0.00000003
489	0.00000003
490	0.00000003
491	0.00000003
492	0.00000003
493	0.00000003
494	0.00000003
495	0.00000003
496	0.00000002
497	0.00000002
498	0.00000002
499	0.00000002
500	0.00000002
501	0.00000002
502	0.00000002
503	0.00000002
504	0.00000002
505	0.00000002
506	0.00000002
507	0.00000002
508	0.00000002
509	0.00000002
510	0.00000002
511	0.00000002
512	0.00000001
513	0.00000001
514	0.00000001
515	0.00000001
516	0.00000001
517	0.00000001
518	0.00000001
519	0.00000001
520	0.00000001
521	0.00000001
522	0.00000001
523	0.00000001
524	0.00000001
525	0.00000001
526	0.00000001
527	0.00000001
528	0.00000001
529	0.00000001
530	0.00000001
531	0.00000001
532	0.00000001
533	0.00000001
534	0.00000001
535	0.00000001
536	0.00000001
537	0.00000001
538	0.00000001
539	0.00000001
540	0.00000001
541	0.00000001
542	0.00000001
543	0.00000001
544	0.00000001
545	0.00000001
546	0.00000001
547	0.00000000
548	0.00000000
549	0.00000000
550	0.00000000
551	0.00000000
552	0.00000000
553	0.00000000
554	0.00000000
555	0.00000000
556	0.00000000
557	0.00000000
558	0.00000000
559	0.00000000
560	0.00000000
561	0.00000000
562	0.00000000
563	0.00000000
564	0.00000000
565	0.00000000
566	0.00000000
567	0.00000000
568	0.00000000
569	0.00000000
570	0.00000000
571	0.00000000
572	0.00000000
573	0.00000000
574	0.00000000
575	0.00000000
576	0.00000000
577	0.00000000
578	0.00000000
579	0.00000000
580	0.00000000
581	0.00000000
582	0.00000000
583	0.00000000
584	0.00000000
585	0.00000000
586	0.00000000
587	0.00000000
588	0.00000000
589	0.00000000
590	0.00000000
591	0.00000000
592	0.00000000
593	0.00000000
594	0.00000000
595	0.00000000
596	0.00000000
597	0.00000000
598	0.00000000
599	0.00000000
600	0.00000000
601	0.00000000
602	0.00000000
603	0.00000000
604	0.00000000
605	0.00000000
606	0.00000000
607	0.00000000
608	0.00000000
609	0.00000000
610	0.00000000
611	0.00000000
612	0.00000000
613	0.00000000
614	0.00000000
615	0.00000000
616	0.00000000
617	0.00000000
618	0.00000000
619	0.00000000
620	0.00000000
621	0.00000000
622	0.00000000
623	0.00000000
624	0.00000000
625	0.00000000
626	0.00000000
627	0.00000000
628	0.00000000
629	0.00000000
630	0.00000000
631	0.00000000
632	0.00000000
633	0.00000000
634	0.00000000
635	0.00000000
636	0.00000000
637	0.00000000
638	0.00000000
639	0.00000000
640	0.00000000
641	0.00000000
642	0.00000000
643	0.00000000
644	0.00000000
645	0.00000000
646	0.00000000
647	0.00000000
648	0.00000000
649	0.00000000
650	0.00000000
651	0.00000000
652	0.00000000
653	0.00000000
654	0.00000000
655	0.00000000
656	0.00000000
657	0.00000000
658	0.00000000
659	0.00000000
660	0.00000000
661	0.00000000
662	0.00000000
663	0.00000000
664	0.00000000
665	0.00000000
666	0.00000000
667	0.00000000
668	0.00000000
669	0.00000000
670	0.00000000
671	0.00000000
672	0.00000000
673	0.00000000
674	0.00000000
675	0.00000000
676	0.00000000
677	0.00000000
678	0.00000000
679	0.00000000
680	0.00000000
681	0.00000000
682	0.00000000
683	0.00000000
684	0.00000000
685	0.00000000
686	0.00000000
687	0.00000000
688	0.00000000
689	0.00000000
690	0.00000000
691	0.00000000
692	0.00000000
693	0.00000000
694	0.00000000
695	0.00000000
696	0.00000000
697	0.00000000
698	0.00000000
699	0.00000000
700	0.00000000
701	0.00000000
702	0.00000000
703	0.00000000
704	0.00000000
705	0.00000000
706	0.00000000
707	0.00000000
708	0.00000000
709	0.00000000
710	0.00000000
711	0.00000000
712	0.00000000
713	0.00000000
714	0.00000000
715	0.00000000
716	0.00000000
717	0.00000000
718	0.00000000
719	0.00000000
720	0.00000000
721	0.00000000
722	0.00000000
723	0.00000000
724	0.00000000
725	0.00000000
726	0.00000000
727	0.00000000
728	0.00000000
729	0.00000000
730	0.00000000
731	0.00000000
732	0.00000000
733	0.00000000
734	0.00000000
735	0.00000000
736	0.00000000
737	0.00000000
738	0.00000000
739	0.00000000
740	0.00000000
741	0.00000000
742	0.00000000
743	0.00000000
744	0.00000000
745	0.00000000
746	0.00000000
747	0.00000000
748	0.00000000
749	0.00000000
750	0.00000000
751	0.00000000
752	0.00000000
753	0.00000000
754	0.00000000
755	0.00000000
756	0.00000000
757	0.00000000
758	0.00000000
759	0.00000000
760	0.00000000
761	0.00000000
762	0.00000000
763	0.00000000
764	0.00000000
765	0.00000000
766	0.00000000
767	0.00000000
768	0.00000000
769	0.00000000
770	0.00000000
771	0.00000000
772	0.00000000
773	0.00000000
774	0.00000000
775	0.00000000
776	0.00000000
777	0.00000000
778	0.00000000
779	0.00000000
780	0.00000000
781	0.00000000
782	0.00000000
783	0.00000000
784	0.00000000
785	0.00000000
786	0.00000000
787	0.00000000
788	0.00000000
789	0.00000000
790	0.00000000
791	0.00000000
792	0.00000000
793	0.00000000
794	0.00000000
795	0.00000000
796	0.00000000
797	0.00000000
798	0.00000000
799	0.00000000
800	0.00000000
801	0.00000000
802	0.00000000
803	0.00000000
804	0.00000000
805	0.00000000
806	0.00000000
807	0.00000000
808	0.00000000
809	0.00000000
810	0.00000000
811	0.00000000
812	0.00000000
813	0.00000000
814	0.00000000
815	0.00000000
816	0.00000000
817	0.00000000
818	0.00000000
819	0.00000000
820	0.00000000
821	0.00000000
822	0.00000000
823	0.00000000
824	0.00000000
825	0.00000000
826	0.00000000
827	0.00000000
828	0.00000000
829	0.00000000
830	0.00000000
831	0.00000000
832	0.00000000
833	0.00000000
834	0.00000000
835	0.00000000
836	0.00000000
837	0.00000000
838	0.00000000
839	0.00000000
840	0.00000000
841	0.00000000
842	0.00000000
843	0.00000000
844	0.00000000
845	0.00000000
846	0.00000000
847	0.00000000
848	0.00000000
849	0.00000000
850	0.00000000
851	0.00000000
852	0.00000000
853	0.00000000
854	0.00000000
855	0.00000000
856	0.00000000
857	0.00000000
858	0.00000000
859	0.00000000
860	0.00000000
861	0.00000000
862	0.00000000
863	0.00000000
864	0.00000000
865	0.00000000
866	0.00000000
867	0.00000000
868	0.00000000
869	0.00000000
870	0.00000000
871	0.00000000
872	0.00000000
873	0.00000000
874	0.00000000
875	0.00000000
876	0.00000000
877	0.00000000
878	0.00000000
879	0.00000000
880	0.00000000
881	0.00000000
882	0.00000000
883	0.00000000
884	0.00000000
885	0.00000000
886	0.00000000
887	0.00000000
888	0.00000000
889	0.00000000
890	0.00000000
891	0.00000000
892	0.00000000
893	0.00000000
894	0.00000000
895	0.00000000
896	0.00000000
897	0.00000000
898	0.00000000
899	0.00000000
900	0.00000000
901	0.00000000
902	0.00000000
903	0.00000000
904	0.00000000
905	0.00000000
906	0.00000000
907	0.00000000
908	0.00000000
909	0.00000000
910	0.00000000
911	0.00000000
912	0.00000000
913	0.00000000
914	0.00000000
915	0.00000000
916	0.00000000
917	0.00000000
918	0.00000000
919	0.00000000
920	0.00000000
921	0.00000000
922	0.00000000
923	0.00000000
924	0.00000000
925	0.00000000
926	0.00000000
927	0.00000000
928	0.00000000
929	0.00000000
930	0.00000000
931	0.00000000
932	0.00000000
933	0.00000000
934	0.00000000
935	0.00000000
936	0.00000000
937	0.00000000
938	0.00000000
939	0.00000000
940	0.00000000
941	0.00000000
942	0.00000000
943	0.00000000
944	0.00000000
945	0.00000000
946	0.00000000
947	0.00000000
948	0.00000000
949	0.00000000
950	0.00000000
951	0.00000000
952	0.00000000
953	0.00000000
954	0.00000000
955	0.00000000
956	0.00000000
957	0.00000000
958	0.00000000
959	0.00000000
960	0.00000000
961	0.00000000
962	0.00000000
963	0.00000000
964	0.00000000
965	0.00000000
966	0.00000000
967	0.00000000
968	0.00000000
969	0.00000000
970	0.00000000
971	0.00000000
972	0.00000000
973	0.00000000
974	0.00000000
975	0.00000000
976	0.00000000
977	0.00000000
978	0.00000000
979	0.00000000
980	0.00000000
981	0.00000000
982	0.00000000
983	0.00000000
984	0.00000000
985	0.00000000
986	0.00000000
987	0.00000000
988	0.00000000
989	0.00000000
990	0.00000000
991	0.00000000
992	0.00000000
993	0.00000000
994	0.00000000
995	0.00000000
996	0.00000000
997	0.00000000
998	0.00000000
999	0.00000000
