0	0.00000000
1	0.00000000
2	0.00000000
3	0.00000000
4	0.00000000
5	0.00000000
6	0.00000000
7	0.00000000
8	0.00000000
9	0.00000000
10	0.00000000
11	0.00000000
12	0.00000000
13	0.00276398
14	0.01900168
15	0.01604982
16	0.02376013
17	0.02501970
18	0.03542407
19	0.04163314
20	0.04578377
21	0.04314330
22	0.04092193
23	0.03712553
24	0.03480350
25	0.03139687
26	0.02875453
27	0.02578052
28	0.02437283
29	0.02225722
30	0.02066721
31	0.01922454
32	0.02006940
33	0.02135357
34	0.02264444
35	0.02433507
36	0.02515286
37	0.02534712
38	0.02622016
39	0.02710578
40	0.02664166
41	0.02661299
42	0.02644521
43	0.02591888
44	0.02485114
45	0.02392204
46	0.02318350
47	0.02241211
48	0.02225622
49	0.02184227
50	0.02131779
51	0.02097574
52	0.02027414
53	0.01964002
54	0.01891074
55	0.01878742
56	0.01871312
57	0.01837701
58	0.01801820
59	0.01752607
60	0.01712651
61	0.01696943
62	0.01671612
63	0.01640509
64	0.01616399
65	0.01605771
66	0.01563780
67	0.01526330
68	0.01495567
69	0.01461424
70	0.01422477
71	0.01383903
72	0.01349513
73	0.01306049
74	0.01264961
75	0.01215093
76	0.01175706
77	0.01138984
78	0.01111254
79	0.01088707
80	0.01055154
81	0.01031324
82	0.01005641
83	0.00974717
84	0.00955109
85	0.00945800
86	0.00917581
87	0.00898757
88	0.00871609
89	0.00848749
90	0.00820749
91	0.00791775
92	0.00766517
93	0.00740844
94	0.00715405
95	0.00691873
96	0.00670294
97	0.00648437
98	0.00626464
99	0.00606443
100	0.00587175
101	0.00570402
102	0.00556141
103	0.00540590
104	0.00523415
105	0.00508428
106	0.00492790
107	0.00478356
108	0.00465115
109	0.00452045
110	0.00436424
111	0.00423261
112	0.00410221
113	0.00396941
114	0.00384277
115	0.00372235
116	0.00360441
117	0.00349145
118	0.00338235
119	0.00327734
120	0.00317334
121	0.00307405
122	0.00297785
123	0.00288469
124	0.00279658
125	0.00271228
126	0.00262757
127	0.00254731
128	0.00246697
129	0.00239090
130	0.00231654
131	0.00224516
132	0.00217585
133	0.00210849
134	0.00204308
135	0.00197974
136	0.00191831
137	0.00185877
138	0.00180104
139	0.00174510
140	0.00169088
141	0.00163834
142	0.00158743
143	0.00153810
144	0.00149031
145	0.00144400
146	0.00139912
147	0.00135566
148	0.00131356
149	0.00127279
150	0.00123328
151	0.00119500
152	0.00115790
153	0.00112196
154	0.00108713
155	0.00105338
156	0.00102069
157	0.00098901
158	0.00095832
159	0.00092858
160	0.00089975
161	0.00087183
162	0.00084477
163	0.00081855
164	0.00079314
165	0.00076852
166	0.00074466
167	0.00072154
168	0.00069914
169	0.00067744
170	0.00065641
171	0.00063603
172	0.00061628
173	0.00059715
174	0.00057861
175	0.00056065
176	0.00054325
177	0.00052638
178	0.00051004
179	0.00049421
180	0.00047887
181	0.00046400
182	0.00044960
183	0.00043564
184	0.00042212
185	0.00040901
186	0.00039632
187	0.00038401
188	0.00037209
189	0.00036054
190	0.00034935
191	0.00033850
192	0.00032800
193	0.00031781
194	0.00030795
195	0.00029839
196	0.00028913
197	0.00028015
198	0.00027145
199	0.00026303
200	0.00025486
201	0.00024695
202	0.00023928
203	0.00023186
204	0.00022466
205	0.00021768
206	0.00021093
207	0.00020438
208	0.00019803
209	0.00019189
210	0.00018593
211	0.00018016
212	0.00017457
213	0.00016915
214	0.00016390
215	0.00015881
216	0.00015388
217	0.00014910
218	0.00014447
219	0.00013999
220	0.00013564
221	0.00013143
222	0.00012735
223	0.00012340
224	0.00011957
225	0.00011586
226	0.00011226
227	0.00010877
228	0.00010540
229	0.00010213
230	0.00009896
231	0.00009588
232	0.00009291
233	0.00009002
234	0.00008723
235	0.00008452
236	0.00008190
237	0.00007935
238	0.00007689
239	0.00007450
240	0.00007219
241	0.00006995
242	0.00006778
243	0.00006567
244	0.00006364
245	0.00006166
246	0.00005975
247	0.00005789
248	0.00005609
249	0.00005435
250	0.00005267
251	0.00005103
252	0.00004945
253	0.00004791
254	0.00004642
255	0.00004498
256	0.00004359
257	0.00004223
258	0.00004092
259	0.00003965
260	0.00003842
261	0.00003723
262	0.00003607
263	0.00003495
264	0.00003387
265	0.00003282
266	0.00003180
267	0.00003081
268	0.00002985
269	0.00002893
270	0.00002803
271	0.00002716
272	0.00002632
273	0.00002550
274	0.00002471
275	0.00002394
276	0.00002320
277	0.00002248
278	0.00002178
279	0.00002110
280	0.00002045
281	0.00001981
282	0.00001920
283	0.00001860
284	0.00001803
285	0.00001747
286	0.00001692
287	0.00001640
288	0.00001589
289	0.00001540
290	0.00001492
291	0.00001445
292	0.00001401
293	0.00001357
294	0.00001315
295	0.00001274
296	0.00001235
297	0.00001196
298	0.00001159
299	0.00001123
300	0.00001088
301	0.00001055
302	0.00001022
303	0.00000990
304	0.00000959
305	0.00000930
306	0.00000901
307	0.00000873
308	0.00000846
309	0.00000819
310	0.00000794
311	0.00000769
312	0.00000745
313	0.00000722
314	0.00000700
315	0.00000678
316	0.00000657
317	0.00000637
318	0.00000617
319	0.00000598
320	0.00000579
321	0.00000561
322	0.00000544
323	0.00000527
324	0.00000511
325	0.00000495
326	0.00000479
327	0.00000464
328	0.00000450
329	0.00000436
330	0.00000423
331	0.00000409
332	0.00000397
333	0.00000384
334	0.00000372
335	0.00000361
336	0.00000350
337	0.00000339
338	0.00000328
339	0.00000318
340	0.00000308
341	0.00000299
342	0.00000289
343	0.00000280
344	0.00000272
345	0.00000263
346	0.00000255
347	0.00000247
348	0.00000240
349	0.00000232
350	0.00000225
351	0.00000218
352	0.00000211
353	0.00000205
354	0.00000198
355	0.00000192
356	0.00000186
357	0.00000180
358	0.00000175
359	0.00000169
360	0.00000164
361	0.00000159
362	0.00000154
363	0.00000149
364	0.00000145
365	0.00000140
366	0.00000136
367	0.00000132
368	0.00000127
369	0.00000124
370	0.00000120
371	0.00000116
372	0.00000112
373	0.00000109
374	0.00000106
375	0.00000102
376	0.00000099
377	0.00000096
378	0.00000093
379	0.00000090
380	0.00000087
381	0.00000085
382	0.00000082
383	0.00000079
384	0.00000077
385	0.00000075
386	0.00000072
387	0.00000070
388	0.00000068
389	0.00000066
390	0.00000064
391	0.00000062
392	0.00000060
393	0.00000058
394	0.00000056
395	0.00000054
396	0.00000053
397	0.00000051
398	0.00000049
399	0.00000048
400	0.00000046
401	0.00000045
402	0.00000044
403	0.00000042
404	0.00000041
405	0.00000040
406	0.00000038
407	0.00000037
408	0.00000036
409	0.00000035
410	0.00000034
411	0.00000033
412	0.00000032
413	0.00000031
414	0.00000030
415	0.00000029
416	0.00000028
417	0.00000027
418	0.00000026
419	0.00000026
420	0.00000025
421	0.00000024
422	0.00000023
423	0.00000023
424	0.00000022
425	0.00000021
426	0.00000020
427	0.00000020
428	0.00000019
429	0.00000019
430	0.00000018
431	0.00000017
432	0.00000017
433	0.00000016
434	0.00000016
435	0.00000015
436	0.00000015
437	0.00000014
438	0.00000014
439	0.00000014
440	0.00000013
441	0.00000013
442	0.00000012
443	0.00000012
444	0.00000012
445	0.00000011
446	0.00000011
447	0.00000011
448	0.00000010
449	0.00000010
450	0.00000010
451	0.00000009
452	0.00000009
453	0.00000009
454	0.00000008
455	0.00000008
456	0.00000008
457	0.00000008
458	0.00000007
459	0.00000007
460	0.00000007
461	0.00000007
462	0.00000007
463	0.00000006
464	0.00000006
465	0.00000006
466	0.00000006
467	0.00000006
468	0.00000005
469	0.00000005
470	0.00000005
471	0.00000005
472	0.00000005
473	0.00000005
474	0.00000005
475	0.00000004
476	0.00000004
477	0.00000004
478	0.00000004
479	0.00000004
480	0.00000004
481	0.00000004
482	0.00000004
483	0.00000003
484	0.00000003
485	0.00000003
486	0.00000003
487	0.00000003
488	0.00000003
489	0.00000003
490	0.00000003
491	0.00000003
492	0.00000003
493	0.00000002
494	0.00000002
495	0.00000002
496	0.00000002
497	0.00000002
498	0.00000002
499	0.00000002
500	0.00000002
501	0.00000002
502	0.00000002
503	0.00000002
504	0.00000002
505	0.00000002
506	0.00000002
507	0.00000002
508	0.00000002
509	0.00000001
510	0.00000001
511	0.00000001
512	0.00000001
513	0.00000001
514	0.00000001
515	0.00000001
516	0.00000001
517	0.00000001
518	0.00000001
519	0.00000001
520	0.00000001
521	0.00000001
522	0.00000001
523	0.00000001
524	0.00000001
525	0.00000001
526	0.00000001
527	0.00000001
528	0.00000001
529	0.00000001
530	0.00000001
531	0.00000001
532	0.00000001
533	0.00000001
534	0.00000001
535	0.00000001
536	0.00000001
537	0.00000001
538	0.00000001
539	0.00000001
540	0.00000001
541	0.00000001
542	0.00000001
543	0.00000001
544	0.00000000
545	0.00000000
546	0.00000000
547	0.00000000
548	0.00000000
549	0.00000000
550	0.00000000
551	0.00000000
552	0.00000000
553	0.00000000
554	0.00000000
555	0.00000000
556	0.00000000
557	0.00000000
558	0.00000000
559	0.00000000
560	0.00000000
561	0.00000000
562	0.00000000
563	0.00000000
564	0.00000000
565	0.00000000
566	0.00000000
567	0.00000000
568	0.00000000
569	0.00000000
570	0.00000000
571	0.00000000
572	0.00000000
573	0.00000000
574	0.00000000
575	0.00000000
576	0.00000000
577	0.00000000
578	0.00000000
579	0.00000000
580	0.00000000
581	0.00000000
582	0.00000000
583	0.00000000
584	0.00000000
585	0.00000000
586	0.00000000
587	0.00000000
588	0.00000000
589	0.00000000
590	0.00000000
591	0.00000000
592	0.00000000
593	0.00000000
594	0.00000000
595	0.00000000
596	0.00000000
597	0.00000000
598	0.00000000
599	0.00000000
600	0.00000000
601	0.00000000
602	0.00000000
603	0.00000000
604	0.00000000
605	0.00000000
606	0.00000000
607	0.00000000
608	0.00000000
609	0.00000000
610	0.00000000
611	0.00000000
612	0.00000000
613	0.00000000
614	0.00000000
615	0.00000000
616	0.00000000
617	0.00000000
618	0.00000000
619	0.00000000
620	0.00000000
621	0.00000000
622	0.00000000
623	0.00000000
624	0.00000000
625	0.00000000
626	0.00000000
627	0.00000000
628	0.00000000
629	0.00000000
630	0.00000000
631	0.00000000
632	0.00000000
633	0.00000000
634	0.00000000
635	0.00000000
636	0.00000000
637	0.00000000
638	0.00000000
639	0.00000000
640	0.00000000
641	0.00000000
642	0.00000000
643	0.00000000
644	0.00000000
645	0.00000000
646	0.00000000
647	0.00000000
648	0.00000000
649	0.00000000
650	0.00000000
651	0.00000000
652	0.00000000
653	0.00000000
654	0.00000000
655	0.00000000
656	0.00000000
657	0.00000000
658	0.00000000
659	0.00000000
660	0.00000000
661	0.00000000
662	0.00000000
663	0.00000000
664	0.00000000
665	0.00000000
666	0.00000000
667	0.00000000
668	0.00000000
669	0.00000000
670	0.00000000
671	0.00000000
672	0.00000000
673	0.00000000
674	0.00000000
675	0.00000000
676	0.00000000
677	0.00000000
678	0.00000000
679	0.00000000
680	0.00000000
681	0.00000000
682	0.00000000
683	0.00000000
684	0.00000000
685	0.00000000
686	0.00000000
687	0.00000000
688	0.00000000
689	0.00000000
690	0.00000000
691	0.00000000
692	0.00000000
693	0.00000000
694	0.00000000
695	0.00000000
696	0.00000000
697	0.00000000
698	0.00000000
699	0.00000000
700	0.00000000
701	0.00000000
702	0.00000000
703	0.00000000
704	0.00000000
705	0.00000000
706	0.00000000
707	0.00000000
708	0.00000000
709	0.00000000
710	0.00000000
711	0.00000000
712	0.00000000
713	0.00000000
714	0.00000000
715	0.00000000
716	0.00000000
717	0.00000000
718	0.00000000
719	0.00000000
720	0.00000000
721	0.00000000
722	0.00000000
723	0.00000000
724	0.00000000
725	0.00000000
726	0.00000000
727	0.00000000
728	0.00000000
729	0.00000000
730	0.00000000
731	0.00000000
732	0.00000000
733	0.00000000
734	0.00000000
735	0.00000000
736	0.00000000
737	0.00000000
738	0.00000000
739	0.00000000
740	0.00000000
741	0.00000000
742	0.00000000
743	0.00000000
744	0.00000000
745	0.00000000
746	0.00000000
747	0.00000000
748	0.00000000
749	0.00000000
750	0.00000000
751	0.00000000
752	0.00000000
753	0.00000000
754	0.00000000
755	0.00000000
756	0.00000000
757	0.00000000
758	0.00000000
759	0.00000000
760	0.00000000
761	0.00000000
762	0.00000000
763	0.00000000
764	0.00000000
765	0.00000000
766	0.00000000
767	0.00000000
768	0.00000000
769	0.00000000
770	0.00000000
771	0.00000000
772	0.00000000
773	0.00000000
774	0.00000000
775	0.00000000
776	0.00000000
777	0.00000000
778	0.00000000
779	0.00000000
780	0.00000000
781	0.00000000
782	0.00000000
783	0.00000000
784	0.00000000
785	0.00000000
786	0.00000000
787	0.00000000
788	0.00000000
789	0.00000000
790	0.00000000
791	0.00000000
792	0.00000000
793	0.00000000
794	0.00000000
795	0.00000000
796	0.00000000
797	0.00000000
798	0.00000000
799	0.00000000
800	0.00000000
801	0.00000000
802	0.00000000
803	0.00000000
804	0.00000000
805	0.00000000
806	0.00000000
807	0.00000000
808	0.00000000
809	0.00000000
810	0.00000000
811	0.00000000
812	0.00000000
813	0.00000000
814	0.00000000
815	0.00000000
816	0.00000000
817	0.00000000
818	0.00000000
819	0.00000000
820	0.00000000
821	0.00000000
822	0.00000000
823	0.00000000
824	0.00000000
825	0.00000000
826	0.00000000
827	0.00000000
828	0.00000000
829	0.00000000
830	0.00000000
831	0.00000000
832	0.00000000
833	0.00000000
834	0.00000000
835	0.00000000
836	0.00000000
837	0.00000000
838	0.00000000
839	0.00000000
840	0.00000000
841	0.00000000
842	0.00000000
843	0.00000000
844	0.00000000
845	0.00000000
846	0.00000000
847	0.00000000
848	0.00000000
849	0.00000000
850	0.00000000
851	0.00000000
852	0.00000000
853	0.00000000
854	0.00000000
855	0.00000000
856	0.00000000
857	0.00000000
858	0.00000000
859	0.00000000
860	0.00000000
861	0.00000000
862	0.00000000
863	0.00000000
864	0.00000000
865	0.00000000
866	0.00000000
867	0.00000000
868	0.00000000
869	0.00000000
870	0.00000000
871	0.00000000
872	0.00000000
873	0.00000000
874	0.00000000
875	0.00000000
876	0.00000000
877	0.00000000
878	0.00000000
879	0.00000000
880	0.00000000
881	0.00000000
882	0.00000000
883	0.00000000
884	0.00000000
885	0.00000000
886	0.00000000
887	0.00000000
888	0.00000000
889	0.00000000
890	0.00000000
891	0.00000000
892	0.00000000
893	0.00000000
894	0.00000000
895	0.00000000
896	0.00000000
897	0.00000000
898	0.00000000
899	0.00000000
900	0.00000000
901	0.00000000
902	0.00000000
903	0.00000000
904	0.00000000
905	0.00000000
906	0.00000000
907	0.00000000
908	0.00000000
909	0.00000000
910	0.00000000
911	0.00000000
912	0.00000000
913	0.00000000
914	0.00000000
915	0.00000000
916	0.00000000
917	0.00000000
918	0.00000000
919	0.00000000
920	0.00000000
921	0.00000000
922	0.00000000
923	0.00000000
924	0.00000000
925	0.00000000
926	0.00000000
927	0.00000000
928	0.00000000
929	0.00000000
930	0.00000000
931	0.00000000
932	0.00000000
933	0.00000000
934	0.00000000
935	0.00000000
936	0.00000000
937	0.00000000
938	0.00000000
939	0.00000000
940	0.00000000
941	0.00000000
942	0.00000000
943	0.00000000
944	0.00000000
945	0.00000000
946	0.00000000
947	0.00000000
948	0.00000000
949	0.00000000
950	0.00000000
951	0.00000000
952	0.00000000
953	0.00000000
954	0.00000000
955	0.00000000
956	0.00000000
957	0.00000000
958	0.00000000
959	0.00000000
960	0.00000000
961	0.00000000
962	0.00000000
963	0.00000000
964	0.00000000
965	0.00000000
966	0.00000000
967	0.00000000
968	0.00000000
969	0.00000000
970	0.00000000
971	0.00000000
972	0.00000000
973	0.00000000
974	0.00000000
975	0.00000000
976	0.00000000
977	0.00000000
978	0.00000000
979	0.00000000
980	0.00000000
981	0.00000000
982	0.00000000
983	0.00000000
984	0.00000000
985	0.00000000
986	0.00000000
987	0.00000000
988	0.00000000
989	0.00000000
990	0.00000000
991	0.00000000
992	0.00000000
993	0.00000000
994	0.00000000
995	0.00000000
996	0.00000000
997	0.00000000
998	0.00000000
999	0.00000000
