0	0.00000000
1	0.00000000
2	0.00000000
3	0.00000000
4	0.00000000
5	0.00000000
6	0.00000000
7	0.00000000
8	0.00000000
9	0.00000000
10	0.00000000
11	0.00000000
12	0.00000000
13	0.01199148
14	0.07873500
15	0.06346417
16	0.06558610
17	0.04731767
18	0.04454257
19	0.04262747
20	0.04297320
21	0.03628483
22	0.03321540
23	0.02862793
24	0.02427787
25	0.02079193
26	0.01917980
27	0.01784043
28	0.01755080
29	0.01641450
30	0.01616727
31	0.01585123
32	0.01946947
33	0.02516650
34	0.02634833
35	0.02814050
36	0.03020630
37	0.02977767
38	0.02838450
39	0.02804207
40	0.02702170
41	0.02688133
42	0.02629997
43	0.02619883
44	0.02568983
45	0.02534773
46	0.02553560
47	0.02425550
48	0.02368123
49	0.02276613
50	0.02199467
51	0.02121713
52	0.02046930
53	0.01988870
54	0.01918897
55	0.01932933
56	0.01950710
57	0.01940270
58	0.01927287
59	0.01907277
60	0.01863060
61	0.01816540
62	0.01782777
63	0.01767310
64	0.01758793
65	0.01725497
66	0.01702550
67	0.01650913
68	0.01581910
69	0.01551353
70	0.01506387
71	0.01463193
72	0.01426850
73	0.01375883
74	0.01334877
75	0.01287947
76	0.01250430
77	0.01212077
78	0.01190477
79	0.01175990
80	0.01152827
81	0.01124323
82	0.01110957
83	0.01083617
84	0.01053647
85	0.01032183
86	0.01001751
87	0.00975443
88	0.00946195
89	0.00915333
90	0.00885760
91	0.00858035
92	0.00828266
93	0.00805365
94	0.00775800
95	0.00751419
96	0.00728187
97	0.00703803
98	0.00680379
99	0.00659061
100	0.00638294
101	0.00619447
102	0.00604825
103	0.00592396
104	0.00574054
105	0.00559750
106	0.00543895
107	0.00525786
108	0.00508915
109	0.00492731
110	0.00476757
111	0.00461719
112	0.00447587
113	0.00433709
114	0.00420079
115	0.00406175
116	0.00393630
117	0.00381407
118	0.00369229
119	0.00357786
120	0.00346421
121	0.00335585
122	0.00325106
123	0.00314970
124	0.00305412
125	0.00296292
126	0.00287484
127	0.00278799
128	0.00269827
129	0.00261712
130	0.00253456
131	0.00245632
132	0.00237980
133	0.00230583
134	0.00223425
135	0.00216482
136	0.00209754
137	0.00203237
138	0.00196918
139	0.00190794
140	0.00184858
141	0.00179107
142	0.00173536
143	0.00168139
144	0.00162910
145	0.00157846
146	0.00152940
147	0.00148188
148	0.00143587
149	0.00139132
150	0.00134818
151	0.00130637
152	0.00126586
153	0.00122659
154	0.00118853
155	0.00115165
156	0.00111590
157	0.00108128
158	0.00104771
159	0.00101519
160	0.00098369
161	0.00095315
162	0.00092356
163	0.00089489
164	0.00086711
165	0.00084019
166	0.00081411
167	0.00078883
168	0.00076434
169	0.00074061
170	0.00071762
171	0.00069534
172	0.00067375
173	0.00065283
174	0.00063257
175	0.00061293
176	0.00059390
177	0.00057547
178	0.00055760
179	0.00054029
180	0.00052352
181	0.00050727
182	0.00049152
183	0.00047627
184	0.00046148
185	0.00044716
186	0.00043327
187	0.00041982
188	0.00040679
189	0.00039416
190	0.00038193
191	0.00037007
192	0.00035858
193	0.00034745
194	0.00033667
195	0.00032622
196	0.00031609
197	0.00030628
198	0.00029677
199	0.00028755
200	0.00027863
201	0.00026998
202	0.00026160
203	0.00025348
204	0.00024561
205	0.00023798
206	0.00023060
207	0.00022344
208	0.00021650
209	0.00020978
210	0.00020327
211	0.00019696
212	0.00019084
213	0.00018492
214	0.00017918
215	0.00017362
216	0.00016823
217	0.00016301
218	0.00015794
219	0.00015304
220	0.00014829
221	0.00014369
222	0.00013923
223	0.00013490
224	0.00013072
225	0.00012666
226	0.00012273
227	0.00011892
228	0.00011523
229	0.00011165
230	0.00010818
231	0.00010482
232	0.00010157
233	0.00009842
234	0.00009536
235	0.00009240
236	0.00008953
237	0.00008675
238	0.00008406
239	0.00008145
240	0.00007892
241	0.00007647
242	0.00007410
243	0.00007180
244	0.00006957
245	0.00006741
246	0.00006532
247	0.00006329
248	0.00006133
249	0.00005942
250	0.00005758
251	0.00005579
252	0.00005406
253	0.00005238
254	0.00005075
255	0.00004918
256	0.00004765
257	0.00004617
258	0.00004474
259	0.00004335
260	0.00004200
261	0.00004070
262	0.00003944
263	0.00003821
264	0.00003703
265	0.00003588
266	0.00003476
267	0.00003368
268	0.00003264
269	0.00003163
270	0.00003064
271	0.00002969
272	0.00002877
273	0.00002788
274	0.00002701
275	0.00002617
276	0.00002536
277	0.00002457
278	0.00002381
279	0.00002307
280	0.00002236
281	0.00002166
282	0.00002099
283	0.00002034
284	0.00001971
285	0.00001909
286	0.00001850
287	0.00001793
288	0.00001737
289	0.00001683
290	0.00001631
291	0.00001580
292	0.00001531
293	0.00001484
294	0.00001438
295	0.00001393
296	0.00001350
297	0.00001308
298	0.00001267
299	0.00001228
300	0.00001190
301	0.00001153
302	0.00001117
303	0.00001082
304	0.00001049
305	0.00001016
306	0.00000985
307	0.00000954
308	0.00000925
309	0.00000896
310	0.00000868
311	0.00000841
312	0.00000815
313	0.00000790
314	0.00000765
315	0.00000741
316	0.00000718
317	0.00000696
318	0.00000674
319	0.00000654
320	0.00000633
321	0.00000614
322	0.00000595
323	0.00000576
324	0.00000558
325	0.00000541
326	0.00000524
327	0.00000508
328	0.00000492
329	0.00000477
330	0.00000462
331	0.00000448
332	0.00000434
333	0.00000420
334	0.00000407
335	0.00000395
336	0.00000382
337	0.00000370
338	0.00000359
339	0.00000348
340	0.00000337
341	0.00000327
342	0.00000316
343	0.00000307
344	0.00000297
345	0.00000288
346	0.00000279
347	0.00000270
348	0.00000262
349	0.00000254
350	0.00000246
351	0.00000238
352	0.00000231
353	0.00000224
354	0.00000217
355	0.00000210
356	0.00000203
357	0.00000197
358	0.00000191
359	0.00000185
360	0.00000179
361	0.00000174
362	0.00000168
363	0.00000163
364	0.00000158
365	0.00000153
366	0.00000148
367	0.00000144
368	0.00000139
369	0.00000135
370	0.00000131
371	0.00000127
372	0.00000123
373	0.00000119
374	0.00000115
375	0.00000112
376	0.00000108
377	0.00000105
378	0.00000102
379	0.00000099
380	0.00000095
381	0.00000092
382	0.00000090
383	0.00000087
384	0.00000084
385	0.00000082
386	0.00000079
387	0.00000077
388	0.00000074
389	0.00000072
390	0.00000070
391	0.00000067
392	0.00000065
393	0.00000063
394	0.00000061
395	0.00000059
396	0.00000058
397	0.00000056
398	0.00000054
399	0.00000052
400	0.00000051
401	0.00000049
402	0.00000048
403	0.00000046
404	0.00000045
405	0.00000043
406	0.00000042
407	0.00000041
408	0.00000039
409	0.00000038
410	0.00000037
411	0.00000036
412	0.00000035
413	0.00000034
414	0.00000033
415	0.00000032
416	0.00000031
417	0.00000030
418	0.00000029
419	0.00000028
420	0.00000027
421	0.00000026
422	0.00000025
423	0.00000025
424	0.00000024
425	0.00000023
426	0.00000022
427	0.00000022
428	0.00000021
429	0.00000020
430	0.00000020
431	0.00000019
432	0.00000019
433	0.00000018
434	0.00000017
435	0.00000017
436	0.00000016
437	0.00000016
438	0.00000015
439	0.00000015
440	0.00000014
441	0.00000014
442	0.00000014
443	0.00000013
444	0.00000013
445	0.00000012
446	0.00000012
447	0.00000012
448	0.00000011
449	0.00000011
450	0.00000010
451	0.00000010
452	0.00000010
453	0.00000010
454	0.00000009
455	0.00000009
456	0.00000009
457	0.00000008
458	0.00000008
459	0.00000008
460	0.00000008
461	0.00000007
462	0.00000007
463	0.00000007
464	0.00000007
465	0.00000007
466	0.00000006
467	0.00000006
468	0.00000006
469	0.00000006
470	0.00000006
471	0.00000005
472	0.00000005
473	0.00000005
474	0.00000005
475	0.00000005
476	0.00000005
477	0.00000004
478	0.00000004
479	0.00000004
480	0.00000004
481	0.00000004
482	0.00000004
483	0.00000004
484	0.00000004
485	0.00000003
486	0.00000003
487	0.00000003
488	0.00000003
489	0.00000003
490	0.00000003
491	0.00000003
492	0.00000003
493	0.00000003
494	0.00000003
495	0.00000003
496	0.00000002
497	0.00000002
498	0.00000002
499	0.00000002
500	0.00000002
501	0.00000002
502	0.00000002
503	0.00000002
504	0.00000002
505	0.00000002
506	0.00000002
507	0.00000002
508	0.00000002
509	0.00000002
510	0.00000002
511	0.00000002
512	0.00000001
513	0.00000001
514	0.00000001
515	0.00000001
516	0.00000001
517	0.00000001
518	0.00000001
519	0.00000001
520	0.00000001
521	0.00000001
522	0.00000001
523	0.00000001
524	0.00000001
525	0.00000001
526	0.00000001
527	0.00000001
528	0.00000001
529	0.00000001
530	0.00000001
531	0.00000001
532	0.00000001
533	0.00000001
534	0.00000001
535	0.00000001
536	0.00000001
537	0.00000001
538	0.00000001
539	0.00000001
540	0.00000001
541	0.00000001
542	0.00000001
543	0.00000001
544	0.00000001
545	0.00000001
546	0.00000001
547	0.00000000
548	0.00000000
549	0.00000000
550	0.00000000
551	0.00000000
552	0.00000000
553	0.00000000
554	0.00000000
555	0.00000000
556	0.00000000
557	0.00000000
558	0.00000000
559	0.00000000
560	0.00000000
561	0.00000000
562	0.00000000
563	0.00000000
564	0.00000000
565	0.00000000
566	0.00000000
567	0.00000000
568	0.00000000
569	0.00000000
570	0.00000000
571	0.00000000
572	0.00000000
573	0.00000000
574	0.00000000
575	0.00000000
576	0.00000000
577	0.00000000
578	0.00000000
579	0.00000000
580	0.00000000
581	0.00000000
582	0.00000000
583	0.00000000
584	0.00000000
585	0.00000000
586	0.00000000
587	0.00000000
588	0.00000000
589	0.00000000
590	0.00000000
591	0.00000000
592	0.00000000
593	0.00000000
594	0.00000000
595	0.00000000
596	0.00000000
597	0.00000000
598	0.00000000
599	0.00000000
600	0.00000000
601	0.00000000
602	0.00000000
603	0.00000000
604	0.00000000
605	0.00000000
606	0.00000000
607	0.00000000
608	0.00000000
609	0.00000000
610	0.00000000
611	0.00000000
612	0.00000000
613	0.00000000
614	0.00000000
615	0.00000000
616	0.00000000
617	0.00000000
618	0.00000000
619	0.00000000
620	0.00000000
621	0.00000000
622	0.00000000
623	0.00000000
624	0.00000000
625	0.00000000
626	0.00000000
627	0.00000000
628	0.00000000
629	0.00000000
630	0.00000000
631	0.00000000
632	0.00000000
633	0.00000000
634	0.00000000
635	0.00000000
636	0.00000000
637	0.00000000
638	0.00000000
639	0.00000000
640	0.00000000
641	0.00000000
642	0.00000000
643	0.00000000
644	0.00000000
645	0.00000000
646	0.00000000
647	0.00000000
648	0.00000000
649	0.00000000
650	0.00000000
651	0.00000000
652	0.00000000
653	0.00000000
654	0.00000000
655	0.00000000
656	0.00000000
657	0.00000000
658	0.00000000
659	0.00000000
660	0.00000000
661	0.00000000
662	0.00000000
663	0.00000000
664	0.00000000
665	0.00000000
666	0.00000000
667	0.00000000
668	0.00000000
669	0.00000000
670	0.00000000
671	0.00000000
672	0.00000000
673	0.00000000
674	0.00000000
675	0.00000000
676	0.00000000
677	0.00000000
678	0.00000000
679	0.00000000
680	0.00000000
681	0.00000000
682	0.00000000
683	0.00000000
684	0.00000000
685	0.00000000
686	0.00000000
687	0.00000000
688	0.00000000
689	0.00000000
690	0.00000000
691	0.00000000
692	0.00000000
693	0.00000000
694	0.00000000
695	0.00000000
696	0.00000000
697	0.00000000
698	0.00000000
699	0.00000000
700	0.00000000
701	0.00000000
702	0.00000000
703	0.00000000
704	0.00000000
705	0.00000000
706	0.00000000
707	0.00000000
708	0.00000000
709	0.00000000
710	0.00000000
711	0.00000000
712	0.00000000
713	0.00000000
714	0.00000000
715	0.00000000
716	0.00000000
717	0.00000000
718	0.00000000
719	0.00000000
720	0.00000000
721	0.00000000
722	0.00000000
723	0.00000000
724	0.00000000
725	0.00000000
726	0.00000000
727	0.00000000
728	0.00000000
729	0.00000000
730	0.00000000
731	0.00000000
732	0.00000000
733	0.00000000
734	0.00000000
735	0.00000000
736	0.00000000
737	0.00000000
738	0.00000000
739	0.00000000
740	0.00000000
741	0.00000000
742	0.00000000
743	0.00000000
744	0.00000000
745	0.00000000
746	0.00000000
747	0.00000000
748	0.00000000
749	0.00000000
750	0.00000000
751	0.00000000
752	0.00000000
753	0.00000000
754	0.00000000
755	0.00000000
756	0.00000000
757	0.00000000
758	0.00000000
759	0.00000000
760	0.00000000
761	0.00000000
762	0.00000000
763	0.00000000
764	0.00000000
765	0.00000000
766	0.00000000
767	0.00000000
768	0.00000000
769	0.00000000
770	0.00000000
771	0.00000000
772	0.00000000
773	0.00000000
774	0.00000000
775	0.00000000
776	0.00000000
777	0.00000000
778	0.00000000
779	0.00000000
780	0.00000000
781	0.00000000
782	0.00000000
783	0.00000000
784	0.00000000
785	0.00000000
786	0.00000000
787	0.00000000
788	0.00000000
789	0.00000000
790	0.00000000
791	0.00000000
792	0.00000000
793	0.00000000
794	0.00000000
795	0.00000000
796	0.00000000
797	0.00000000
798	0.00000000
799	0.00000000
800	0.00000000
801	0.00000000
802	0.00000000
803	0.00000000
804	0.00000000
805	0.00000000
806	0.00000000
807	0.00000000
808	0.00000000
809	0.00000000
810	0.00000000
811	0.00000000
812	0.00000000
813	0.00000000
814	0.00000000
815	0.00000000
816	0.00000000
817	0.00000000
818	0.00000000
819	0.00000000
820	0.00000000
821	0.00000000
822	0.00000000
823	0.00000000
824	0.00000000
825	0.00000000
826	0.00000000
827	0.00000000
828	0.00000000
829	0.00000000
830	0.00000000
831	0.00000000
832	0.00000000
833	0.00000000
834	0.00000000
835	0.00000000
836	0.00000000
837	0.00000000
838	0.00000000
839	0.00000000
840	0.00000000
841	0.00000000
842	0.00000000
843	0.00000000
844	0.00000000
845	0.00000000
846	0.00000000
847	0.00000000
848	0.00000000
849	0.00000000
850	0.00000000
851	0.00000000
852	0.00000000
853	0.00000000
854	0.00000000
855	0.00000000
856	0.00000000
857	0.00000000
858	0.00000000
859	0.00000000
860	0.00000000
861	0.00000000
862	0.00000000
863	0.00000000
864	0.00000000
865	0.00000000
866	0.00000000
867	0.00000000
868	0.00000000
869	0.00000000
870	0.00000000
871	0.00000000
872	0.00000000
873	0.00000000
874	0.00000000
875	0.00000000
876	0.00000000
877	0.00000000
878	0.00000000
879	0.00000000
880	0.00000000
881	0.00000000
882	0.00000000
883	0.00000000
884	0.00000000
885	0.00000000
886	0.00000000
887	0.00000000
888	0.00000000
889	0.00000000
890	0.00000000
891	0.00000000
892	0.00000000
893	0.00000000
894	0.00000000
895	0.00000000
896	0.00000000
897	0.00000000
898	0.00000000
899	0.00000000
900	0.00000000
901	0.00000000
902	0.00000000
903	0.00000000
904	0.00000000
905	0.00000000
906	0.00000000
907	0.00000000
908	0.00000000
909	0.00000000
910	0.00000000
911	0.00000000
912	0.00000000
913	0.00000000
914	0.00000000
915	0.00000000
916	0.00000000
917	0.00000000
918	0.00000000
919	0.00000000
920	0.00000000
921	0.00000000
922	0.00000000
923	0.00000000
924	0.00000000
925	0.00000000
926	0.00000000
927	0.00000000
928	0.00000000
929	0.00000000
930	0.00000000
931	0.00000000
932	0.00000000
933	0.00000000
934	0.00000000
935	0.00000000
936	0.00000000
937	0.00000000
938	0.00000000
939	0.00000000
940	0.00000000
941	0.00000000
942	0.00000000
943	0.00000000
944	0.00000000
945	0.00000000
946	0.00000000
947	0.00000000
948	0.00000000
949	0.00000000
950	0.00000000
951	0.00000000
952	0.00000000
953	0.00000000
954	0.00000000
955	0.00000000
956	0.00000000
957	0.00000000
958	0.00000000
959	0.00000000
960	0.00000000
961	0.00000000
962	0.00000000
963	0.00000000
964	0.00000000
965	0.00000000
966	0.00000000
967	0.00000000
968	0.00000000
969	0.00000000
970	0.00000000
971	0.00000000
972	0.00000000
973	0.00000000
974	0.00000000
975	0.00000000
976	0.00000000
977	0.00000000
978	0.00000000
979	0.00000000
980	0.00000000
981	0.00000000
982	0.00000000
983	0.00000000
984	0.00000000
985	0.00000000
986	0.00000000
987	0.00000000
988	0.00000000
989	0.00000000
990	0.00000000
991	0.00000000
992	0.00000000
993	0.00000000
994	0.00000000
995	0.00000000
996	0.00000000
997	0.00000000
998	0.00000000
999	0.00000000
