0	0.00000000
1	0.00000000
2	0.00000000
3	0.00000000
4	0.00000000
5	0.00000000
6	0.00000000
7	0.00000000
8	0.00000000
9	0.00000000
10	0.00000000
11	0.00000000
12	0.00000000
13	0.00253077
14	0.01746478
15	0.01479918
16	0.02287360
17	0.02297785
18	0.03442422
19	0.04088709
20	0.04618488
21	0.04352259
22	0.04293258
23	0.03905652
24	0.03657164
25	0.03279703
26	0.02973350
27	0.02631149
28	0.02452723
29	0.02221246
30	0.02044621
31	0.01897966
32	0.01952074
33	0.02052611
34	0.02154771
35	0.02311296
36	0.02394206
37	0.02422376
38	0.02593737
39	0.02671463
40	0.02694037
41	0.02712118
42	0.02696179
43	0.02628222
44	0.02507272
45	0.02381991
46	0.02298386
47	0.02208887
48	0.02190464
49	0.02137963
50	0.02104302
51	0.02053034
52	0.02014576
53	0.01955588
54	0.01885630
55	0.01860759
56	0.01843164
57	0.01799583
58	0.01763334
59	0.01714545
60	0.01679092
61	0.01676014
62	0.01656262
63	0.01629749
64	0.01606421
65	0.01587943
66	0.01543672
67	0.01503699
68	0.01471496
69	0.01442541
70	0.01407485
71	0.01368728
72	0.01339346
73	0.01292590
74	0.01248719
75	0.01200355
76	0.01158268
77	0.01120480
78	0.01091324
79	0.01066680
80	0.01034465
81	0.01009825
82	0.00987174
83	0.00956568
84	0.00940851
85	0.00935192
86	0.00905086
87	0.00884497
88	0.00861300
89	0.00837361
90	0.00808066
91	0.00779293
92	0.00754921
93	0.00728962
94	0.00704093
95	0.00680728
96	0.00659140
97	0.00637114
98	0.00616002
99	0.00596382
100	0.00577344
101	0.00560672
102	0.00546384
103	0.00530392
104	0.00513967
105	0.00499125
106	0.00483683
107	0.00470811
108	0.00458020
109	0.00444085
110	0.00429594
111	0.00415995
112	0.00403434
113	0.00390344
114	0.00377909
115	0.00365928
116	0.00354406
117	0.00343278
118	0.00332592
119	0.00322144
120	0.00311986
121	0.00302226
122	0.00292760
123	0.00283604
124	0.00274903
125	0.00266634
126	0.00258269
127	0.00250367
128	0.00242484
129	0.00235007
130	0.00227707
131	0.00220707
132	0.00213892
133	0.00207271
134	0.00200842
135	0.00194617
136	0.00188578
137	0.00182726
138	0.00177051
139	0.00171552
140	0.00166223
141	0.00161058
142	0.00156054
143	0.00151205
144	0.00146506
145	0.00141953
146	0.00137542
147	0.00133269
148	0.00129131
149	0.00125121
150	0.00121237
151	0.00117473
152	0.00113826
153	0.00110293
154	0.00106869
155	0.00103552
156	0.00100338
157	0.00097224
158	0.00094207
159	0.00091283
160	0.00088450
161	0.00085704
162	0.00083044
163	0.00080467
164	0.00077969
165	0.00075549
166	0.00073203
167	0.00070931
168	0.00068729
169	0.00066595
170	0.00064528
171	0.00062525
172	0.00060584
173	0.00058703
174	0.00056880
175	0.00055115
176	0.00053404
177	0.00051746
178	0.00050139
179	0.00048583
180	0.00047075
181	0.00045613
182	0.00044197
183	0.00042825
184	0.00041496
185	0.00040208
186	0.00038960
187	0.00037750
188	0.00036578
189	0.00035443
190	0.00034343
191	0.00033276
192	0.00032243
193	0.00031243
194	0.00030273
195	0.00029333
196	0.00028422
197	0.00027540
198	0.00026685
199	0.00025857
200	0.00025054
201	0.00024276
202	0.00023523
203	0.00022792
204	0.00022085
205	0.00021399
206	0.00020735
207	0.00020091
208	0.00019468
209	0.00018863
210	0.00018278
211	0.00017710
212	0.00017161
213	0.00016628
214	0.00016112
215	0.00015612
216	0.00015127
217	0.00014657
218	0.00014202
219	0.00013761
220	0.00013334
221	0.00012920
222	0.00012519
223	0.00012131
224	0.00011754
225	0.00011389
226	0.00011036
227	0.00010693
228	0.00010361
229	0.00010039
230	0.00009728
231	0.00009426
232	0.00009133
233	0.00008850
234	0.00008575
235	0.00008309
236	0.00008051
237	0.00007801
238	0.00007559
239	0.00007324
240	0.00007097
241	0.00006876
242	0.00006663
243	0.00006456
244	0.00006256
245	0.00006061
246	0.00005873
247	0.00005691
248	0.00005514
249	0.00005343
250	0.00005177
251	0.00005017
252	0.00004861
253	0.00004710
254	0.00004564
255	0.00004422
256	0.00004285
257	0.00004152
258	0.00004023
259	0.00003898
260	0.00003777
261	0.00003660
262	0.00003546
263	0.00003436
264	0.00003329
265	0.00003226
266	0.00003126
267	0.00003029
268	0.00002935
269	0.00002844
270	0.00002755
271	0.00002670
272	0.00002587
273	0.00002507
274	0.00002429
275	0.00002353
276	0.00002280
277	0.00002210
278	0.00002141
279	0.00002075
280	0.00002010
281	0.00001948
282	0.00001887
283	0.00001829
284	0.00001772
285	0.00001717
286	0.00001664
287	0.00001612
288	0.00001562
289	0.00001513
290	0.00001466
291	0.00001421
292	0.00001377
293	0.00001334
294	0.00001293
295	0.00001253
296	0.00001214
297	0.00001176
298	0.00001140
299	0.00001104
300	0.00001070
301	0.00001037
302	0.00001004
303	0.00000973
304	0.00000943
305	0.00000914
306	0.00000885
307	0.00000858
308	0.00000831
309	0.00000805
310	0.00000780
311	0.00000756
312	0.00000733
313	0.00000710
314	0.00000688
315	0.00000667
316	0.00000646
317	0.00000626
318	0.00000606
319	0.00000588
320	0.00000569
321	0.00000552
322	0.00000535
323	0.00000518
324	0.00000502
325	0.00000486
326	0.00000471
327	0.00000457
328	0.00000442
329	0.00000429
330	0.00000415
331	0.00000402
332	0.00000390
333	0.00000378
334	0.00000366
335	0.00000355
336	0.00000344
337	0.00000333
338	0.00000323
339	0.00000313
340	0.00000303
341	0.00000294
342	0.00000285
343	0.00000276
344	0.00000267
345	0.00000259
346	0.00000251
347	0.00000243
348	0.00000235
349	0.00000228
350	0.00000221
351	0.00000214
352	0.00000208
353	0.00000201
354	0.00000195
355	0.00000189
356	0.00000183
357	0.00000177
358	0.00000172
359	0.00000166
360	0.00000161
361	0.00000156
362	0.00000151
363	0.00000147
364	0.00000142
365	0.00000138
366	0.00000133
367	0.00000129
368	0.00000125
369	0.00000121
370	0.00000118
371	0.00000114
372	0.00000110
373	0.00000107
374	0.00000104
375	0.00000100
376	0.00000097
377	0.00000094
378	0.00000091
379	0.00000089
380	0.00000086
381	0.00000083
382	0.00000081
383	0.00000078
384	0.00000076
385	0.00000073
386	0.00000071
387	0.00000069
388	0.00000067
389	0.00000065
390	0.00000063
391	0.00000061
392	0.00000059
393	0.00000057
394	0.00000055
395	0.00000053
396	0.00000052
397	0.00000050
398	0.00000049
399	0.00000047
400	0.00000046
401	0.00000044
402	0.00000043
403	0.00000042
404	0.00000040
405	0.00000039
406	0.00000038
407	0.00000037
408	0.00000035
409	0.00000034
410	0.00000033
411	0.00000032
412	0.00000031
413	0.00000030
414	0.00000029
415	0.00000028
416	0.00000028
417	0.00000027
418	0.00000026
419	0.00000025
420	0.00000024
421	0.00000024
422	0.00000023
423	0.00000022
424	0.00000021
425	0.00000021
426	0.00000020
427	0.00000019
428	0.00000019
429	0.00000018
430	0.00000018
431	0.00000017
432	0.00000017
433	0.00000016
434	0.00000016
435	0.00000015
436	0.00000015
437	0.00000014
438	0.00000014
439	0.00000013
440	0.00000013
441	0.00000013
442	0.00000012
443	0.00000012
444	0.00000011
445	0.00000011
446	0.00000011
447	0.00000010
448	0.00000010
449	0.00000010
450	0.00000009
451	0.00000009
452	0.00000009
453	0.00000009
454	0.00000008
455	0.00000008
456	0.00000008
457	0.00000008
458	0.00000007
459	0.00000007
460	0.00000007
461	0.00000007
462	0.00000006
463	0.00000006
464	0.00000006
465	0.00000006
466	0.00000006
467	0.00000006
468	0.00000005
469	0.00000005
470	0.00000005
471	0.00000005
472	0.00000005
473	0.00000005
474	0.00000004
475	0.00000004
476	0.00000004
477	0.00000004
478	0.00000004
479	0.00000004
480	0.00000004
481	0.00000004
482	0.00000003
483	0.00000003
484	0.00000003
485	0.00000003
486	0.00000003
487	0.00000003
488	0.00000003
489	0.00000003
490	0.00000003
491	0.00000003
492	0.00000003
493	0.00000002
494	0.00000002
495	0.00000002
496	0.00000002
497	0.00000002
498	0.00000002
499	0.00000002
500	0.00000002
501	0.00000002
502	0.00000002
503	0.00000002
504	0.00000002
505	0.00000002
506	0.00000002
507	0.00000002
508	0.00000002
509	0.00000001
510	0.00000001
511	0.00000001
512	0.00000001
513	0.00000001
514	0.00000001
515	0.00000001
516	0.00000001
517	0.00000001
518	0.00000001
519	0.00000001
520	0.00000001
521	0.00000001
522	0.00000001
523	0.00000001
524	0.00000001
525	0.00000001
526	0.00000001
527	0.00000001
528	0.00000001
529	0.00000001
530	0.00000001
531	0.00000001
532	0.00000001
533	0.00000001
534	0.00000001
535	0.00000001
536	0.00000001
537	0.00000001
538	0.00000001
539	0.00000001
540	0.00000001
541	0.00000001
542	0.00000001
543	0.00000001
544	0.00000000
545	0.00000000
546	0.00000000
547	0.00000000
548	0.00000000
549	0.00000000
550	0.00000000
551	0.00000000
552	0.00000000
553	0.00000000
554	0.00000000
555	0.00000000
556	0.00000000
557	0.00000000
558	0.00000000
559	0.00000000
560	0.00000000
561	0.00000000
562	0.00000000
563	0.00000000
564	0.00000000
565	0.00000000
566	0.00000000
567	0.00000000
568	0.00000000
569	0.00000000
570	0.00000000
571	0.00000000
572	0.00000000
573	0.00000000
574	0.00000000
575	0.00000000
576	0.00000000
577	0.00000000
578	0.00000000
579	0.00000000
580	0.00000000
581	0.00000000
582	0.00000000
583	0.00000000
584	0.00000000
585	0.00000000
586	0.00000000
587	0.00000000
588	0.00000000
589	0.00000000
590	0.00000000
591	0.00000000
592	0.00000000
593	0.00000000
594	0.00000000
595	0.00000000
596	0.00000000
597	0.00000000
598	0.00000000
599	0.00000000
600	0.00000000
601	0.00000000
602	0.00000000
603	0.00000000
604	0.00000000
605	0.00000000
606	0.00000000
607	0.00000000
608	0.00000000
609	0.00000000
610	0.00000000
611	0.00000000
612	0.00000000
613	0.00000000
614	0.00000000
615	0.00000000
616	0.00000000
617	0.00000000
618	0.00000000
619	0.00000000
620	0.00000000
621	0.00000000
622	0.00000000
623	0.00000000
624	0.00000000
625	0.00000000
626	0.00000000
627	0.00000000
628	0.00000000
629	0.00000000
630	0.00000000
631	0.00000000
632	0.00000000
633	0.00000000
634	0.00000000
635	0.00000000
636	0.00000000
637	0.00000000
638	0.00000000
639	0.00000000
640	0.00000000
641	0.00000000
642	0.00000000
643	0.00000000
644	0.00000000
645	0.00000000
646	0.00000000
647	0.00000000
648	0.00000000
649	0.00000000
650	0.00000000
651	0.00000000
652	0.00000000
653	0.00000000
654	0.00000000
655	0.00000000
656	0.00000000
657	0.00000000
658	0.00000000
659	0.00000000
660	0.00000000
661	0.00000000
662	0.00000000
663	0.00000000
664	0.00000000
665	0.00000000
666	0.00000000
667	0.00000000
668	0.00000000
669	0.00000000
670	0.00000000
671	0.00000000
672	0.00000000
673	0.00000000
674	0.00000000
675	0.00000000
676	0.00000000
677	0.00000000
678	0.00000000
679	0.00000000
680	0.00000000
681	0.00000000
682	0.00000000
683	0.00000000
684	0.00000000
685	0.00000000
686	0.00000000
687	0.00000000
688	0.00000000
689	0.00000000
690	0.00000000
691	0.00000000
692	0.00000000
693	0.00000000
694	0.00000000
695	0.00000000
696	0.00000000
697	0.00000000
698	0.00000000
699	0.00000000
700	0.00000000
701	0.00000000
702	0.00000000
703	0.00000000
704	0.00000000
705	0.00000000
706	0.00000000
707	0.00000000
708	0.00000000
709	0.00000000
710	0.00000000
711	0.00000000
712	0.00000000
713	0.00000000
714	0.00000000
715	0.00000000
716	0.00000000
717	0.00000000
718	0.00000000
719	0.00000000
720	0.00000000
721	0.00000000
722	0.00000000
723	0.00000000
724	0.00000000
725	0.00000000
726	0.00000000
727	0.00000000
728	0.00000000
729	0.00000000
730	0.00000000
731	0.00000000
732	0.00000000
733	0.00000000
734	0.00000000
735	0.00000000
736	0.00000000
737	0.00000000
738	0.00000000
739	0.00000000
740	0.00000000
741	0.00000000
742	0.00000000
743	0.00000000
744	0.00000000
745	0.00000000
746	0.00000000
747	0.00000000
748	0.00000000
749	0.00000000
750	0.00000000
751	0.00000000
752	0.00000000
753	0.00000000
754	0.00000000
755	0.00000000
756	0.00000000
757	0.00000000
758	0.00000000
759	0.00000000
760	0.00000000
761	0.00000000
762	0.00000000
763	0.00000000
764	0.00000000
765	0.00000000
766	0.00000000
767	0.00000000
768	0.00000000
769	0.00000000
770	0.00000000
771	0.00000000
772	0.00000000
773	0.00000000
774	0.00000000
775	0.00000000
776	0.00000000
777	0.00000000
778	0.00000000
779	0.00000000
780	0.00000000
781	0.00000000
782	0.00000000
783	0.00000000
784	0.00000000
785	0.00000000
786	0.00000000
787	0.00000000
788	0.00000000
789	0.00000000
790	0.00000000
791	0.00000000
792	0.00000000
793	0.00000000
794	0.00000000
795	0.00000000
796	0.00000000
797	0.00000000
798	0.00000000
799	0.00000000
800	0.00000000
801	0.00000000
802	0.00000000
803	0.00000000
804	0.00000000
805	0.00000000
806	0.00000000
807	0.00000000
808	0.00000000
809	0.00000000
810	0.00000000
811	0.00000000
812	0.00000000
813	0.00000000
814	0.00000000
815	0.00000000
816	0.00000000
817	0.00000000
818	0.00000000
819	0.00000000
820	0.00000000
821	0.00000000
822	0.00000000
823	0.00000000
824	0.00000000
825	0.00000000
826	0.00000000
827	0.00000000
828	0.00000000
829	0.00000000
830	0.00000000
831	0.00000000
832	0.00000000
833	0.00000000
834	0.00000000
835	0.00000000
836	0.00000000
837	0.00000000
838	0.00000000
839	0.00000000
840	0.00000000
841	0.00000000
842	0.00000000
843	0.00000000
844	0.00000000
845	0.00000000
846	0.00000000
847	0.00000000
848	0.00000000
849	0.00000000
850	0.00000000
851	0.00000000
852	0.00000000
853	0.00000000
854	0.00000000
855	0.00000000
856	0.00000000
857	0.00000000
858	0.00000000
859	0.00000000
860	0.00000000
861	0.00000000
862	0.00000000
863	0.00000000
864	0.00000000
865	0.00000000
866	0.00000000
867	0.00000000
868	0.00000000
869	0.00000000
870	0.00000000
871	0.00000000
872	0.00000000
873	0.00000000
874	0.00000000
875	0.00000000
876	0.00000000
877	0.00000000
878	0.00000000
879	0.00000000
880	0.00000000
881	0.00000000
882	0.00000000
883	0.00000000
884	0.00000000
885	0.00000000
886	0.00000000
887	0.00000000
888	0.00000000
889	0.00000000
890	0.00000000
891	0.00000000
892	0.00000000
893	0.00000000
894	0.00000000
895	0.00000000
896	0.00000000
897	0.00000000
898	0.00000000
899	0.00000000
900	0.00000000
901	0.00000000
902	0.00000000
903	0.00000000
904	0.00000000
905	0.00000000
906	0.00000000
907	0.00000000
908	0.00000000
909	0.00000000
910	0.00000000
911	0.00000000
912	0.00000000
913	0.00000000
914	0.00000000
915	0.00000000
916	0.00000000
917	0.00000000
918	0.00000000
919	0.00000000
920	0.00000000
921	0.00000000
922	0.00000000
923	0.00000000
924	0.00000000
925	0.00000000
926	0.00000000
927	0.00000000
928	0.00000000
929	0.00000000
930	0.00000000
931	0.00000000
932	0.00000000
933	0.00000000
934	0.00000000
935	0.00000000
936	0.00000000
937	0.00000000
938	0.00000000
939	0.00000000
940	0.00000000
941	0.00000000
942	0.00000000
943	0.00000000
944	0.00000000
945	0.00000000
946	0.00000000
947	0.00000000
948	0.00000000
949	0.00000000
950	0.00000000
951	0.00000000
952	0.00000000
953	0.00000000
954	0.00000000
955	0.00000000
956	0.00000000
957	0.00000000
958	0.00000000
959	0.00000000
960	0.00000000
961	0.00000000
962	0.00000000
963	0.00000000
964	0.00000000
965	0.00000000
966	0.00000000
967	0.00000000
968	0.00000000
969	0.00000000
970	0.00000000
971	0.00000000
972	0.00000000
973	0.00000000
974	0.00000000
975	0.00000000
976	0.00000000
977	0.00000000
978	0.00000000
979	0.00000000
980	0.00000000
981	0.00000000
982	0.00000000
983	0.00000000
984	0.00000000
985	0.00000000
986	0.00000000
987	0.00000000
988	0.00000000
989	0.00000000
990	0.00000000
991	0.00000000
992	0.00000000
993	0.00000000
994	0.00000000
995	0.00000000
996	0.00000000
997	0.00000000
998	0.00000000
999	0.00000000
