0	0.00000000
1	0.00000000
2	0.00000000
3	0.00000000
4	0.00000000
5	0.00000000
6	0.00000000
7	0.00000000
8	0.00000000
9	0.00000000
10	0.00000000
11	0.00000000
12	0.00000000
13	0.00820811
14	0.05436749
15	0.04396050
16	0.04775007
17	0.03781732
18	0.04011611
19	0.04117779
20	0.04205108
21	0.03741577
22	0.03409480
23	0.02980014
24	0.02655019
25	0.02384359
26	0.02202181
27	0.02039044
28	0.01972904
29	0.01859398
30	0.01783370
31	0.01745982
32	0.02105317
33	0.02486907
34	0.02571253
35	0.02790662
36	0.02933039
37	0.02865685
38	0.02792082
39	0.02785117
40	0.02685638
41	0.02661451
42	0.02598254
43	0.02560636
44	0.02500445
45	0.02469495
46	0.02437896
47	0.02362732
48	0.02321031
49	0.02255451
50	0.02183176
51	0.02122093
52	0.02046977
53	0.01984756
54	0.01918087
55	0.01940335
56	0.01948881
57	0.01928777
58	0.01925038
59	0.01879853
60	0.01828780
61	0.01781329
62	0.01743526
63	0.01723365
64	0.01705302
65	0.01689908
66	0.01655289
67	0.01611616
68	0.01563009
69	0.01526850
70	0.01484865
71	0.01440268
72	0.01404487
73	0.01357857
74	0.01314770
75	0.01265187
76	0.01228370
77	0.01193257
78	0.01174606
79	0.01158188
80	0.01131445
81	0.01104523
82	0.01082727
83	0.01051631
84	0.01026392
85	0.01004977
86	0.00976983
87	0.00953355
88	0.00923653
89	0.00897334
90	0.00867516
91	0.00840444
92	0.00812282
93	0.00786170
94	0.00759137
95	0.00735108
96	0.00712535
97	0.00689004
98	0.00666033
99	0.00645081
100	0.00625078
101	0.00607443
102	0.00593835
103	0.00579487
104	0.00561655
105	0.00546362
106	0.00529539
107	0.00512626
108	0.00496644
109	0.00481316
110	0.00465727
111	0.00451480
112	0.00437679
113	0.00423932
114	0.00410335
115	0.00397170
116	0.00384692
117	0.00372626
118	0.00360920
119	0.00349676
120	0.00338658
121	0.00328088
122	0.00317849
123	0.00307931
124	0.00298564
125	0.00289853
126	0.00280816
127	0.00272422
128	0.00263669
129	0.00255635
130	0.00247616
131	0.00239954
132	0.00232505
133	0.00225302
134	0.00218307
135	0.00211530
136	0.00204963
137	0.00198598
138	0.00192423
139	0.00186439
140	0.00180640
141	0.00175024
142	0.00169582
143	0.00164309
144	0.00159201
145	0.00154254
146	0.00149460
147	0.00144817
148	0.00140321
149	0.00135968
150	0.00131751
151	0.00127663
152	0.00123703
153	0.00119864
154	0.00116144
155	0.00112540
156	0.00109047
157	0.00105663
158	0.00102383
159	0.00099205
160	0.00096126
161	0.00093142
162	0.00090251
163	0.00087450
164	0.00084735
165	0.00082104
166	0.00079555
167	0.00077085
168	0.00074692
169	0.00072373
170	0.00070126
171	0.00067949
172	0.00065840
173	0.00063796
174	0.00061815
175	0.00059896
176	0.00058037
177	0.00056235
178	0.00054490
179	0.00052798
180	0.00051159
181	0.00049571
182	0.00048032
183	0.00046541
184	0.00045096
185	0.00043696
186	0.00042340
187	0.00041026
188	0.00039752
189	0.00038518
190	0.00037322
191	0.00036164
192	0.00035041
193	0.00033953
194	0.00032899
195	0.00031878
196	0.00030889
197	0.00029930
198	0.00029000
199	0.00028100
200	0.00027228
201	0.00026383
202	0.00025564
203	0.00024770
204	0.00024001
205	0.00023256
206	0.00022534
207	0.00021835
208	0.00021157
209	0.00020500
210	0.00019864
211	0.00019247
212	0.00018650
213	0.00018071
214	0.00017510
215	0.00016966
216	0.00016439
217	0.00015929
218	0.00015435
219	0.00014955
220	0.00014491
221	0.00014041
222	0.00013605
223	0.00013183
224	0.00012774
225	0.00012377
226	0.00011993
227	0.00011621
228	0.00011260
229	0.00010910
230	0.00010572
231	0.00010244
232	0.00009926
233	0.00009617
234	0.00009319
235	0.00009030
236	0.00008749
237	0.00008478
238	0.00008215
239	0.00007960
240	0.00007712
241	0.00007473
242	0.00007241
243	0.00007016
244	0.00006798
245	0.00006587
246	0.00006383
247	0.00006185
248	0.00005993
249	0.00005807
250	0.00005626
251	0.00005452
252	0.00005283
253	0.00005119
254	0.00004960
255	0.00004806
256	0.00004657
257	0.00004512
258	0.00004372
259	0.00004236
260	0.00004105
261	0.00003977
262	0.00003854
263	0.00003734
264	0.00003618
265	0.00003506
266	0.00003397
267	0.00003292
268	0.00003189
269	0.00003090
270	0.00002995
271	0.00002902
272	0.00002811
273	0.00002724
274	0.00002640
275	0.00002558
276	0.00002478
277	0.00002401
278	0.00002327
279	0.00002255
280	0.00002185
281	0.00002117
282	0.00002051
283	0.00001987
284	0.00001926
285	0.00001866
286	0.00001808
287	0.00001752
288	0.00001697
289	0.00001645
290	0.00001594
291	0.00001544
292	0.00001496
293	0.00001450
294	0.00001405
295	0.00001361
296	0.00001319
297	0.00001278
298	0.00001238
299	0.00001200
300	0.00001163
301	0.00001127
302	0.00001092
303	0.00001058
304	0.00001025
305	0.00000993
306	0.00000962
307	0.00000932
308	0.00000903
309	0.00000875
310	0.00000848
311	0.00000822
312	0.00000796
313	0.00000772
314	0.00000748
315	0.00000724
316	0.00000702
317	0.00000680
318	0.00000659
319	0.00000639
320	0.00000619
321	0.00000600
322	0.00000581
323	0.00000563
324	0.00000545
325	0.00000529
326	0.00000512
327	0.00000496
328	0.00000481
329	0.00000466
330	0.00000451
331	0.00000437
332	0.00000424
333	0.00000411
334	0.00000398
335	0.00000386
336	0.00000374
337	0.00000362
338	0.00000351
339	0.00000340
340	0.00000329
341	0.00000319
342	0.00000309
343	0.00000300
344	0.00000290
345	0.00000281
346	0.00000273
347	0.00000264
348	0.00000256
349	0.00000248
350	0.00000240
351	0.00000233
352	0.00000226
353	0.00000219
354	0.00000212
355	0.00000205
356	0.00000199
357	0.00000193
358	0.00000187
359	0.00000181
360	0.00000175
361	0.00000170
362	0.00000165
363	0.00000159
364	0.00000155
365	0.00000150
366	0.00000145
367	0.00000141
368	0.00000136
369	0.00000132
370	0.00000128
371	0.00000124
372	0.00000120
373	0.00000116
374	0.00000113
375	0.00000109
376	0.00000106
377	0.00000103
378	0.00000099
379	0.00000096
380	0.00000093
381	0.00000090
382	0.00000088
383	0.00000085
384	0.00000082
385	0.00000080
386	0.00000077
387	0.00000075
388	0.00000072
389	0.00000070
390	0.00000068
391	0.00000066
392	0.00000064
393	0.00000062
394	0.00000060
395	0.00000058
396	0.00000056
397	0.00000055
398	0.00000053
399	0.00000051
400	0.00000050
401	0.00000048
402	0.00000047
403	0.00000045
404	0.00000044
405	0.00000042
406	0.00000041
407	0.00000040
408	0.00000039
409	0.00000037
410	0.00000036
411	0.00000035
412	0.00000034
413	0.00000033
414	0.00000032
415	0.00000031
416	0.00000030
417	0.00000029
418	0.00000028
419	0.00000027
420	0.00000026
421	0.00000026
422	0.00000025
423	0.00000024
424	0.00000023
425	0.00000023
426	0.00000022
427	0.00000021
428	0.00000021
429	0.00000020
430	0.00000019
431	0.00000019
432	0.00000018
433	0.00000018
434	0.00000017
435	0.00000016
436	0.00000016
437	0.00000015
438	0.00000015
439	0.00000015
440	0.00000014
441	0.00000014
442	0.00000013
443	0.00000013
444	0.00000012
445	0.00000012
446	0.00000012
447	0.00000011
448	0.00000011
449	0.00000011
450	0.00000010
451	0.00000010
452	0.00000010
453	0.00000009
454	0.00000009
455	0.00000009
456	0.00000008
457	0.00000008
458	0.00000008
459	0.00000008
460	0.00000007
461	0.00000007
462	0.00000007
463	0.00000007
464	0.00000007
465	0.00000006
466	0.00000006
467	0.00000006
468	0.00000006
469	0.00000006
470	0.00000005
471	0.00000005
472	0.00000005
473	0.00000005
474	0.00000005
475	0.00000005
476	0.00000005
477	0.00000004
478	0.00000004
479	0.00000004
480	0.00000004
481	0.00000004
482	0.00000004
483	0.00000004
484	0.00000004
485	0.00000003
486	0.00000003
487	0.00000003
488	0.00000003
489	0.00000003
490	0.00000003
491	0.00000003
492	0.00000003
493	0.00000003
494	0.00000003
495	0.00000002
496	0.00000002
497	0.00000002
498	0.00000002
499	0.00000002
500	0.00000002
501	0.00000002
502	0.00000002
503	0.00000002
504	0.00000002
505	0.00000002
506	0.00000002
507	0.00000002
508	0.00000002
509	0.00000002
510	0.00000002
511	0.00000001
512	0.00000001
513	0.00000001
514	0.00000001
515	0.00000001
516	0.00000001
517	0.00000001
518	0.00000001
519	0.00000001
520	0.00000001
521	0.00000001
522	0.00000001
523	0.00000001
524	0.00000001
525	0.00000001
526	0.00000001
527	0.00000001
528	0.00000001
529	0.00000001
530	0.00000001
531	0.00000001
532	0.00000001
533	0.00000001
534	0.00000001
535	0.00000001
536	0.00000001
537	0.00000001
538	0.00000001
539	0.00000001
540	0.00000001
541	0.00000001
542	0.00000001
543	0.00000001
544	0.00000001
545	0.00000001
546	0.00000000
547	0.00000000
548	0.00000000
549	0.00000000
550	0.00000000
551	0.00000000
552	0.00000000
553	0.00000000
554	0.00000000
555	0.00000000
556	0.00000000
557	0.00000000
558	0.00000000
559	0.00000000
560	0.00000000
561	0.00000000
562	0.00000000
563	0.00000000
564	0.00000000
565	0.00000000
566	0.00000000
567	0.00000000
568	0.00000000
569	0.00000000
570	0.00000000
571	0.00000000
572	0.00000000
573	0.00000000
574	0.00000000
575	0.00000000
576	0.00000000
577	0.00000000
578	0.00000000
579	0.00000000
580	0.00000000
581	0.00000000
582	0.00000000
583	0.00000000
584	0.00000000
585	0.00000000
586	0.00000000
587	0.00000000
588	0.00000000
589	0.00000000
590	0.00000000
591	0.00000000
592	0.00000000
593	0.00000000
594	0.00000000
595	0.00000000
596	0.00000000
597	0.00000000
598	0.00000000
599	0.00000000
600	0.00000000
601	0.00000000
602	0.00000000
603	0.00000000
604	0.00000000
605	0.00000000
606	0.00000000
607	0.00000000
608	0.00000000
609	0.00000000
610	0.00000000
611	0.00000000
612	0.00000000
613	0.00000000
614	0.00000000
615	0.00000000
616	0.00000000
617	0.00000000
618	0.00000000
619	0.00000000
620	0.00000000
621	0.00000000
622	0.00000000
623	0.00000000
624	0.00000000
625	0.00000000
626	0.00000000
627	0.00000000
628	0.00000000
629	0.00000000
630	0.00000000
631	0.00000000
632	0.00000000
633	0.00000000
634	0.00000000
635	0.00000000
636	0.00000000
637	0.00000000
638	0.00000000
639	0.00000000
640	0.00000000
641	0.00000000
642	0.00000000
643	0.00000000
644	0.00000000
645	0.00000000
646	0.00000000
647	0.00000000
648	0.00000000
649	0.00000000
650	0.00000000
651	0.00000000
652	0.00000000
653	0.00000000
654	0.00000000
655	0.00000000
656	0.00000000
657	0.00000000
658	0.00000000
659	0.00000000
660	0.00000000
661	0.00000000
662	0.00000000
663	0.00000000
664	0.00000000
665	0.00000000
666	0.00000000
667	0.00000000
668	0.00000000
669	0.00000000
670	0.00000000
671	0.00000000
672	0.00000000
673	0.00000000
674	0.00000000
675	0.00000000
676	0.00000000
677	0.00000000
678	0.00000000
679	0.00000000
680	0.00000000
681	0.00000000
682	0.00000000
683	0.00000000
684	0.00000000
685	0.00000000
686	0.00000000
687	0.00000000
688	0.00000000
689	0.00000000
690	0.00000000
691	0.00000000
692	0.00000000
693	0.00000000
694	0.00000000
695	0.00000000
696	0.00000000
697	0.00000000
698	0.00000000
699	0.00000000
700	0.00000000
701	0.00000000
702	0.00000000
703	0.00000000
704	0.00000000
705	0.00000000
706	0.00000000
707	0.00000000
708	0.00000000
709	0.00000000
710	0.00000000
711	0.00000000
712	0.00000000
713	0.00000000
714	0.00000000
715	0.00000000
716	0.00000000
717	0.00000000
718	0.00000000
719	0.00000000
720	0.00000000
721	0.00000000
722	0.00000000
723	0.00000000
724	0.00000000
725	0.00000000
726	0.00000000
727	0.00000000
728	0.00000000
729	0.00000000
730	0.00000000
731	0.00000000
732	0.00000000
733	0.00000000
734	0.00000000
735	0.00000000
736	0.00000000
737	0.00000000
738	0.00000000
739	0.00000000
740	0.00000000
741	0.00000000
742	0.00000000
743	0.00000000
744	0.00000000
745	0.00000000
746	0.00000000
747	0.00000000
748	0.00000000
749	0.00000000
750	0.00000000
751	0.00000000
752	0.00000000
753	0.00000000
754	0.00000000
755	0.00000000
756	0.00000000
757	0.00000000
758	0.00000000
759	0.00000000
760	0.00000000
761	0.00000000
762	0.00000000
763	0.00000000
764	0.00000000
765	0.00000000
766	0.00000000
767	0.00000000
768	0.00000000
769	0.00000000
770	0.00000000
771	0.00000000
772	0.00000000
773	0.00000000
774	0.00000000
775	0.00000000
776	0.00000000
777	0.00000000
778	0.00000000
779	0.00000000
780	0.00000000
781	0.00000000
782	0.00000000
783	0.00000000
784	0.00000000
785	0.00000000
786	0.00000000
787	0.00000000
788	0.00000000
789	0.00000000
790	0.00000000
791	0.00000000
792	0.00000000
793	0.00000000
794	0.00000000
795	0.00000000
796	0.00000000
797	0.00000000
798	0.00000000
799	0.00000000
800	0.00000000
801	0.00000000
802	0.00000000
803	0.00000000
804	0.00000000
805	0.00000000
806	0.00000000
807	0.00000000
808	0.00000000
809	0.00000000
810	0.00000000
811	0.00000000
812	0.00000000
813	0.00000000
814	0.00000000
815	0.00000000
816	0.00000000
817	0.00000000
818	0.00000000
819	0.00000000
820	0.00000000
821	0.00000000
822	0.00000000
823	0.00000000
824	0.00000000
825	0.00000000
826	0.00000000
827	0.00000000
828	0.00000000
829	0.00000000
830	0.00000000
831	0.00000000
832	0.00000000
833	0.00000000
834	0.00000000
835	0.00000000
836	0.00000000
837	0.00000000
838	0.00000000
839	0.00000000
840	0.00000000
841	0.00000000
842	0.00000000
843	0.00000000
844	0.00000000
845	0.00000000
846	0.00000000
847	0.00000000
848	0.00000000
849	0.00000000
850	0.00000000
851	0.00000000
852	0.00000000
853	0.00000000
854	0.00000000
855	0.00000000
856	0.00000000
857	0.00000000
858	0.00000000
859	0.00000000
860	0.00000000
861	0.00000000
862	0.00000000
863	0.00000000
864	0.00000000
865	0.00000000
866	0.00000000
867	0.00000000
868	0.00000000
869	0.00000000
870	0.00000000
871	0.00000000
872	0.00000000
873	0.00000000
874	0.00000000
875	0.00000000
876	0.00000000
877	0.00000000
878	0.00000000
879	0.00000000
880	0.00000000
881	0.00000000
882	0.00000000
883	0.00000000
884	0.00000000
885	0.00000000
886	0.00000000
887	0.00000000
888	0.00000000
889	0.00000000
890	0.00000000
891	0.00000000
892	0.00000000
893	0.00000000
894	0.00000000
895	0.00000000
896	0.00000000
897	0.00000000
898	0.00000000
899	0.00000000
900	0.00000000
901	0.00000000
902	0.00000000
903	0.00000000
904	0.00000000
905	0.00000000
906	0.00000000
907	0.00000000
908	0.00000000
909	0.00000000
910	0.00000000
911	0.00000000
912	0.00000000
913	0.00000000
914	0.00000000
915	0.00000000
916	0.00000000
917	0.00000000
918	0.00000000
919	0.00000000
920	0.00000000
921	0.00000000
922	0.00000000
923	0.00000000
924	0.00000000
925	0.00000000
926	0.00000000
927	0.00000000
928	0.00000000
929	0.00000000
930	0.00000000
931	0.00000000
932	0.00000000
933	0.00000000
934	0.00000000
935	0.00000000
936	0.00000000
937	0.00000000
938	0.00000000
939	0.00000000
940	0.00000000
941	0.00000000
942	0.00000000
943	0.00000000
944	0.00000000
945	0.00000000
946	0.00000000
947	0.00000000
948	0.00000000
949	0.00000000
950	0.00000000
951	0.00000000
952	0.00000000
953	0.00000000
954	0.00000000
955	0.00000000
956	0.00000000
957	0.00000000
958	0.00000000
959	0.00000000
960	0.00000000
961	0.00000000
962	0.00000000
963	0.00000000
964	0.00000000
965	0.00000000
966	0.00000000
967	0.00000000
968	0.00000000
969	0.00000000
970	0.00000000
971	0.00000000
972	0.00000000
973	0.00000000
974	0.00000000
975	0.00000000
976	0.00000000
977	0.00000000
978	0.00000000
979	0.00000000
980	0.00000000
981	0.00000000
982	0.00000000
983	0.00000000
984	0.00000000
985	0.00000000
986	0.00000000
987	0.00000000
988	0.00000000
989	0.00000000
990	0.00000000
991	0.00000000
992	0.00000000
993	0.00000000
994	0.00000000
995	0.00000000
996	0.00000000
997	0.00000000
998	0.00000000
999	0.00000000
