0	0.00000000
1	0.00000000
2	0.00000000
3	0.00000000
4	0.00000000
5	0.00000000
6	0.00000000
7	0.00000000
8	0.00000000
9	0.00000000
10	0.00000000
11	0.00000000
12	0.00000000
13	0.00789526
14	0.05237408
15	0.04261034
16	0.04603638
17	0.03607459
18	0.03919006
19	0.04111386
20	0.04184805
21	0.03824942
22	0.03461021
23	0.02985703
24	0.02612401
25	0.02322258
26	0.02127633
27	0.01956569
28	0.01897447
29	0.01811578
30	0.01735504
31	0.01715983
32	0.02056983
33	0.02501776
34	0.02634420
35	0.02858084
36	0.03006642
37	0.02932377
38	0.02821899
39	0.02790606
40	0.02678690
41	0.02639015
42	0.02593434
43	0.02553377
44	0.02491244
45	0.02478578
46	0.02447502
47	0.02371092
48	0.02330954
49	0.02256952
50	0.02184882
51	0.02123169
52	0.02050134
53	0.01988027
54	0.01923173
55	0.01938212
56	0.01960412
57	0.01948190
58	0.01940632
59	0.01898522
60	0.01845711
61	0.01792707
62	0.01756700
63	0.01727239
64	0.01712428
65	0.01697002
66	0.01662421
67	0.01617619
68	0.01568203
69	0.01529308
70	0.01489463
71	0.01445122
72	0.01412328
73	0.01363939
74	0.01323136
75	0.01272433
76	0.01232903
77	0.01199556
78	0.01178439
79	0.01163423
80	0.01137241
81	0.01112106
82	0.01089718
83	0.01058739
84	0.01034851
85	0.01012594
86	0.00983314
87	0.00958869
88	0.00927606
89	0.00901371
90	0.00870864
91	0.00845190
92	0.00817294
93	0.00790541
94	0.00763977
95	0.00739984
96	0.00716505
97	0.00693130
98	0.00669955
99	0.00648691
100	0.00628551
101	0.00610781
102	0.00596948
103	0.00583464
104	0.00565945
105	0.00550117
106	0.00533641
107	0.00516290
108	0.00499861
109	0.00484255
110	0.00468385
111	0.00454232
112	0.00440270
113	0.00426502
114	0.00412836
115	0.00399710
116	0.00387085
117	0.00374916
118	0.00363095
119	0.00351798
120	0.00340715
121	0.00330085
122	0.00319775
123	0.00309802
124	0.00300367
125	0.00291635
126	0.00282474
127	0.00274253
128	0.00265312
129	0.00257251
130	0.00249188
131	0.00241467
132	0.00233964
133	0.00226709
134	0.00219664
135	0.00212848
136	0.00206239
137	0.00199835
138	0.00193623
139	0.00187600
140	0.00181764
141	0.00176112
142	0.00170636
143	0.00165330
144	0.00160190
145	0.00155211
146	0.00150387
147	0.00145715
148	0.00141192
149	0.00136812
150	0.00132569
151	0.00128456
152	0.00124471
153	0.00120609
154	0.00116866
155	0.00113240
156	0.00109725
157	0.00106320
158	0.00103020
159	0.00099822
160	0.00096724
161	0.00093722
162	0.00090812
163	0.00087993
164	0.00085262
165	0.00082615
166	0.00080050
167	0.00077565
168	0.00075157
169	0.00072823
170	0.00070562
171	0.00068372
172	0.00066249
173	0.00064192
174	0.00062200
175	0.00060269
176	0.00058398
177	0.00056585
178	0.00054828
179	0.00053126
180	0.00051477
181	0.00049879
182	0.00048331
183	0.00046831
184	0.00045377
185	0.00043968
186	0.00042603
187	0.00041281
188	0.00039999
189	0.00038758
190	0.00037554
191	0.00036389
192	0.00035259
193	0.00034165
194	0.00033104
195	0.00032076
196	0.00031081
197	0.00030116
198	0.00029181
199	0.00028275
200	0.00027397
201	0.00026547
202	0.00025723
203	0.00024924
204	0.00024150
205	0.00023401
206	0.00022674
207	0.00021970
208	0.00021288
209	0.00020627
210	0.00019987
211	0.00019367
212	0.00018765
213	0.00018183
214	0.00017619
215	0.00017072
216	0.00016542
217	0.00016028
218	0.00015531
219	0.00015048
220	0.00014581
221	0.00014129
222	0.00013690
223	0.00013265
224	0.00012853
225	0.00012454
226	0.00012068
227	0.00011693
228	0.00011330
229	0.00010978
230	0.00010638
231	0.00010307
232	0.00009987
233	0.00009677
234	0.00009377
235	0.00009086
236	0.00008804
237	0.00008530
238	0.00008266
239	0.00008009
240	0.00007760
241	0.00007520
242	0.00007286
243	0.00007060
244	0.00006841
245	0.00006628
246	0.00006423
247	0.00006223
248	0.00006030
249	0.00005843
250	0.00005661
251	0.00005486
252	0.00005315
253	0.00005150
254	0.00004991
255	0.00004836
256	0.00004686
257	0.00004540
258	0.00004399
259	0.00004263
260	0.00004130
261	0.00004002
262	0.00003878
263	0.00003757
264	0.00003641
265	0.00003528
266	0.00003418
267	0.00003312
268	0.00003209
269	0.00003110
270	0.00003013
271	0.00002920
272	0.00002829
273	0.00002741
274	0.00002656
275	0.00002574
276	0.00002494
277	0.00002416
278	0.00002341
279	0.00002269
280	0.00002198
281	0.00002130
282	0.00002064
283	0.00002000
284	0.00001938
285	0.00001878
286	0.00001819
287	0.00001763
288	0.00001708
289	0.00001655
290	0.00001604
291	0.00001554
292	0.00001506
293	0.00001459
294	0.00001414
295	0.00001370
296	0.00001327
297	0.00001286
298	0.00001246
299	0.00001207
300	0.00001170
301	0.00001134
302	0.00001098
303	0.00001064
304	0.00001031
305	0.00000999
306	0.00000968
307	0.00000938
308	0.00000909
309	0.00000881
310	0.00000853
311	0.00000827
312	0.00000801
313	0.00000776
314	0.00000752
315	0.00000729
316	0.00000706
317	0.00000684
318	0.00000663
319	0.00000643
320	0.00000623
321	0.00000603
322	0.00000585
323	0.00000566
324	0.00000549
325	0.00000532
326	0.00000515
327	0.00000499
328	0.00000484
329	0.00000469
330	0.00000454
331	0.00000440
332	0.00000426
333	0.00000413
334	0.00000400
335	0.00000388
336	0.00000376
337	0.00000364
338	0.00000353
339	0.00000342
340	0.00000331
341	0.00000321
342	0.00000311
343	0.00000301
344	0.00000292
345	0.00000283
346	0.00000274
347	0.00000266
348	0.00000257
349	0.00000250
350	0.00000242
351	0.00000234
352	0.00000227
353	0.00000220
354	0.00000213
355	0.00000206
356	0.00000200
357	0.00000194
358	0.00000188
359	0.00000182
360	0.00000176
361	0.00000171
362	0.00000166
363	0.00000160
364	0.00000155
365	0.00000151
366	0.00000146
367	0.00000141
368	0.00000137
369	0.00000133
370	0.00000129
371	0.00000125
372	0.00000121
373	0.00000117
374	0.00000113
375	0.00000110
376	0.00000106
377	0.00000103
378	0.00000100
379	0.00000097
380	0.00000094
381	0.00000091
382	0.00000088
383	0.00000085
384	0.00000083
385	0.00000080
386	0.00000078
387	0.00000075
388	0.00000073
389	0.00000071
390	0.00000068
391	0.00000066
392	0.00000064
393	0.00000062
394	0.00000060
395	0.00000058
396	0.00000057
397	0.00000055
398	0.00000053
399	0.00000052
400	0.00000050
401	0.00000048
402	0.00000047
403	0.00000045
404	0.00000044
405	0.00000043
406	0.00000041
407	0.00000040
408	0.00000039
409	0.00000038
410	0.00000036
411	0.00000035
412	0.00000034
413	0.00000033
414	0.00000032
415	0.00000031
416	0.00000030
417	0.00000029
418	0.00000028
419	0.00000027
420	0.00000027
421	0.00000026
422	0.00000025
423	0.00000024
424	0.00000023
425	0.00000023
426	0.00000022
427	0.00000021
428	0.00000021
429	0.00000020
430	0.00000019
431	0.00000019
432	0.00000018
433	0.00000018
434	0.00000017
435	0.00000017
436	0.00000016
437	0.00000016
438	0.00000015
439	0.00000015
440	0.00000014
441	0.00000014
442	0.00000013
443	0.00000013
444	0.00000012
445	0.00000012
446	0.00000012
447	0.00000011
448	0.00000011
449	0.00000011
450	0.00000010
451	0.00000010
452	0.00000010
453	0.00000009
454	0.00000009
455	0.00000009
456	0.00000009
457	0.00000008
458	0.00000008
459	0.00000008
460	0.00000008
461	0.00000007
462	0.00000007
463	0.00000007
464	0.00000007
465	0.00000006
466	0.00000006
467	0.00000006
468	0.00000006
469	0.00000006
470	0.00000005
471	0.00000005
472	0.00000005
473	0.00000005
474	0.00000005
475	0.00000005
476	0.00000005
477	0.00000004
478	0.00000004
479	0.00000004
480	0.00000004
481	0.00000004
482	0.00000004
483	0.00000004
484	0.00000004
485	0.00000003
486	0.00000003
487	0.00000003
488	0.00000003
489	0.00000003
490	0.00000003
491	0.00000003
492	0.00000003
493	0.00000003
494	0.00000003
495	0.00000002
496	0.00000002
497	0.00000002
498	0.00000002
499	0.00000002
500	0.00000002
501	0.00000002
502	0.00000002
503	0.00000002
504	0.00000002
505	0.00000002
506	0.00000002
507	0.00000002
508	0.00000002
509	0.00000002
510	0.00000002
511	0.00000002
512	0.00000001
513	0.00000001
514	0.00000001
515	0.00000001
516	0.00000001
517	0.00000001
518	0.00000001
519	0.00000001
520	0.00000001
521	0.00000001
522	0.00000001
523	0.00000001
524	0.00000001
525	0.00000001
526	0.00000001
527	0.00000001
528	0.00000001
529	0.00000001
530	0.00000001
531	0.00000001
532	0.00000001
533	0.00000001
534	0.00000001
535	0.00000001
536	0.00000001
537	0.00000001
538	0.00000001
539	0.00000001
540	0.00000001
541	0.00000001
542	0.00000001
543	0.00000001
544	0.00000001
545	0.00000001
546	0.00000001
547	0.00000000
548	0.00000000
549	0.00000000
550	0.00000000
551	0.00000000
552	0.00000000
553	0.00000000
554	0.00000000
555	0.00000000
556	0.00000000
557	0.00000000
558	0.00000000
559	0.00000000
560	0.00000000
561	0.00000000
562	0.00000000
563	0.00000000
564	0.00000000
565	0.00000000
566	0.00000000
567	0.00000000
568	0.00000000
569	0.00000000
570	0.00000000
571	0.00000000
572	0.00000000
573	0.00000000
574	0.00000000
575	0.00000000
576	0.00000000
577	0.00000000
578	0.00000000
579	0.00000000
580	0.00000000
581	0.00000000
582	0.00000000
583	0.00000000
584	0.00000000
585	0.00000000
586	0.00000000
587	0.00000000
588	0.00000000
589	0.00000000
590	0.00000000
591	0.00000000
592	0.00000000
593	0.00000000
594	0.00000000
595	0.00000000
596	0.00000000
597	0.00000000
598	0.00000000
599	0.00000000
600	0.00000000
601	0.00000000
602	0.00000000
603	0.00000000
604	0.00000000
605	0.00000000
606	0.00000000
607	0.00000000
608	0.00000000
609	0.00000000
610	0.00000000
611	0.00000000
612	0.00000000
613	0.00000000
614	0.00000000
615	0.00000000
616	0.00000000
617	0.00000000
618	0.00000000
619	0.00000000
620	0.00000000
621	0.00000000
622	0.00000000
623	0.00000000
624	0.00000000
625	0.00000000
626	0.00000000
627	0.00000000
628	0.00000000
629	0.00000000
630	0.00000000
631	0.00000000
632	0.00000000
633	0.00000000
634	0.00000000
635	0.00000000
636	0.00000000
637	0.00000000
638	0.00000000
639	0.00000000
640	0.00000000
641	0.00000000
642	0.00000000
643	0.00000000
644	0.00000000
645	0.00000000
646	0.00000000
647	0.00000000
648	0.00000000
649	0.00000000
650	0.00000000
651	0.00000000
652	0.00000000
653	0.00000000
654	0.00000000
655	0.00000000
656	0.00000000
657	0.00000000
658	0.00000000
659	0.00000000
660	0.00000000
661	0.00000000
662	0.00000000
663	0.00000000
664	0.00000000
665	0.00000000
666	0.00000000
667	0.00000000
668	0.00000000
669	0.00000000
670	0.00000000
671	0.00000000
672	0.00000000
673	0.00000000
674	0.00000000
675	0.00000000
676	0.00000000
677	0.00000000
678	0.00000000
679	0.00000000
680	0.00000000
681	0.00000000
682	0.00000000
683	0.00000000
684	0.00000000
685	0.00000000
686	0.00000000
687	0.00000000
688	0.00000000
689	0.00000000
690	0.00000000
691	0.00000000
692	0.00000000
693	0.00000000
694	0.00000000
695	0.00000000
696	0.00000000
697	0.00000000
698	0.00000000
699	0.00000000
700	0.00000000
701	0.00000000
702	0.00000000
703	0.00000000
704	0.00000000
705	0.00000000
706	0.00000000
707	0.00000000
708	0.00000000
709	0.00000000
710	0.00000000
711	0.00000000
712	0.00000000
713	0.00000000
714	0.00000000
715	0.00000000
716	0.00000000
717	0.00000000
718	0.00000000
719	0.00000000
720	0.00000000
721	0.00000000
722	0.00000000
723	0.00000000
724	0.00000000
725	0.00000000
726	0.00000000
727	0.00000000
728	0.00000000
729	0.00000000
730	0.00000000
731	0.00000000
732	0.00000000
733	0.00000000
734	0.00000000
735	0.00000000
736	0.00000000
737	0.00000000
738	0.00000000
739	0.00000000
740	0.00000000
741	0.00000000
742	0.00000000
743	0.00000000
744	0.00000000
745	0.00000000
746	0.00000000
747	0.00000000
748	0.00000000
749	0.00000000
750	0.00000000
751	0.00000000
752	0.00000000
753	0.00000000
754	0.00000000
755	0.00000000
756	0.00000000
757	0.00000000
758	0.00000000
759	0.00000000
760	0.00000000
761	0.00000000
762	0.00000000
763	0.00000000
764	0.00000000
765	0.00000000
766	0.00000000
767	0.00000000
768	0.00000000
769	0.00000000
770	0.00000000
771	0.00000000
772	0.00000000
773	0.00000000
774	0.00000000
775	0.00000000
776	0.00000000
777	0.00000000
778	0.00000000
779	0.00000000
780	0.00000000
781	0.00000000
782	0.00000000
783	0.00000000
784	0.00000000
785	0.00000000
786	0.00000000
787	0.00000000
788	0.00000000
789	0.00000000
790	0.00000000
791	0.00000000
792	0.00000000
793	0.00000000
794	0.00000000
795	0.00000000
796	0.00000000
797	0.00000000
798	0.00000000
799	0.00000000
800	0.00000000
801	0.00000000
802	0.00000000
803	0.00000000
804	0.00000000
805	0.00000000
806	0.00000000
807	0.00000000
808	0.00000000
809	0.00000000
810	0.00000000
811	0.00000000
812	0.00000000
813	0.00000000
814	0.00000000
815	0.00000000
816	0.00000000
817	0.00000000
818	0.00000000
819	0.00000000
820	0.00000000
821	0.00000000
822	0.00000000
823	0.00000000
824	0.00000000
825	0.00000000
826	0.00000000
827	0.00000000
828	0.00000000
829	0.00000000
830	0.00000000
831	0.00000000
832	0.00000000
833	0.00000000
834	0.00000000
835	0.00000000
836	0.00000000
837	0.00000000
838	0.00000000
839	0.00000000
840	0.00000000
841	0.00000000
842	0.00000000
843	0.00000000
844	0.00000000
845	0.00000000
846	0.00000000
847	0.00000000
848	0.00000000
849	0.00000000
850	0.00000000
851	0.00000000
852	0.00000000
853	0.00000000
854	0.00000000
855	0.00000000
856	0.00000000
857	0.00000000
858	0.00000000
859	0.00000000
860	0.00000000
861	0.00000000
862	0.00000000
863	0.00000000
864	0.00000000
865	0.00000000
866	0.00000000
867	0.00000000
868	0.00000000
869	0.00000000
870	0.00000000
871	0.00000000
872	0.00000000
873	0.00000000
874	0.00000000
875	0.00000000
876	0.00000000
877	0.00000000
878	0.00000000
879	0.00000000
880	0.00000000
881	0.00000000
882	0.00000000
883	0.00000000
884	0.00000000
885	0.00000000
886	0.00000000
887	0.00000000
888	0.00000000
889	0.00000000
890	0.00000000
891	0.00000000
892	0.00000000
893	0.00000000
894	0.00000000
895	0.00000000
896	0.00000000
897	0.00000000
898	0.00000000
899	0.00000000
900	0.00000000
901	0.00000000
902	0.00000000
903	0.00000000
904	0.00000000
905	0.00000000
906	0.00000000
907	0.00000000
908	0.00000000
909	0.00000000
910	0.00000000
911	0.00000000
912	0.00000000
913	0.00000000
914	0.00000000
915	0.00000000
916	0.00000000
917	0.00000000
918	0.00000000
919	0.00000000
920	0.00000000
921	0.00000000
922	0.00000000
923	0.00000000
924	0.00000000
925	0.00000000
926	0.00000000
927	0.00000000
928	0.00000000
929	0.00000000
930	0.00000000
931	0.00000000
932	0.00000000
933	0.00000000
934	0.00000000
935	0.00000000
936	0.00000000
937	0.00000000
938	0.00000000
939	0.00000000
940	0.00000000
941	0.00000000
942	0.00000000
943	0.00000000
944	0.00000000
945	0.00000000
946	0.00000000
947	0.00000000
948	0.00000000
949	0.00000000
950	0.00000000
951	0.00000000
952	0.00000000
953	0.00000000
954	0.00000000
955	0.00000000
956	0.00000000
957	0.00000000
958	0.00000000
959	0.00000000
960	0.00000000
961	0.00000000
962	0.00000000
963	0.00000000
964	0.00000000
965	0.00000000
966	0.00000000
967	0.00000000
968	0.00000000
969	0.00000000
970	0.00000000
971	0.00000000
972	0.00000000
973	0.00000000
974	0.00000000
975	0.00000000
976	0.00000000
977	0.00000000
978	0.00000000
979	0.00000000
980	0.00000000
981	0.00000000
982	0.00000000
983	0.00000000
984	0.00000000
985	0.00000000
986	0.00000000
987	0.00000000
988	0.00000000
989	0.00000000
990	0.00000000
991	0.00000000
992	0.00000000
993	0.00000000
994	0.00000000
995	0.00000000
996	0.00000000
997	0.00000000
998	0.00000000
999	0.00000000
