0	0.00000000
1	0.00000000
2	0.00000000
3	0.00000000
4	0.00000000
5	0.00000000
6	0.00000000
7	0.00000000
8	0.00000000
9	0.00000000
10	0.00000000
11	0.00000000
12	0.00000000
13	0.00374313
14	0.02554825
15	0.02141192
16	0.02725567
17	0.02661527
18	0.03489652
19	0.04026000
20	0.04379536
21	0.04107939
22	0.03813038
23	0.03412041
24	0.03152441
25	0.02845982
26	0.02615332
27	0.02381390
28	0.02271699
29	0.02110896
30	0.01985072
31	0.01891385
32	0.02090743
33	0.02315229
34	0.02459658
35	0.02668589
36	0.02756098
37	0.02737388
38	0.02700537
39	0.02727239
40	0.02638061
41	0.02611615
42	0.02573603
43	0.02528503
44	0.02456055
45	0.02397506
46	0.02349751
47	0.02283967
48	0.02266575
49	0.02225863
50	0.02164950
51	0.02130435
52	0.02044913
53	0.01984837
54	0.01913428
55	0.01913823
56	0.01920739
57	0.01893370
58	0.01864648
59	0.01818388
60	0.01769197
61	0.01725668
62	0.01688756
63	0.01664203
64	0.01642900
65	0.01634838
66	0.01600403
67	0.01562277
68	0.01530499
69	0.01490503
70	0.01451284
71	0.01408961
72	0.01373751
73	0.01328543
74	0.01287477
75	0.01237708
76	0.01200607
77	0.01165231
78	0.01143391
79	0.01123823
80	0.01090447
81	0.01066412
82	0.01041128
83	0.01007753
84	0.00985475
85	0.00967569
86	0.00941506
87	0.00920340
88	0.00891262
89	0.00868810
90	0.00840123
91	0.00813106
92	0.00786575
93	0.00760474
94	0.00735195
95	0.00711235
96	0.00689252
97	0.00666477
98	0.00644075
99	0.00623605
100	0.00604002
101	0.00587411
102	0.00573536
103	0.00558097
104	0.00540380
105	0.00524839
106	0.00508782
107	0.00492729
108	0.00478015
109	0.00464303
110	0.00448681
111	0.00435472
112	0.00422164
113	0.00408702
114	0.00395551
115	0.00383171
116	0.00370985
117	0.00359372
118	0.00348126
119	0.00337360
120	0.00326638
121	0.00316426
122	0.00306536
123	0.00296954
124	0.00287977
125	0.00279342
126	0.00270642
127	0.00262408
128	0.00254091
129	0.00246266
130	0.00238581
131	0.00231199
132	0.00224042
133	0.00217107
134	0.00210374
135	0.00203852
136	0.00197528
137	0.00191396
138	0.00185451
139	0.00179688
140	0.00174104
141	0.00168693
142	0.00163450
143	0.00158370
144	0.00153449
145	0.00148681
146	0.00144060
147	0.00139585
148	0.00135252
149	0.00131055
150	0.00126988
151	0.00123047
152	0.00119228
153	0.00115527
154	0.00111941
155	0.00108467
156	0.00105100
157	0.00101838
158	0.00098677
159	0.00095614
160	0.00092647
161	0.00089771
162	0.00086985
163	0.00084285
164	0.00081668
165	0.00079133
166	0.00076676
167	0.00074296
168	0.00071989
169	0.00069755
170	0.00067589
171	0.00065491
172	0.00063458
173	0.00061488
174	0.00059579
175	0.00057729
176	0.00055937
177	0.00054201
178	0.00052518
179	0.00050888
180	0.00049308
181	0.00047777
182	0.00046294
183	0.00044857
184	0.00043465
185	0.00042115
186	0.00040808
187	0.00039541
188	0.00038314
189	0.00037124
190	0.00035972
191	0.00034855
192	0.00033773
193	0.00032725
194	0.00031709
195	0.00030725
196	0.00029771
197	0.00028847
198	0.00027951
199	0.00027083
200	0.00026243
201	0.00025428
202	0.00024639
203	0.00023874
204	0.00023133
205	0.00022415
206	0.00021719
207	0.00021045
208	0.00020391
209	0.00019758
210	0.00019145
211	0.00018551
212	0.00017975
213	0.00017417
214	0.00016876
215	0.00016352
216	0.00015845
217	0.00015353
218	0.00014876
219	0.00014414
220	0.00013967
221	0.00013533
222	0.00013113
223	0.00012706
224	0.00012312
225	0.00011929
226	0.00011559
227	0.00011200
228	0.00010853
229	0.00010516
230	0.00010189
231	0.00009873
232	0.00009566
233	0.00009269
234	0.00008982
235	0.00008703
236	0.00008433
237	0.00008171
238	0.00007917
239	0.00007672
240	0.00007433
241	0.00007203
242	0.00006979
243	0.00006762
244	0.00006552
245	0.00006349
246	0.00006152
247	0.00005961
248	0.00005776
249	0.00005597
250	0.00005423
251	0.00005255
252	0.00005091
253	0.00004933
254	0.00004780
255	0.00004632
256	0.00004488
257	0.00004349
258	0.00004214
259	0.00004083
260	0.00003956
261	0.00003833
262	0.00003714
263	0.00003599
264	0.00003487
265	0.00003379
266	0.00003274
267	0.00003173
268	0.00003074
269	0.00002979
270	0.00002886
271	0.00002797
272	0.00002710
273	0.00002626
274	0.00002544
275	0.00002465
276	0.00002389
277	0.00002314
278	0.00002243
279	0.00002173
280	0.00002106
281	0.00002040
282	0.00001977
283	0.00001915
284	0.00001856
285	0.00001798
286	0.00001743
287	0.00001688
288	0.00001636
289	0.00001585
290	0.00001536
291	0.00001488
292	0.00001442
293	0.00001397
294	0.00001354
295	0.00001312
296	0.00001271
297	0.00001232
298	0.00001194
299	0.00001157
300	0.00001121
301	0.00001086
302	0.00001052
303	0.00001019
304	0.00000988
305	0.00000957
306	0.00000927
307	0.00000899
308	0.00000871
309	0.00000844
310	0.00000818
311	0.00000792
312	0.00000768
313	0.00000744
314	0.00000721
315	0.00000698
316	0.00000677
317	0.00000656
318	0.00000635
319	0.00000616
320	0.00000596
321	0.00000578
322	0.00000560
323	0.00000543
324	0.00000526
325	0.00000509
326	0.00000494
327	0.00000478
328	0.00000463
329	0.00000449
330	0.00000435
331	0.00000422
332	0.00000409
333	0.00000396
334	0.00000384
335	0.00000372
336	0.00000360
337	0.00000349
338	0.00000338
339	0.00000328
340	0.00000317
341	0.00000308
342	0.00000298
343	0.00000289
344	0.00000280
345	0.00000271
346	0.00000263
347	0.00000255
348	0.00000247
349	0.00000239
350	0.00000232
351	0.00000224
352	0.00000217
353	0.00000211
354	0.00000204
355	0.00000198
356	0.00000192
357	0.00000186
358	0.00000180
359	0.00000174
360	0.00000169
361	0.00000164
362	0.00000159
363	0.00000154
364	0.00000149
365	0.00000144
366	0.00000140
367	0.00000135
368	0.00000131
369	0.00000127
370	0.00000123
371	0.00000119
372	0.00000116
373	0.00000112
374	0.00000109
375	0.00000105
376	0.00000102
377	0.00000099
378	0.00000096
379	0.00000093
380	0.00000090
381	0.00000087
382	0.00000084
383	0.00000082
384	0.00000079
385	0.00000077
386	0.00000074
387	0.00000072
388	0.00000070
389	0.00000068
390	0.00000066
391	0.00000064
392	0.00000062
393	0.00000060
394	0.00000058
395	0.00000056
396	0.00000054
397	0.00000053
398	0.00000051
399	0.00000049
400	0.00000048
401	0.00000046
402	0.00000045
403	0.00000044
404	0.00000042
405	0.00000041
406	0.00000040
407	0.00000038
408	0.00000037
409	0.00000036
410	0.00000035
411	0.00000034
412	0.00000033
413	0.00000032
414	0.00000031
415	0.00000030
416	0.00000029
417	0.00000028
418	0.00000027
419	0.00000026
420	0.00000025
421	0.00000025
422	0.00000024
423	0.00000023
424	0.00000022
425	0.00000022
426	0.00000021
427	0.00000020
428	0.00000020
429	0.00000019
430	0.00000019
431	0.00000018
432	0.00000017
433	0.00000017
434	0.00000016
435	0.00000016
436	0.00000015
437	0.00000015
438	0.00000014
439	0.00000014
440	0.00000014
441	0.00000013
442	0.00000013
443	0.00000012
444	0.00000012
445	0.00000012
446	0.00000011
447	0.00000011
448	0.00000011
449	0.00000010
450	0.00000010
451	0.00000010
452	0.00000009
453	0.00000009
454	0.00000009
455	0.00000008
456	0.00000008
457	0.00000008
458	0.00000008
459	0.00000007
460	0.00000007
461	0.00000007
462	0.00000007
463	0.00000007
464	0.00000006
465	0.00000006
466	0.00000006
467	0.00000006
468	0.00000006
469	0.00000005
470	0.00000005
471	0.00000005
472	0.00000005
473	0.00000005
474	0.00000005
475	0.00000004
476	0.00000004
477	0.00000004
478	0.00000004
479	0.00000004
480	0.00000004
481	0.00000004
482	0.00000004
483	0.00000003
484	0.00000003
485	0.00000003
486	0.00000003
487	0.00000003
488	0.00000003
489	0.00000003
490	0.00000003
491	0.00000003
492	0.00000003
493	0.00000003
494	0.00000002
495	0.00000002
496	0.00000002
497	0.00000002
498	0.00000002
499	0.00000002
500	0.00000002
501	0.00000002
502	0.00000002
503	0.00000002
504	0.00000002
505	0.00000002
506	0.00000002
507	0.00000002
508	0.00000002
509	0.00000002
510	0.00000001
511	0.00000001
512	0.00000001
513	0.00000001
514	0.00000001
515	0.00000001
516	0.00000001
517	0.00000001
518	0.00000001
519	0.00000001
520	0.00000001
521	0.00000001
522	0.00000001
523	0.00000001
524	0.00000001
525	0.00000001
526	0.00000001
527	0.00000001
528	0.00000001
529	0.00000001
530	0.00000001
531	0.00000001
532	0.00000001
533	0.00000001
534	0.00000001
535	0.00000001
536	0.00000001
537	0.00000001
538	0.00000001
539	0.00000001
540	0.00000001
541	0.00000001
542	0.00000001
543	0.00000001
544	0.00000001
545	0.00000000
546	0.00000000
547	0.00000000
548	0.00000000
549	0.00000000
550	0.00000000
551	0.00000000
552	0.00000000
553	0.00000000
554	0.00000000
555	0.00000000
556	0.00000000
557	0.00000000
558	0.00000000
559	0.00000000
560	0.00000000
561	0.00000000
562	0.00000000
563	0.00000000
564	0.00000000
565	0.00000000
566	0.00000000
567	0.00000000
568	0.00000000
569	0.00000000
570	0.00000000
571	0.00000000
572	0.00000000
573	0.00000000
574	0.00000000
575	0.00000000
576	0.00000000
577	0.00000000
578	0.00000000
579	0.00000000
580	0.00000000
581	0.00000000
582	0.00000000
583	0.00000000
584	0.00000000
585	0.00000000
586	0.00000000
587	0.00000000
588	0.00000000
589	0.00000000
590	0.00000000
591	0.00000000
592	0.00000000
593	0.00000000
594	0.00000000
595	0.00000000
596	0.00000000
597	0.00000000
598	0.00000000
599	0.00000000
600	0.00000000
601	0.00000000
602	0.00000000
603	0.00000000
604	0.00000000
605	0.00000000
606	0.00000000
607	0.00000000
608	0.00000000
609	0.00000000
610	0.00000000
611	0.00000000
612	0.00000000
613	0.00000000
614	0.00000000
615	0.00000000
616	0.00000000
617	0.00000000
618	0.00000000
619	0.00000000
620	0.00000000
621	0.00000000
622	0.00000000
623	0.00000000
624	0.00000000
625	0.00000000
626	0.00000000
627	0.00000000
628	0.00000000
629	0.00000000
630	0.00000000
631	0.00000000
632	0.00000000
633	0.00000000
634	0.00000000
635	0.00000000
636	0.00000000
637	0.00000000
638	0.00000000
639	0.00000000
640	0.00000000
641	0.00000000
642	0.00000000
643	0.00000000
644	0.00000000
645	0.00000000
646	0.00000000
647	0.00000000
648	0.00000000
649	0.00000000
650	0.00000000
651	0.00000000
652	0.00000000
653	0.00000000
654	0.00000000
655	0.00000000
656	0.00000000
657	0.00000000
658	0.00000000
659	0.00000000
660	0.00000000
661	0.00000000
662	0.00000000
663	0.00000000
664	0.00000000
665	0.00000000
666	0.00000000
667	0.00000000
668	0.00000000
669	0.00000000
670	0.00000000
671	0.00000000
672	0.00000000
673	0.00000000
674	0.00000000
675	0.00000000
676	0.00000000
677	0.00000000
678	0.00000000
679	0.00000000
680	0.00000000
681	0.00000000
682	0.00000000
683	0.00000000
684	0.00000000
685	0.00000000
686	0.00000000
687	0.00000000
688	0.00000000
689	0.00000000
690	0.00000000
691	0.00000000
692	0.00000000
693	0.00000000
694	0.00000000
695	0.00000000
696	0.00000000
697	0.00000000
698	0.00000000
699	0.00000000
700	0.00000000
701	0.00000000
702	0.00000000
703	0.00000000
704	0.00000000
705	0.00000000
706	0.00000000
707	0.00000000
708	0.00000000
709	0.00000000
710	0.00000000
711	0.00000000
712	0.00000000
713	0.00000000
714	0.00000000
715	0.00000000
716	0.00000000
717	0.00000000
718	0.00000000
719	0.00000000
720	0.00000000
721	0.00000000
722	0.00000000
723	0.00000000
724	0.00000000
725	0.00000000
726	0.00000000
727	0.00000000
728	0.00000000
729	0.00000000
730	0.00000000
731	0.00000000
732	0.00000000
733	0.00000000
734	0.00000000
735	0.00000000
736	0.00000000
737	0.00000000
738	0.00000000
739	0.00000000
740	0.00000000
741	0.00000000
742	0.00000000
743	0.00000000
744	0.00000000
745	0.00000000
746	0.00000000
747	0.00000000
748	0.00000000
749	0.00000000
750	0.00000000
751	0.00000000
752	0.00000000
753	0.00000000
754	0.00000000
755	0.00000000
756	0.00000000
757	0.00000000
758	0.00000000
759	0.00000000
760	0.00000000
761	0.00000000
762	0.00000000
763	0.00000000
764	0.00000000
765	0.00000000
766	0.00000000
767	0.00000000
768	0.00000000
769	0.00000000
770	0.00000000
771	0.00000000
772	0.00000000
773	0.00000000
774	0.00000000
775	0.00000000
776	0.00000000
777	0.00000000
778	0.00000000
779	0.00000000
780	0.00000000
781	0.00000000
782	0.00000000
783	0.00000000
784	0.00000000
785	0.00000000
786	0.00000000
787	0.00000000
788	0.00000000
789	0.00000000
790	0.00000000
791	0.00000000
792	0.00000000
793	0.00000000
794	0.00000000
795	0.00000000
796	0.00000000
797	0.00000000
798	0.00000000
799	0.00000000
800	0.00000000
801	0.00000000
802	0.00000000
803	0.00000000
804	0.00000000
805	0.00000000
806	0.00000000
807	0.00000000
808	0.00000000
809	0.00000000
810	0.00000000
811	0.00000000
812	0.00000000
813	0.00000000
814	0.00000000
815	0.00000000
816	0.00000000
817	0.00000000
818	0.00000000
819	0.00000000
820	0.00000000
821	0.00000000
822	0.00000000
823	0.00000000
824	0.00000000
825	0.00000000
826	0.00000000
827	0.00000000
828	0.00000000
829	0.00000000
830	0.00000000
831	0.00000000
832	0.00000000
833	0.00000000
834	0.00000000
835	0.00000000
836	0.00000000
837	0.00000000
838	0.00000000
839	0.00000000
840	0.00000000
841	0.00000000
842	0.00000000
843	0.00000000
844	0.00000000
845	0.00000000
846	0.00000000
847	0.00000000
848	0.00000000
849	0.00000000
850	0.00000000
851	0.00000000
852	0.00000000
853	0.00000000
854	0.00000000
855	0.00000000
856	0.00000000
857	0.00000000
858	0.00000000
859	0.00000000
860	0.00000000
861	0.00000000
862	0.00000000
863	0.00000000
864	0.00000000
865	0.00000000
866	0.00000000
867	0.00000000
868	0.00000000
869	0.00000000
870	0.00000000
871	0.00000000
872	0.00000000
873	0.00000000
874	0.00000000
875	0.00000000
876	0.00000000
877	0.00000000
878	0.00000000
879	0.00000000
880	0.00000000
881	0.00000000
882	0.00000000
883	0.00000000
884	0.00000000
885	0.00000000
886	0.00000000
887	0.00000000
888	0.00000000
889	0.00000000
890	0.00000000
891	0.00000000
892	0.00000000
893	0.00000000
894	0.00000000
895	0.00000000
896	0.00000000
897	0.00000000
898	0.00000000
899	0.00000000
900	0.00000000
901	0.00000000
902	0.00000000
903	0.00000000
904	0.00000000
905	0.00000000
906	0.00000000
907	0.00000000
908	0.00000000
909	0.00000000
910	0.00000000
911	0.00000000
912	0.00000000
913	0.00000000
914	0.00000000
915	0.00000000
916	0.00000000
917	0.00000000
918	0.00000000
919	0.00000000
920	0.00000000
921	0.00000000
922	0.00000000
923	0.00000000
924	0.00000000
925	0.00000000
926	0.00000000
927	0.00000000
928	0.00000000
929	0.00000000
930	0.00000000
931	0.00000000
932	0.00000000
933	0.00000000
934	0.00000000
935	0.00000000
936	0.00000000
937	0.00000000
938	0.00000000
939	0.00000000
940	0.00000000
941	0.00000000
942	0.00000000
943	0.00000000
944	0.00000000
945	0.00000000
946	0.00000000
947	0.00000000
948	0.00000000
949	0.00000000
950	0.00000000
951	0.00000000
952	0.00000000
953	0.00000000
954	0.00000000
955	0.00000000
956	0.00000000
957	0.00000000
958	0.00000000
959	0.00000000
960	0.00000000
961	0.00000000
962	0.00000000
963	0.00000000
964	0.00000000
965	0.00000000
966	0.00000000
967	0.00000000
968	0.00000000
969	0.00000000
970	0.00000000
971	0.00000000
972	0.00000000
973	0.00000000
974	0.00000000
975	0.00000000
976	0.00000000
977	0.00000000
978	0.00000000
979	0.00000000
980	0.00000000
981	0.00000000
982	0.00000000
983	0.00000000
984	0.00000000
985	0.00000000
986	0.00000000
987	0.00000000
988	0.00000000
989	0.00000000
990	0.00000000
991	0.00000000
992	0.00000000
993	0.00000000
994	0.00000000
995	0.00000000
996	0.00000000
997	0.00000000
998	0.00000000
999	0.00000000
