0	0.00000000
1	0.00000000
2	0.00000000
3	0.00000000
4	0.00000000
5	0.00000000
6	0.00000000
7	0.00000000
8	0.00000000
9	0.00000000
10	0.00000000
11	0.00000000
12	0.00000000
13	0.00390192
14	0.02662342
15	0.02235480
16	0.02893854
17	0.02836873
18	0.03721475
19	0.04203394
20	0.04442957
21	0.04046336
22	0.03737516
23	0.03306109
24	0.03024830
25	0.02760470
26	0.02586920
27	0.02361616
28	0.02269129
29	0.02102682
30	0.01981079
31	0.01896543
32	0.02075435
33	0.02310466
34	0.02454867
35	0.02676548
36	0.02765867
37	0.02727898
38	0.02714340
39	0.02736092
40	0.02658482
41	0.02615955
42	0.02605546
43	0.02539587
44	0.02464516
45	0.02425303
46	0.02374547
47	0.02299655
48	0.02280032
49	0.02234505
50	0.02180429
51	0.02128215
52	0.02060353
53	0.01989355
54	0.01913406
55	0.01919285
56	0.01918883
57	0.01893691
58	0.01876130
59	0.01828023
60	0.01773889
61	0.01732855
62	0.01702185
63	0.01671174
64	0.01655955
65	0.01640275
66	0.01612459
67	0.01569953
68	0.01533762
69	0.01498712
70	0.01458789
71	0.01415646
72	0.01379766
73	0.01332735
74	0.01292018
75	0.01244720
76	0.01206091
77	0.01171581
78	0.01145074
79	0.01128741
80	0.01096766
81	0.01071328
82	0.01047466
83	0.01014254
84	0.00990168
85	0.00973714
86	0.00946899
87	0.00925738
88	0.00897220
89	0.00874160
90	0.00846128
91	0.00816142
92	0.00791003
93	0.00764953
94	0.00738240
95	0.00715131
96	0.00692442
97	0.00670138
98	0.00647881
99	0.00627128
100	0.00607462
101	0.00590260
102	0.00576659
103	0.00560734
104	0.00543503
105	0.00527777
106	0.00511707
107	0.00495652
108	0.00480840
109	0.00466904
110	0.00451491
111	0.00438003
112	0.00424375
113	0.00410849
114	0.00397943
115	0.00385165
116	0.00373070
117	0.00361367
118	0.00350070
119	0.00339178
120	0.00328480
121	0.00318223
122	0.00308272
123	0.00298646
124	0.00289580
125	0.00281022
126	0.00272149
127	0.00263939
128	0.00255538
129	0.00247683
130	0.00239954
131	0.00232527
132	0.00225329
133	0.00218353
134	0.00211577
135	0.00205016
136	0.00198653
137	0.00192486
138	0.00186507
139	0.00180712
140	0.00175095
141	0.00169653
142	0.00164381
143	0.00159272
144	0.00154323
145	0.00149528
146	0.00144881
147	0.00140380
148	0.00136022
149	0.00131802
150	0.00127712
151	0.00123748
152	0.00119907
153	0.00116186
154	0.00112580
155	0.00109085
156	0.00105699
157	0.00102419
158	0.00099240
159	0.00096160
160	0.00093175
161	0.00090283
162	0.00087481
163	0.00084765
164	0.00082134
165	0.00079584
166	0.00077114
167	0.00074720
168	0.00072400
169	0.00070152
170	0.00067974
171	0.00065864
172	0.00063819
173	0.00061838
174	0.00059918
175	0.00058058
176	0.00056256
177	0.00054510
178	0.00052818
179	0.00051178
180	0.00049589
181	0.00048050
182	0.00046558
183	0.00045113
184	0.00043712
185	0.00042356
186	0.00041041
187	0.00039767
188	0.00038532
189	0.00037336
190	0.00036177
191	0.00035054
192	0.00033966
193	0.00032911
194	0.00031890
195	0.00030900
196	0.00029941
197	0.00029011
198	0.00028110
199	0.00027238
200	0.00026392
201	0.00025573
202	0.00024779
203	0.00024010
204	0.00023265
205	0.00022542
206	0.00021843
207	0.00021165
208	0.00020507
209	0.00019871
210	0.00019254
211	0.00018656
212	0.00018077
213	0.00017516
214	0.00016972
215	0.00016445
216	0.00015935
217	0.00015440
218	0.00014961
219	0.00014496
220	0.00014046
221	0.00013610
222	0.00013188
223	0.00012779
224	0.00012382
225	0.00011997
226	0.00011625
227	0.00011264
228	0.00010914
229	0.00010576
230	0.00010247
231	0.00009929
232	0.00009621
233	0.00009322
234	0.00009033
235	0.00008753
236	0.00008481
237	0.00008218
238	0.00007962
239	0.00007715
240	0.00007476
241	0.00007244
242	0.00007019
243	0.00006801
244	0.00006590
245	0.00006385
246	0.00006187
247	0.00005995
248	0.00005809
249	0.00005629
250	0.00005454
251	0.00005285
252	0.00005120
253	0.00004962
254	0.00004807
255	0.00004658
256	0.00004514
257	0.00004374
258	0.00004238
259	0.00004106
260	0.00003979
261	0.00003855
262	0.00003736
263	0.00003620
264	0.00003507
265	0.00003398
266	0.00003293
267	0.00003191
268	0.00003092
269	0.00002996
270	0.00002903
271	0.00002813
272	0.00002725
273	0.00002641
274	0.00002559
275	0.00002479
276	0.00002402
277	0.00002328
278	0.00002255
279	0.00002185
280	0.00002118
281	0.00002052
282	0.00001988
283	0.00001926
284	0.00001867
285	0.00001809
286	0.00001753
287	0.00001698
288	0.00001645
289	0.00001594
290	0.00001545
291	0.00001497
292	0.00001450
293	0.00001405
294	0.00001362
295	0.00001319
296	0.00001279
297	0.00001239
298	0.00001200
299	0.00001163
300	0.00001127
301	0.00001092
302	0.00001058
303	0.00001025
304	0.00000993
305	0.00000963
306	0.00000933
307	0.00000904
308	0.00000876
309	0.00000849
310	0.00000822
311	0.00000797
312	0.00000772
313	0.00000748
314	0.00000725
315	0.00000702
316	0.00000680
317	0.00000659
318	0.00000639
319	0.00000619
320	0.00000600
321	0.00000581
322	0.00000563
323	0.00000546
324	0.00000529
325	0.00000512
326	0.00000496
327	0.00000481
328	0.00000466
329	0.00000452
330	0.00000438
331	0.00000424
332	0.00000411
333	0.00000398
334	0.00000386
335	0.00000374
336	0.00000362
337	0.00000351
338	0.00000340
339	0.00000329
340	0.00000319
341	0.00000309
342	0.00000300
343	0.00000290
344	0.00000281
345	0.00000273
346	0.00000264
347	0.00000256
348	0.00000248
349	0.00000240
350	0.00000233
351	0.00000226
352	0.00000219
353	0.00000212
354	0.00000205
355	0.00000199
356	0.00000193
357	0.00000187
358	0.00000181
359	0.00000175
360	0.00000170
361	0.00000165
362	0.00000160
363	0.00000155
364	0.00000150
365	0.00000145
366	0.00000141
367	0.00000136
368	0.00000132
369	0.00000128
370	0.00000124
371	0.00000120
372	0.00000116
373	0.00000113
374	0.00000109
375	0.00000106
376	0.00000103
377	0.00000099
378	0.00000096
379	0.00000093
380	0.00000090
381	0.00000088
382	0.00000085
383	0.00000082
384	0.00000080
385	0.00000077
386	0.00000075
387	0.00000073
388	0.00000070
389	0.00000068
390	0.00000066
391	0.00000064
392	0.00000062
393	0.00000060
394	0.00000058
395	0.00000056
396	0.00000055
397	0.00000053
398	0.00000051
399	0.00000050
400	0.00000048
401	0.00000047
402	0.00000045
403	0.00000044
404	0.00000042
405	0.00000041
406	0.00000040
407	0.00000039
408	0.00000037
409	0.00000036
410	0.00000035
411	0.00000034
412	0.00000033
413	0.00000032
414	0.00000031
415	0.00000030
416	0.00000029
417	0.00000028
418	0.00000027
419	0.00000026
420	0.00000026
421	0.00000025
422	0.00000024
423	0.00000023
424	0.00000023
425	0.00000022
426	0.00000021
427	0.00000021
428	0.00000020
429	0.00000019
430	0.00000019
431	0.00000018
432	0.00000018
433	0.00000017
434	0.00000016
435	0.00000016
436	0.00000015
437	0.00000015
438	0.00000015
439	0.00000014
440	0.00000014
441	0.00000013
442	0.00000013
443	0.00000012
444	0.00000012
445	0.00000012
446	0.00000011
447	0.00000011
448	0.00000011
449	0.00000010
450	0.00000010
451	0.00000010
452	0.00000009
453	0.00000009
454	0.00000009
455	0.00000008
456	0.00000008
457	0.00000008
458	0.00000008
459	0.00000007
460	0.00000007
461	0.00000007
462	0.00000007
463	0.00000007
464	0.00000006
465	0.00000006
466	0.00000006
467	0.00000006
468	0.00000006
469	0.00000005
470	0.00000005
471	0.00000005
472	0.00000005
473	0.00000005
474	0.00000005
475	0.00000005
476	0.00000004
477	0.00000004
478	0.00000004
479	0.00000004
480	0.00000004
481	0.00000004
482	0.00000004
483	0.00000004
484	0.00000003
485	0.00000003
486	0.00000003
487	0.00000003
488	0.00000003
489	0.00000003
490	0.00000003
491	0.00000003
492	0.00000003
493	0.00000003
494	0.00000002
495	0.00000002
496	0.00000002
497	0.00000002
498	0.00000002
499	0.00000002
500	0.00000002
501	0.00000002
502	0.00000002
503	0.00000002
504	0.00000002
505	0.00000002
506	0.00000002
507	0.00000002
508	0.00000002
509	0.00000002
510	0.00000001
511	0.00000001
512	0.00000001
513	0.00000001
514	0.00000001
515	0.00000001
516	0.00000001
517	0.00000001
518	0.00000001
519	0.00000001
520	0.00000001
521	0.00000001
522	0.00000001
523	0.00000001
524	0.00000001
525	0.00000001
526	0.00000001
527	0.00000001
528	0.00000001
529	0.00000001
530	0.00000001
531	0.00000001
532	0.00000001
533	0.00000001
534	0.00000001
535	0.00000001
536	0.00000001
537	0.00000001
538	0.00000001
539	0.00000001
540	0.00000001
541	0.00000001
542	0.00000001
543	0.00000001
544	0.00000001
545	0.00000000
546	0.00000000
547	0.00000000
548	0.00000000
549	0.00000000
550	0.00000000
551	0.00000000
552	0.00000000
553	0.00000000
554	0.00000000
555	0.00000000
556	0.00000000
557	0.00000000
558	0.00000000
559	0.00000000
560	0.00000000
561	0.00000000
562	0.00000000
563	0.00000000
564	0.00000000
565	0.00000000
566	0.00000000
567	0.00000000
568	0.00000000
569	0.00000000
570	0.00000000
571	0.00000000
572	0.00000000
573	0.00000000
574	0.00000000
575	0.00000000
576	0.00000000
577	0.00000000
578	0.00000000
579	0.00000000
580	0.00000000
581	0.00000000
582	0.00000000
583	0.00000000
584	0.00000000
585	0.00000000
586	0.00000000
587	0.00000000
588	0.00000000
589	0.00000000
590	0.00000000
591	0.00000000
592	0.00000000
593	0.00000000
594	0.00000000
595	0.00000000
596	0.00000000
597	0.00000000
598	0.00000000
599	0.00000000
600	0.00000000
601	0.00000000
602	0.00000000
603	0.00000000
604	0.00000000
605	0.00000000
606	0.00000000
607	0.00000000
608	0.00000000
609	0.00000000
610	0.00000000
611	0.00000000
612	0.00000000
613	0.00000000
614	0.00000000
615	0.00000000
616	0.00000000
617	0.00000000
618	0.00000000
619	0.00000000
620	0.00000000
621	0.00000000
622	0.00000000
623	0.00000000
624	0.00000000
625	0.00000000
626	0.00000000
627	0.00000000
628	0.00000000
629	0.00000000
630	0.00000000
631	0.00000000
632	0.00000000
633	0.00000000
634	0.00000000
635	0.00000000
636	0.00000000
637	0.00000000
638	0.00000000
639	0.00000000
640	0.00000000
641	0.00000000
642	0.00000000
643	0.00000000
644	0.00000000
645	0.00000000
646	0.00000000
647	0.00000000
648	0.00000000
649	0.00000000
650	0.00000000
651	0.00000000
652	0.00000000
653	0.00000000
654	0.00000000
655	0.00000000
656	0.00000000
657	0.00000000
658	0.00000000
659	0.00000000
660	0.00000000
661	0.00000000
662	0.00000000
663	0.00000000
664	0.00000000
665	0.00000000
666	0.00000000
667	0.00000000
668	0.00000000
669	0.00000000
670	0.00000000
671	0.00000000
672	0.00000000
673	0.00000000
674	0.00000000
675	0.00000000
676	0.00000000
677	0.00000000
678	0.00000000
679	0.00000000
680	0.00000000
681	0.00000000
682	0.00000000
683	0.00000000
684	0.00000000
685	0.00000000
686	0.00000000
687	0.00000000
688	0.00000000
689	0.00000000
690	0.00000000
691	0.00000000
692	0.00000000
693	0.00000000
694	0.00000000
695	0.00000000
696	0.00000000
697	0.00000000
698	0.00000000
699	0.00000000
700	0.00000000
701	0.00000000
702	0.00000000
703	0.00000000
704	0.00000000
705	0.00000000
706	0.00000000
707	0.00000000
708	0.00000000
709	0.00000000
710	0.00000000
711	0.00000000
712	0.00000000
713	0.00000000
714	0.00000000
715	0.00000000
716	0.00000000
717	0.00000000
718	0.00000000
719	0.00000000
720	0.00000000
721	0.00000000
722	0.00000000
723	0.00000000
724	0.00000000
725	0.00000000
726	0.00000000
727	0.00000000
728	0.00000000
729	0.00000000
730	0.00000000
731	0.00000000
732	0.00000000
733	0.00000000
734	0.00000000
735	0.00000000
736	0.00000000
737	0.00000000
738	0.00000000
739	0.00000000
740	0.00000000
741	0.00000000
742	0.00000000
743	0.00000000
744	0.00000000
745	0.00000000
746	0.00000000
747	0.00000000
748	0.00000000
749	0.00000000
750	0.00000000
751	0.00000000
752	0.00000000
753	0.00000000
754	0.00000000
755	0.00000000
756	0.00000000
757	0.00000000
758	0.00000000
759	0.00000000
760	0.00000000
761	0.00000000
762	0.00000000
763	0.00000000
764	0.00000000
765	0.00000000
766	0.00000000
767	0.00000000
768	0.00000000
769	0.00000000
770	0.00000000
771	0.00000000
772	0.00000000
773	0.00000000
774	0.00000000
775	0.00000000
776	0.00000000
777	0.00000000
778	0.00000000
779	0.00000000
780	0.00000000
781	0.00000000
782	0.00000000
783	0.00000000
784	0.00000000
785	0.00000000
786	0.00000000
787	0.00000000
788	0.00000000
789	0.00000000
790	0.00000000
791	0.00000000
792	0.00000000
793	0.00000000
794	0.00000000
795	0.00000000
796	0.00000000
797	0.00000000
798	0.00000000
799	0.00000000
800	0.00000000
801	0.00000000
802	0.00000000
803	0.00000000
804	0.00000000
805	0.00000000
806	0.00000000
807	0.00000000
808	0.00000000
809	0.00000000
810	0.00000000
811	0.00000000
812	0.00000000
813	0.00000000
814	0.00000000
815	0.00000000
816	0.00000000
817	0.00000000
818	0.00000000
819	0.00000000
820	0.00000000
821	0.00000000
822	0.00000000
823	0.00000000
824	0.00000000
825	0.00000000
826	0.00000000
827	0.00000000
828	0.00000000
829	0.00000000
830	0.00000000
831	0.00000000
832	0.00000000
833	0.00000000
834	0.00000000
835	0.00000000
836	0.00000000
837	0.00000000
838	0.00000000
839	0.00000000
840	0.00000000
841	0.00000000
842	0.00000000
843	0.00000000
844	0.00000000
845	0.00000000
846	0.00000000
847	0.00000000
848	0.00000000
849	0.00000000
850	0.00000000
851	0.00000000
852	0.00000000
853	0.00000000
854	0.00000000
855	0.00000000
856	0.00000000
857	0.00000000
858	0.00000000
859	0.00000000
860	0.00000000
861	0.00000000
862	0.00000000
863	0.00000000
864	0.00000000
865	0.00000000
866	0.00000000
867	0.00000000
868	0.00000000
869	0.00000000
870	0.00000000
871	0.00000000
872	0.00000000
873	0.00000000
874	0.00000000
875	0.00000000
876	0.00000000
877	0.00000000
878	0.00000000
879	0.00000000
880	0.00000000
881	0.00000000
882	0.00000000
883	0.00000000
884	0.00000000
885	0.00000000
886	0.00000000
887	0.00000000
888	0.00000000
889	0.00000000
890	0.00000000
891	0.00000000
892	0.00000000
893	0.00000000
894	0.00000000
895	0.00000000
896	0.00000000
897	0.00000000
898	0.00000000
899	0.00000000
900	0.00000000
901	0.00000000
902	0.00000000
903	0.00000000
904	0.00000000
905	0.00000000
906	0.00000000
907	0.00000000
908	0.00000000
909	0.00000000
910	0.00000000
911	0.00000000
912	0.00000000
913	0.00000000
914	0.00000000
915	0.00000000
916	0.00000000
917	0.00000000
918	0.00000000
919	0.00000000
920	0.00000000
921	0.00000000
922	0.00000000
923	0.00000000
924	0.00000000
925	0.00000000
926	0.00000000
927	0.00000000
928	0.00000000
929	0.00000000
930	0.00000000
931	0.00000000
932	0.00000000
933	0.00000000
934	0.00000000
935	0.00000000
936	0.00000000
937	0.00000000
938	0.00000000
939	0.00000000
940	0.00000000
941	0.00000000
942	0.00000000
943	0.00000000
944	0.00000000
945	0.00000000
946	0.00000000
947	0.00000000
948	0.00000000
949	0.00000000
950	0.00000000
951	0.00000000
952	0.00000000
953	0.00000000
954	0.00000000
955	0.00000000
956	0.00000000
957	0.00000000
958	0.00000000
959	0.00000000
960	0.00000000
961	0.00000000
962	0.00000000
963	0.00000000
964	0.00000000
965	0.00000000
966	0.00000000
967	0.00000000
968	0.00000000
969	0.00000000
970	0.00000000
971	0.00000000
972	0.00000000
973	0.00000000
974	0.00000000
975	0.00000000
976	0.00000000
977	0.00000000
978	0.00000000
979	0.00000000
980	0.00000000
981	0.00000000
982	0.00000000
983	0.00000000
984	0.00000000
985	0.00000000
986	0.00000000
987	0.00000000
988	0.00000000
989	0.00000000
990	0.00000000
991	0.00000000
992	0.00000000
993	0.00000000
994	0.00000000
995	0.00000000
996	0.00000000
997	0.00000000
998	0.00000000
999	0.00000000
