0	0.00000000
1	0.00000000
2	0.00000000
3	0.00000000
4	0.00000000
5	0.00000000
6	0.00000000
7	0.00000000
8	0.00000000
9	0.00000000
10	0.00000000
11	0.00000000
12	0.00000000
13	0.00295956
14	0.02030120
15	0.01712340
16	0.02477216
17	0.02532309
18	0.03577566
19	0.04168010
20	0.04567435
21	0.04265602
22	0.04068672
23	0.03681012
24	0.03434951
25	0.03104647
26	0.02846609
27	0.02550345
28	0.02410367
29	0.02200458
30	0.02040771
31	0.01909720
32	0.02002676
33	0.02143867
34	0.02266511
35	0.02445574
36	0.02527497
37	0.02537897
38	0.02631177
39	0.02702863
40	0.02674338
41	0.02666739
42	0.02657342
43	0.02591433
44	0.02490272
45	0.02397313
46	0.02326272
47	0.02243776
48	0.02227210
49	0.02181424
50	0.02136020
51	0.02089142
52	0.02031028
53	0.01966876
54	0.01893379
55	0.01880640
56	0.01871393
57	0.01836643
58	0.01805270
59	0.01756196
60	0.01714829
61	0.01697313
62	0.01673486
63	0.01644207
64	0.01622100
65	0.01607910
66	0.01568001
67	0.01528872
68	0.01495715
69	0.01464266
70	0.01425903
71	0.01385749
72	0.01352892
73	0.01307404
74	0.01265415
75	0.01216971
76	0.01176758
77	0.01140119
78	0.01111933
79	0.01090101
80	0.01057446
81	0.01032883
82	0.01008643
83	0.00977305
84	0.00957973
85	0.00948606
86	0.00920058
87	0.00900071
88	0.00873909
89	0.00850799
90	0.00822463
91	0.00793008
92	0.00768048
93	0.00742317
94	0.00716686
95	0.00693319
96	0.00671477
97	0.00649485
98	0.00627752
99	0.00607669
100	0.00588403
101	0.00571551
102	0.00557383
103	0.00541577
104	0.00524674
105	0.00509556
106	0.00493883
107	0.00479656
108	0.00466260
109	0.00452694
110	0.00437501
111	0.00424144
112	0.00411113
113	0.00397826
114	0.00385179
115	0.00372991
116	0.00361227
117	0.00349896
118	0.00338966
119	0.00328401
120	0.00318021
121	0.00308075
122	0.00298433
123	0.00289103
124	0.00280272
125	0.00271861
126	0.00263339
127	0.00255317
128	0.00247250
129	0.00239632
130	0.00232176
131	0.00225021
132	0.00218069
133	0.00211319
134	0.00204763
135	0.00198415
136	0.00192258
137	0.00186290
138	0.00180505
139	0.00174898
140	0.00169463
141	0.00164198
142	0.00159095
143	0.00154152
144	0.00149362
145	0.00144720
146	0.00140223
147	0.00135867
148	0.00131648
149	0.00127562
150	0.00123602
151	0.00119765
152	0.00116048
153	0.00112445
154	0.00108955
155	0.00105573
156	0.00102296
157	0.00099122
158	0.00096045
159	0.00093064
160	0.00090176
161	0.00087377
162	0.00084665
163	0.00082037
164	0.00079490
165	0.00077022
166	0.00074631
167	0.00072315
168	0.00070070
169	0.00067894
170	0.00065787
171	0.00063744
172	0.00061765
173	0.00059848
174	0.00057990
175	0.00056190
176	0.00054445
177	0.00052755
178	0.00051118
179	0.00049531
180	0.00047993
181	0.00046503
182	0.00045060
183	0.00043661
184	0.00042305
185	0.00040992
186	0.00039720
187	0.00038487
188	0.00037292
189	0.00036134
190	0.00035013
191	0.00033926
192	0.00032873
193	0.00031852
194	0.00030863
195	0.00029905
196	0.00028977
197	0.00028077
198	0.00027206
199	0.00026361
200	0.00025543
201	0.00024750
202	0.00023982
203	0.00023237
204	0.00022516
205	0.00021817
206	0.00021140
207	0.00020483
208	0.00019847
209	0.00019231
210	0.00018634
211	0.00018056
212	0.00017495
213	0.00016952
214	0.00016426
215	0.00015916
216	0.00015422
217	0.00014943
218	0.00014479
219	0.00014030
220	0.00013594
221	0.00013172
222	0.00012763
223	0.00012367
224	0.00011983
225	0.00011611
226	0.00011251
227	0.00010902
228	0.00010563
229	0.00010235
230	0.00009918
231	0.00009610
232	0.00009311
233	0.00009022
234	0.00008742
235	0.00008471
236	0.00008208
237	0.00007953
238	0.00007706
239	0.00007467
240	0.00007235
241	0.00007011
242	0.00006793
243	0.00006582
244	0.00006378
245	0.00006180
246	0.00005988
247	0.00005802
248	0.00005622
249	0.00005447
250	0.00005278
251	0.00005114
252	0.00004956
253	0.00004802
254	0.00004653
255	0.00004508
256	0.00004368
257	0.00004233
258	0.00004101
259	0.00003974
260	0.00003851
261	0.00003731
262	0.00003615
263	0.00003503
264	0.00003394
265	0.00003289
266	0.00003187
267	0.00003088
268	0.00002992
269	0.00002899
270	0.00002809
271	0.00002722
272	0.00002637
273	0.00002556
274	0.00002476
275	0.00002399
276	0.00002325
277	0.00002253
278	0.00002183
279	0.00002115
280	0.00002049
281	0.00001986
282	0.00001924
283	0.00001864
284	0.00001807
285	0.00001750
286	0.00001696
287	0.00001643
288	0.00001592
289	0.00001543
290	0.00001495
291	0.00001449
292	0.00001404
293	0.00001360
294	0.00001318
295	0.00001277
296	0.00001237
297	0.00001199
298	0.00001162
299	0.00001126
300	0.00001091
301	0.00001057
302	0.00001024
303	0.00000992
304	0.00000961
305	0.00000932
306	0.00000903
307	0.00000875
308	0.00000848
309	0.00000821
310	0.00000796
311	0.00000771
312	0.00000747
313	0.00000724
314	0.00000701
315	0.00000680
316	0.00000659
317	0.00000638
318	0.00000618
319	0.00000599
320	0.00000581
321	0.00000562
322	0.00000545
323	0.00000528
324	0.00000512
325	0.00000496
326	0.00000480
327	0.00000466
328	0.00000451
329	0.00000437
330	0.00000423
331	0.00000410
332	0.00000398
333	0.00000385
334	0.00000373
335	0.00000362
336	0.00000350
337	0.00000340
338	0.00000329
339	0.00000319
340	0.00000309
341	0.00000299
342	0.00000290
343	0.00000281
344	0.00000272
345	0.00000264
346	0.00000256
347	0.00000248
348	0.00000240
349	0.00000233
350	0.00000225
351	0.00000218
352	0.00000212
353	0.00000205
354	0.00000199
355	0.00000193
356	0.00000187
357	0.00000181
358	0.00000175
359	0.00000170
360	0.00000164
361	0.00000159
362	0.00000154
363	0.00000150
364	0.00000145
365	0.00000140
366	0.00000136
367	0.00000132
368	0.00000128
369	0.00000124
370	0.00000120
371	0.00000116
372	0.00000113
373	0.00000109
374	0.00000106
375	0.00000102
376	0.00000099
377	0.00000096
378	0.00000093
379	0.00000090
380	0.00000088
381	0.00000085
382	0.00000082
383	0.00000080
384	0.00000077
385	0.00000075
386	0.00000072
387	0.00000070
388	0.00000068
389	0.00000066
390	0.00000064
391	0.00000062
392	0.00000060
393	0.00000058
394	0.00000056
395	0.00000055
396	0.00000053
397	0.00000051
398	0.00000050
399	0.00000048
400	0.00000047
401	0.00000045
402	0.00000044
403	0.00000042
404	0.00000041
405	0.00000040
406	0.00000039
407	0.00000037
408	0.00000036
409	0.00000035
410	0.00000034
411	0.00000033
412	0.00000032
413	0.00000031
414	0.00000030
415	0.00000029
416	0.00000028
417	0.00000027
418	0.00000026
419	0.00000026
420	0.00000025
421	0.00000024
422	0.00000023
423	0.00000023
424	0.00000022
425	0.00000021
426	0.00000021
427	0.00000020
428	0.00000019
429	0.00000019
430	0.00000018
431	0.00000018
432	0.00000017
433	0.00000016
434	0.00000016
435	0.00000015
436	0.00000015
437	0.00000015
438	0.00000014
439	0.00000014
440	0.00000013
441	0.00000013
442	0.00000012
443	0.00000012
444	0.00000012
445	0.00000011
446	0.00000011
447	0.00000011
448	0.00000010
449	0.00000010
450	0.00000010
451	0.00000009
452	0.00000009
453	0.00000009
454	0.00000008
455	0.00000008
456	0.00000008
457	0.00000008
458	0.00000007
459	0.00000007
460	0.00000007
461	0.00000007
462	0.00000007
463	0.00000006
464	0.00000006
465	0.00000006
466	0.00000006
467	0.00000006
468	0.00000005
469	0.00000005
470	0.00000005
471	0.00000005
472	0.00000005
473	0.00000005
474	0.00000005
475	0.00000004
476	0.00000004
477	0.00000004
478	0.00000004
479	0.00000004
480	0.00000004
481	0.00000004
482	0.00000004
483	0.00000003
484	0.00000003
485	0.00000003
486	0.00000003
487	0.00000003
488	0.00000003
489	0.00000003
490	0.00000003
491	0.00000003
492	0.00000003
493	0.00000002
494	0.00000002
495	0.00000002
496	0.00000002
497	0.00000002
498	0.00000002
499	0.00000002
500	0.00000002
501	0.00000002
502	0.00000002
503	0.00000002
504	0.00000002
505	0.00000002
506	0.00000002
507	0.00000002
508	0.00000002
509	0.00000001
510	0.00000001
511	0.00000001
512	0.00000001
513	0.00000001
514	0.00000001
515	0.00000001
516	0.00000001
517	0.00000001
518	0.00000001
519	0.00000001
520	0.00000001
521	0.00000001
522	0.00000001
523	0.00000001
524	0.00000001
525	0.00000001
526	0.00000001
527	0.00000001
528	0.00000001
529	0.00000001
530	0.00000001
531	0.00000001
532	0.00000001
533	0.00000001
534	0.00000001
535	0.00000001
536	0.00000001
537	0.00000001
538	0.00000001
539	0.00000001
540	0.00000001
541	0.00000001
542	0.00000001
543	0.00000001
544	0.00000000
545	0.00000000
546	0.00000000
547	0.00000000
548	0.00000000
549	0.00000000
550	0.00000000
551	0.00000000
552	0.00000000
553	0.00000000
554	0.00000000
555	0.00000000
556	0.00000000
557	0.00000000
558	0.00000000
559	0.00000000
560	0.00000000
561	0.00000000
562	0.00000000
563	0.00000000
564	0.00000000
565	0.00000000
566	0.00000000
567	0.00000000
568	0.00000000
569	0.00000000
570	0.00000000
571	0.00000000
572	0.00000000
573	0.00000000
574	0.00000000
575	0.00000000
576	0.00000000
577	0.00000000
578	0.00000000
579	0.00000000
580	0.00000000
581	0.00000000
582	0.00000000
583	0.00000000
584	0.00000000
585	0.00000000
586	0.00000000
587	0.00000000
588	0.00000000
589	0.00000000
590	0.00000000
591	0.00000000
592	0.00000000
593	0.00000000
594	0.00000000
595	0.00000000
596	0.00000000
597	0.00000000
598	0.00000000
599	0.00000000
600	0.00000000
601	0.00000000
602	0.00000000
603	0.00000000
604	0.00000000
605	0.00000000
606	0.00000000
607	0.00000000
608	0.00000000
609	0.00000000
610	0.00000000
611	0.00000000
612	0.00000000
613	0.00000000
614	0.00000000
615	0.00000000
616	0.00000000
617	0.00000000
618	0.00000000
619	0.00000000
620	0.00000000
621	0.00000000
622	0.00000000
623	0.00000000
624	0.00000000
625	0.00000000
626	0.00000000
627	0.00000000
628	0.00000000
629	0.00000000
630	0.00000000
631	0.00000000
632	0.00000000
633	0.00000000
634	0.00000000
635	0.00000000
636	0.00000000
637	0.00000000
638	0.00000000
639	0.00000000
640	0.00000000
641	0.00000000
642	0.00000000
643	0.00000000
644	0.00000000
645	0.00000000
646	0.00000000
647	0.00000000
648	0.00000000
649	0.00000000
650	0.00000000
651	0.00000000
652	0.00000000
653	0.00000000
654	0.00000000
655	0.00000000
656	0.00000000
657	0.00000000
658	0.00000000
659	0.00000000
660	0.00000000
661	0.00000000
662	0.00000000
663	0.00000000
664	0.00000000
665	0.00000000
666	0.00000000
667	0.00000000
668	0.00000000
669	0.00000000
670	0.00000000
671	0.00000000
672	0.00000000
673	0.00000000
674	0.00000000
675	0.00000000
676	0.00000000
677	0.00000000
678	0.00000000
679	0.00000000
680	0.00000000
681	0.00000000
682	0.00000000
683	0.00000000
684	0.00000000
685	0.00000000
686	0.00000000
687	0.00000000
688	0.00000000
689	0.00000000
690	0.00000000
691	0.00000000
692	0.00000000
693	0.00000000
694	0.00000000
695	0.00000000
696	0.00000000
697	0.00000000
698	0.00000000
699	0.00000000
700	0.00000000
701	0.00000000
702	0.00000000
703	0.00000000
704	0.00000000
705	0.00000000
706	0.00000000
707	0.00000000
708	0.00000000
709	0.00000000
710	0.00000000
711	0.00000000
712	0.00000000
713	0.00000000
714	0.00000000
715	0.00000000
716	0.00000000
717	0.00000000
718	0.00000000
719	0.00000000
720	0.00000000
721	0.00000000
722	0.00000000
723	0.00000000
724	0.00000000
725	0.00000000
726	0.00000000
727	0.00000000
728	0.00000000
729	0.00000000
730	0.00000000
731	0.00000000
732	0.00000000
733	0.00000000
734	0.00000000
735	0.00000000
736	0.00000000
737	0.00000000
738	0.00000000
739	0.00000000
740	0.00000000
741	0.00000000
742	0.00000000
743	0.00000000
744	0.00000000
745	0.00000000
746	0.00000000
747	0.00000000
748	0.00000000
749	0.00000000
750	0.00000000
751	0.00000000
752	0.00000000
753	0.00000000
754	0.00000000
755	0.00000000
756	0.00000000
757	0.00000000
758	0.00000000
759	0.00000000
760	0.00000000
761	0.00000000
762	0.00000000
763	0.00000000
764	0.00000000
765	0.00000000
766	0.00000000
767	0.00000000
768	0.00000000
769	0.00000000
770	0.00000000
771	0.00000000
772	0.00000000
773	0.00000000
774	0.00000000
775	0.00000000
776	0.00000000
777	0.00000000
778	0.00000000
779	0.00000000
780	0.00000000
781	0.00000000
782	0.00000000
783	0.00000000
784	0.00000000
785	0.00000000
786	0.00000000
787	0.00000000
788	0.00000000
789	0.00000000
790	0.00000000
791	0.00000000
792	0.00000000
793	0.00000000
794	0.00000000
795	0.00000000
796	0.00000000
797	0.00000000
798	0.00000000
799	0.00000000
800	0.00000000
801	0.00000000
802	0.00000000
803	0.00000000
804	0.00000000
805	0.00000000
806	0.00000000
807	0.00000000
808	0.00000000
809	0.00000000
810	0.00000000
811	0.00000000
812	0.00000000
813	0.00000000
814	0.00000000
815	0.00000000
816	0.00000000
817	0.00000000
818	0.00000000
819	0.00000000
820	0.00000000
821	0.00000000
822	0.00000000
823	0.00000000
824	0.00000000
825	0.00000000
826	0.00000000
827	0.00000000
828	0.00000000
829	0.00000000
830	0.00000000
831	0.00000000
832	0.00000000
833	0.00000000
834	0.00000000
835	0.00000000
836	0.00000000
837	0.00000000
838	0.00000000
839	0.00000000
840	0.00000000
841	0.00000000
842	0.00000000
843	0.00000000
844	0.00000000
845	0.00000000
846	0.00000000
847	0.00000000
848	0.00000000
849	0.00000000
850	0.00000000
851	0.00000000
852	0.00000000
853	0.00000000
854	0.00000000
855	0.00000000
856	0.00000000
857	0.00000000
858	0.00000000
859	0.00000000
860	0.00000000
861	0.00000000
862	0.00000000
863	0.00000000
864	0.00000000
865	0.00000000
866	0.00000000
867	0.00000000
868	0.00000000
869	0.00000000
870	0.00000000
871	0.00000000
872	0.00000000
873	0.00000000
874	0.00000000
875	0.00000000
876	0.00000000
877	0.00000000
878	0.00000000
879	0.00000000
880	0.00000000
881	0.00000000
882	0.00000000
883	0.00000000
884	0.00000000
885	0.00000000
886	0.00000000
887	0.00000000
888	0.00000000
889	0.00000000
890	0.00000000
891	0.00000000
892	0.00000000
893	0.00000000
894	0.00000000
895	0.00000000
896	0.00000000
897	0.00000000
898	0.00000000
899	0.00000000
900	0.00000000
901	0.00000000
902	0.00000000
903	0.00000000
904	0.00000000
905	0.00000000
906	0.00000000
907	0.00000000
908	0.00000000
909	0.00000000
910	0.00000000
911	0.00000000
912	0.00000000
913	0.00000000
914	0.00000000
915	0.00000000
916	0.00000000
917	0.00000000
918	0.00000000
919	0.00000000
920	0.00000000
921	0.00000000
922	0.00000000
923	0.00000000
924	0.00000000
925	0.00000000
926	0.00000000
927	0.00000000
928	0.00000000
929	0.00000000
930	0.00000000
931	0.00000000
932	0.00000000
933	0.00000000
934	0.00000000
935	0.00000000
936	0.00000000
937	0.00000000
938	0.00000000
939	0.00000000
940	0.00000000
941	0.00000000
942	0.00000000
943	0.00000000
944	0.00000000
945	0.00000000
946	0.00000000
947	0.00000000
948	0.00000000
949	0.00000000
950	0.00000000
951	0.00000000
952	0.00000000
953	0.00000000
954	0.00000000
955	0.00000000
956	0.00000000
957	0.00000000
958	0.00000000
959	0.00000000
960	0.00000000
961	0.00000000
962	0.00000000
963	0.00000000
964	0.00000000
965	0.00000000
966	0.00000000
967	0.00000000
968	0.00000000
969	0.00000000
970	0.00000000
971	0.00000000
972	0.00000000
973	0.00000000
974	0.00000000
975	0.00000000
976	0.00000000
977	0.00000000
978	0.00000000
979	0.00000000
980	0.00000000
981	0.00000000
982	0.00000000
983	0.00000000
984	0.00000000
985	0.00000000
986	0.00000000
987	0.00000000
988	0.00000000
989	0.00000000
990	0.00000000
991	0.00000000
992	0.00000000
993	0.00000000
994	0.00000000
995	0.00000000
996	0.00000000
997	0.00000000
998	0.00000000
999	0.00000000
