0	0.00000000
1	0.00000000
2	0.00000000
3	0.00000000
4	0.00000000
5	0.00000000
6	0.00000000
7	0.00000000
8	0.00000000
9	0.00000000
10	0.00000000
11	0.00000000
12	0.00000000
13	0.00370486
14	0.02520341
15	0.02103854
16	0.02858824
17	0.02771162
18	0.03689540
19	0.04208659
20	0.04517766
21	0.04132858
22	0.03886068
23	0.03473714
24	0.03224586
25	0.02919880
26	0.02707409
27	0.02456311
28	0.02329419
29	0.02145595
30	0.02008658
31	0.01890391
32	0.02037268
33	0.02224518
34	0.02350802
35	0.02537959
36	0.02632053
37	0.02626022
38	0.02669995
39	0.02717033
40	0.02659520
41	0.02660562
42	0.02623737
43	0.02578157
44	0.02484223
45	0.02410088
46	0.02350580
47	0.02272115
48	0.02253077
49	0.02204428
50	0.02151772
51	0.02104739
52	0.02036635
53	0.01975542
54	0.01901860
55	0.01894644
56	0.01890877
57	0.01858604
58	0.01833890
59	0.01788091
60	0.01744084
61	0.01716115
62	0.01685611
63	0.01661294
64	0.01638719
65	0.01623388
66	0.01589665
67	0.01548553
68	0.01515301
69	0.01478603
70	0.01441281
71	0.01398816
72	0.01366032
73	0.01318528
74	0.01277975
75	0.01229000
76	0.01190330
77	0.01153857
78	0.01128207
79	0.01106827
80	0.01075465
81	0.01050045
82	0.01026761
83	0.00995310
84	0.00974066
85	0.00959771
86	0.00933580
87	0.00911929
88	0.00885407
89	0.00862005
90	0.00833332
91	0.00804620
92	0.00778463
93	0.00752551
94	0.00727241
95	0.00703226
96	0.00681619
97	0.00658903
98	0.00636967
99	0.00616841
100	0.00597282
101	0.00580329
102	0.00566283
103	0.00550557
104	0.00533421
105	0.00518229
106	0.00502219
107	0.00487324
108	0.00473181
109	0.00459487
110	0.00444250
111	0.00430480
112	0.00417380
113	0.00404127
114	0.00391167
115	0.00378737
116	0.00366831
117	0.00355331
118	0.00344268
119	0.00333499
120	0.00322967
121	0.00312869
122	0.00303085
123	0.00293609
124	0.00284635
125	0.00276157
126	0.00267517
127	0.00259372
128	0.00251168
129	0.00243437
130	0.00235848
131	0.00228568
132	0.00221501
133	0.00214643
134	0.00207986
135	0.00201536
136	0.00195282
137	0.00189219
138	0.00183342
139	0.00177646
140	0.00172125
141	0.00166776
142	0.00161593
143	0.00156572
144	0.00151706
145	0.00146992
146	0.00142424
147	0.00138000
148	0.00133715
149	0.00129565
150	0.00125544
151	0.00121647
152	0.00117871
153	0.00114213
154	0.00110668
155	0.00107233
156	0.00103904
157	0.00100680
158	0.00097555
159	0.00094527
160	0.00091593
161	0.00088750
162	0.00085995
163	0.00083326
164	0.00080739
165	0.00078233
166	0.00075804
167	0.00073451
168	0.00071171
169	0.00068961
170	0.00066820
171	0.00064746
172	0.00062736
173	0.00060788
174	0.00058901
175	0.00057073
176	0.00055301
177	0.00053584
178	0.00051921
179	0.00050309
180	0.00048747
181	0.00047234
182	0.00045768
183	0.00044347
184	0.00042970
185	0.00041636
186	0.00040344
187	0.00039092
188	0.00037878
189	0.00036702
190	0.00035563
191	0.00034459
192	0.00033389
193	0.00032353
194	0.00031348
195	0.00030375
196	0.00029432
197	0.00028519
198	0.00027633
199	0.00026775
200	0.00025944
201	0.00025139
202	0.00024358
203	0.00023602
204	0.00022870
205	0.00022160
206	0.00021472
207	0.00020805
208	0.00020159
209	0.00019534
210	0.00018927
211	0.00018340
212	0.00017770
213	0.00017219
214	0.00016684
215	0.00016166
216	0.00015664
217	0.00015178
218	0.00014707
219	0.00014250
220	0.00013808
221	0.00013379
222	0.00012964
223	0.00012562
224	0.00012172
225	0.00011794
226	0.00011428
227	0.00011073
228	0.00010729
229	0.00010396
230	0.00010073
231	0.00009761
232	0.00009458
233	0.00009164
234	0.00008880
235	0.00008604
236	0.00008337
237	0.00008078
238	0.00007827
239	0.00007584
240	0.00007349
241	0.00007121
242	0.00006900
243	0.00006685
244	0.00006478
245	0.00006277
246	0.00006082
247	0.00005893
248	0.00005710
249	0.00005533
250	0.00005361
251	0.00005195
252	0.00005034
253	0.00004877
254	0.00004726
255	0.00004579
256	0.00004437
257	0.00004299
258	0.00004166
259	0.00004036
260	0.00003911
261	0.00003790
262	0.00003672
263	0.00003558
264	0.00003448
265	0.00003341
266	0.00003237
267	0.00003136
268	0.00003039
269	0.00002945
270	0.00002853
271	0.00002765
272	0.00002679
273	0.00002596
274	0.00002515
275	0.00002437
276	0.00002361
277	0.00002288
278	0.00002217
279	0.00002148
280	0.00002082
281	0.00002017
282	0.00001954
283	0.00001894
284	0.00001835
285	0.00001778
286	0.00001723
287	0.00001669
288	0.00001617
289	0.00001567
290	0.00001519
291	0.00001471
292	0.00001426
293	0.00001382
294	0.00001339
295	0.00001297
296	0.00001257
297	0.00001218
298	0.00001180
299	0.00001143
300	0.00001108
301	0.00001073
302	0.00001040
303	0.00001008
304	0.00000977
305	0.00000946
306	0.00000917
307	0.00000888
308	0.00000861
309	0.00000834
310	0.00000808
311	0.00000783
312	0.00000759
313	0.00000735
314	0.00000712
315	0.00000690
316	0.00000669
317	0.00000648
318	0.00000628
319	0.00000609
320	0.00000590
321	0.00000571
322	0.00000554
323	0.00000536
324	0.00000520
325	0.00000504
326	0.00000488
327	0.00000473
328	0.00000458
329	0.00000444
330	0.00000430
331	0.00000417
332	0.00000404
333	0.00000391
334	0.00000379
335	0.00000367
336	0.00000356
337	0.00000345
338	0.00000334
339	0.00000324
340	0.00000314
341	0.00000304
342	0.00000295
343	0.00000285
344	0.00000277
345	0.00000268
346	0.00000260
347	0.00000252
348	0.00000244
349	0.00000236
350	0.00000229
351	0.00000222
352	0.00000215
353	0.00000208
354	0.00000202
355	0.00000196
356	0.00000189
357	0.00000184
358	0.00000178
359	0.00000172
360	0.00000167
361	0.00000162
362	0.00000157
363	0.00000152
364	0.00000147
365	0.00000143
366	0.00000138
367	0.00000134
368	0.00000130
369	0.00000126
370	0.00000122
371	0.00000118
372	0.00000114
373	0.00000111
374	0.00000107
375	0.00000104
376	0.00000101
377	0.00000098
378	0.00000095
379	0.00000092
380	0.00000089
381	0.00000086
382	0.00000083
383	0.00000081
384	0.00000078
385	0.00000076
386	0.00000074
387	0.00000071
388	0.00000069
389	0.00000067
390	0.00000065
391	0.00000063
392	0.00000061
393	0.00000059
394	0.00000057
395	0.00000055
396	0.00000054
397	0.00000052
398	0.00000050
399	0.00000049
400	0.00000047
401	0.00000046
402	0.00000044
403	0.00000043
404	0.00000042
405	0.00000040
406	0.00000039
407	0.00000038
408	0.00000037
409	0.00000036
410	0.00000035
411	0.00000033
412	0.00000032
413	0.00000031
414	0.00000030
415	0.00000029
416	0.00000029
417	0.00000028
418	0.00000027
419	0.00000026
420	0.00000025
421	0.00000024
422	0.00000024
423	0.00000023
424	0.00000022
425	0.00000022
426	0.00000021
427	0.00000020
428	0.00000020
429	0.00000019
430	0.00000018
431	0.00000018
432	0.00000017
433	0.00000017
434	0.00000016
435	0.00000016
436	0.00000015
437	0.00000015
438	0.00000014
439	0.00000014
440	0.00000013
441	0.00000013
442	0.00000013
443	0.00000012
444	0.00000012
445	0.00000011
446	0.00000011
447	0.00000011
448	0.00000010
449	0.00000010
450	0.00000010
451	0.00000009
452	0.00000009
453	0.00000009
454	0.00000009
455	0.00000008
456	0.00000008
457	0.00000008
458	0.00000008
459	0.00000007
460	0.00000007
461	0.00000007
462	0.00000007
463	0.00000006
464	0.00000006
465	0.00000006
466	0.00000006
467	0.00000006
468	0.00000006
469	0.00000005
470	0.00000005
471	0.00000005
472	0.00000005
473	0.00000005
474	0.00000005
475	0.00000004
476	0.00000004
477	0.00000004
478	0.00000004
479	0.00000004
480	0.00000004
481	0.00000004
482	0.00000004
483	0.00000003
484	0.00000003
485	0.00000003
486	0.00000003
487	0.00000003
488	0.00000003
489	0.00000003
490	0.00000003
491	0.00000003
492	0.00000003
493	0.00000003
494	0.00000002
495	0.00000002
496	0.00000002
497	0.00000002
498	0.00000002
499	0.00000002
500	0.00000002
501	0.00000002
502	0.00000002
503	0.00000002
504	0.00000002
505	0.00000002
506	0.00000002
507	0.00000002
508	0.00000002
509	0.00000002
510	0.00000001
511	0.00000001
512	0.00000001
513	0.00000001
514	0.00000001
515	0.00000001
516	0.00000001
517	0.00000001
518	0.00000001
519	0.00000001
520	0.00000001
521	0.00000001
522	0.00000001
523	0.00000001
524	0.00000001
525	0.00000001
526	0.00000001
527	0.00000001
528	0.00000001
529	0.00000001
530	0.00000001
531	0.00000001
532	0.00000001
533	0.00000001
534	0.00000001
535	0.00000001
536	0.00000001
537	0.00000001
538	0.00000001
539	0.00000001
540	0.00000001
541	0.00000001
542	0.00000001
543	0.00000001
544	0.00000001
545	0.00000000
546	0.00000000
547	0.00000000
548	0.00000000
549	0.00000000
550	0.00000000
551	0.00000000
552	0.00000000
553	0.00000000
554	0.00000000
555	0.00000000
556	0.00000000
557	0.00000000
558	0.00000000
559	0.00000000
560	0.00000000
561	0.00000000
562	0.00000000
563	0.00000000
564	0.00000000
565	0.00000000
566	0.00000000
567	0.00000000
568	0.00000000
569	0.00000000
570	0.00000000
571	0.00000000
572	0.00000000
573	0.00000000
574	0.00000000
575	0.00000000
576	0.00000000
577	0.00000000
578	0.00000000
579	0.00000000
580	0.00000000
581	0.00000000
582	0.00000000
583	0.00000000
584	0.00000000
585	0.00000000
586	0.00000000
587	0.00000000
588	0.00000000
589	0.00000000
590	0.00000000
591	0.00000000
592	0.00000000
593	0.00000000
594	0.00000000
595	0.00000000
596	0.00000000
597	0.00000000
598	0.00000000
599	0.00000000
600	0.00000000
601	0.00000000
602	0.00000000
603	0.00000000
604	0.00000000
605	0.00000000
606	0.00000000
607	0.00000000
608	0.00000000
609	0.00000000
610	0.00000000
611	0.00000000
612	0.00000000
613	0.00000000
614	0.00000000
615	0.00000000
616	0.00000000
617	0.00000000
618	0.00000000
619	0.00000000
620	0.00000000
621	0.00000000
622	0.00000000
623	0.00000000
624	0.00000000
625	0.00000000
626	0.00000000
627	0.00000000
628	0.00000000
629	0.00000000
630	0.00000000
631	0.00000000
632	0.00000000
633	0.00000000
634	0.00000000
635	0.00000000
636	0.00000000
637	0.00000000
638	0.00000000
639	0.00000000
640	0.00000000
641	0.00000000
642	0.00000000
643	0.00000000
644	0.00000000
645	0.00000000
646	0.00000000
647	0.00000000
648	0.00000000
649	0.00000000
650	0.00000000
651	0.00000000
652	0.00000000
653	0.00000000
654	0.00000000
655	0.00000000
656	0.00000000
657	0.00000000
658	0.00000000
659	0.00000000
660	0.00000000
661	0.00000000
662	0.00000000
663	0.00000000
664	0.00000000
665	0.00000000
666	0.00000000
667	0.00000000
668	0.00000000
669	0.00000000
670	0.00000000
671	0.00000000
672	0.00000000
673	0.00000000
674	0.00000000
675	0.00000000
676	0.00000000
677	0.00000000
678	0.00000000
679	0.00000000
680	0.00000000
681	0.00000000
682	0.00000000
683	0.00000000
684	0.00000000
685	0.00000000
686	0.00000000
687	0.00000000
688	0.00000000
689	0.00000000
690	0.00000000
691	0.00000000
692	0.00000000
693	0.00000000
694	0.00000000
695	0.00000000
696	0.00000000
697	0.00000000
698	0.00000000
699	0.00000000
700	0.00000000
701	0.00000000
702	0.00000000
703	0.00000000
704	0.00000000
705	0.00000000
706	0.00000000
707	0.00000000
708	0.00000000
709	0.00000000
710	0.00000000
711	0.00000000
712	0.00000000
713	0.00000000
714	0.00000000
715	0.00000000
716	0.00000000
717	0.00000000
718	0.00000000
719	0.00000000
720	0.00000000
721	0.00000000
722	0.00000000
723	0.00000000
724	0.00000000
725	0.00000000
726	0.00000000
727	0.00000000
728	0.00000000
729	0.00000000
730	0.00000000
731	0.00000000
732	0.00000000
733	0.00000000
734	0.00000000
735	0.00000000
736	0.00000000
737	0.00000000
738	0.00000000
739	0.00000000
740	0.00000000
741	0.00000000
742	0.00000000
743	0.00000000
744	0.00000000
745	0.00000000
746	0.00000000
747	0.00000000
748	0.00000000
749	0.00000000
750	0.00000000
751	0.00000000
752	0.00000000
753	0.00000000
754	0.00000000
755	0.00000000
756	0.00000000
757	0.00000000
758	0.00000000
759	0.00000000
760	0.00000000
761	0.00000000
762	0.00000000
763	0.00000000
764	0.00000000
765	0.00000000
766	0.00000000
767	0.00000000
768	0.00000000
769	0.00000000
770	0.00000000
771	0.00000000
772	0.00000000
773	0.00000000
774	0.00000000
775	0.00000000
776	0.00000000
777	0.00000000
778	0.00000000
779	0.00000000
780	0.00000000
781	0.00000000
782	0.00000000
783	0.00000000
784	0.00000000
785	0.00000000
786	0.00000000
787	0.00000000
788	0.00000000
789	0.00000000
790	0.00000000
791	0.00000000
792	0.00000000
793	0.00000000
794	0.00000000
795	0.00000000
796	0.00000000
797	0.00000000
798	0.00000000
799	0.00000000
800	0.00000000
801	0.00000000
802	0.00000000
803	0.00000000
804	0.00000000
805	0.00000000
806	0.00000000
807	0.00000000
808	0.00000000
809	0.00000000
810	0.00000000
811	0.00000000
812	0.00000000
813	0.00000000
814	0.00000000
815	0.00000000
816	0.00000000
817	0.00000000
818	0.00000000
819	0.00000000
820	0.00000000
821	0.00000000
822	0.00000000
823	0.00000000
824	0.00000000
825	0.00000000
826	0.00000000
827	0.00000000
828	0.00000000
829	0.00000000
830	0.00000000
831	0.00000000
832	0.00000000
833	0.00000000
834	0.00000000
835	0.00000000
836	0.00000000
837	0.00000000
838	0.00000000
839	0.00000000
840	0.00000000
841	0.00000000
842	0.00000000
843	0.00000000
844	0.00000000
845	0.00000000
846	0.00000000
847	0.00000000
848	0.00000000
849	0.00000000
850	0.00000000
851	0.00000000
852	0.00000000
853	0.00000000
854	0.00000000
855	0.00000000
856	0.00000000
857	0.00000000
858	0.00000000
859	0.00000000
860	0.00000000
861	0.00000000
862	0.00000000
863	0.00000000
864	0.00000000
865	0.00000000
866	0.00000000
867	0.00000000
868	0.00000000
869	0.00000000
870	0.00000000
871	0.00000000
872	0.00000000
873	0.00000000
874	0.00000000
875	0.00000000
876	0.00000000
877	0.00000000
878	0.00000000
879	0.00000000
880	0.00000000
881	0.00000000
882	0.00000000
883	0.00000000
884	0.00000000
885	0.00000000
886	0.00000000
887	0.00000000
888	0.00000000
889	0.00000000
890	0.00000000
891	0.00000000
892	0.00000000
893	0.00000000
894	0.00000000
895	0.00000000
896	0.00000000
897	0.00000000
898	0.00000000
899	0.00000000
900	0.00000000
901	0.00000000
902	0.00000000
903	0.00000000
904	0.00000000
905	0.00000000
906	0.00000000
907	0.00000000
908	0.00000000
909	0.00000000
910	0.00000000
911	0.00000000
912	0.00000000
913	0.00000000
914	0.00000000
915	0.00000000
916	0.00000000
917	0.00000000
918	0.00000000
919	0.00000000
920	0.00000000
921	0.00000000
922	0.00000000
923	0.00000000
924	0.00000000
925	0.00000000
926	0.00000000
927	0.00000000
928	0.00000000
929	0.00000000
930	0.00000000
931	0.00000000
932	0.00000000
933	0.00000000
934	0.00000000
935	0.00000000
936	0.00000000
937	0.00000000
938	0.00000000
939	0.00000000
940	0.00000000
941	0.00000000
942	0.00000000
943	0.00000000
944	0.00000000
945	0.00000000
946	0.00000000
947	0.00000000
948	0.00000000
949	0.00000000
950	0.00000000
951	0.00000000
952	0.00000000
953	0.00000000
954	0.00000000
955	0.00000000
956	0.00000000
957	0.00000000
958	0.00000000
959	0.00000000
960	0.00000000
961	0.00000000
962	0.00000000
963	0.00000000
964	0.00000000
965	0.00000000
966	0.00000000
967	0.00000000
968	0.00000000
969	0.00000000
970	0.00000000
971	0.00000000
972	0.00000000
973	0.00000000
974	0.00000000
975	0.00000000
976	0.00000000
977	0.00000000
978	0.00000000
979	0.00000000
980	0.00000000
981	0.00000000
982	0.00000000
983	0.00000000
984	0.00000000
985	0.00000000
986	0.00000000
987	0.00000000
988	0.00000000
989	0.00000000
990	0.00000000
991	0.00000000
992	0.00000000
993	0.00000000
994	0.00000000
995	0.00000000
996	0.00000000
997	0.00000000
998	0.00000000
999	0.00000000
