0	0.00000000
1	0.00000000
2	0.00000000
3	0.00000000
4	0.00000000
5	0.00000000
6	0.00000000
7	0.00000000
8	0.00000000
9	0.00000000
10	0.00000000
11	0.00000000
12	0.00000000
13	0.02318320
14	0.14032295
15	0.09816590
16	0.10062630
17	0.06456181
18	0.05355195
19	0.04603649
20	0.04277673
21	0.03578460
22	0.03146855
23	0.02687580
24	0.02291039
25	0.01979154
26	0.01810683
27	0.01684470
28	0.01631558
29	0.01553053
30	0.01514554
31	0.01494813
32	0.01879700
33	0.02519133
34	0.02696316
35	0.02790126
36	0.03001216
37	0.02994737
38	0.02836994
39	0.02803456
40	0.02714256
41	0.02724355
42	0.02648314
43	0.02645260
44	0.02601081
45	0.02582316
46	0.02564271
47	0.02464147
48	0.02397604
49	0.02293514
50	0.02213739
51	0.02127989
52	0.02048203
53	0.01984946
54	0.01912069
55	0.01929536
56	0.01946955
57	0.01929831
58	0.01924341
59	0.01899864
60	0.01868915
61	0.01826888
62	0.01796313
63	0.01789291
64	0.01780104
65	0.01752670
66	0.01720446
67	0.01668505
68	0.01604224
69	0.01573472
70	0.01516885
71	0.01473605
72	0.01426139
73	0.01381949
74	0.01335574
75	0.01284898
76	0.01249284
77	0.01214513
78	0.01195490
79	0.01179967
80	0.01161087
81	0.01132236
82	0.01114879
83	0.01090211
84	0.01062373
85	0.01041211
86	0.01010959
87	0.00986411
88	0.00956766
89	0.00924552
90	0.00892526
91	0.00865824
92	0.00835405
93	0.00809434
94	0.00781495
95	0.00757130
96	0.00733700
97	0.00709115
98	0.00685191
99	0.00663449
100	0.00642518
101	0.00623395
102	0.00608925
103	0.00596108
104	0.00578581
105	0.00564249
106	0.00548120
107	0.00530711
108	0.00514355
109	0.00497367
110	0.00481140
111	0.00466095
112	0.00451666
113	0.00437581
114	0.00423371
115	0.00409658
116	0.00396834
117	0.00384338
118	0.00372157
119	0.00360489
120	0.00349126
121	0.00338216
122	0.00327656
123	0.00317433
124	0.00307690
125	0.00298536
126	0.00289543
127	0.00281105
128	0.00271948
129	0.00263906
130	0.00255516
131	0.00247656
132	0.00239938
133	0.00232492
134	0.00225279
135	0.00218271
136	0.00211489
137	0.00204916
138	0.00198538
139	0.00192359
140	0.00186372
141	0.00180571
142	0.00174952
143	0.00169509
144	0.00164237
145	0.00159130
146	0.00154183
147	0.00149391
148	0.00144752
149	0.00140260
150	0.00135910
151	0.00131696
152	0.00127612
153	0.00123654
154	0.00119817
155	0.00116100
156	0.00112498
157	0.00109006
158	0.00105624
159	0.00102346
160	0.00099169
161	0.00096091
162	0.00093108
163	0.00090218
164	0.00087417
165	0.00084703
166	0.00082074
167	0.00079526
168	0.00077056
169	0.00074664
170	0.00072346
171	0.00070100
172	0.00067923
173	0.00065815
174	0.00063771
175	0.00061792
176	0.00059873
177	0.00058015
178	0.00056214
179	0.00054469
180	0.00052778
181	0.00051140
182	0.00049552
183	0.00048014
184	0.00046524
185	0.00045079
186	0.00043680
187	0.00042324
188	0.00041010
189	0.00039737
190	0.00038504
191	0.00037308
192	0.00036150
193	0.00035028
194	0.00033941
195	0.00032887
196	0.00031866
197	0.00030877
198	0.00029918
199	0.00028989
200	0.00028090
201	0.00027218
202	0.00026373
203	0.00025554
204	0.00024761
205	0.00023992
206	0.00023247
207	0.00022526
208	0.00021826
209	0.00021149
210	0.00020492
211	0.00019856
212	0.00019240
213	0.00018642
214	0.00018064
215	0.00017503
216	0.00016960
217	0.00016433
218	0.00015923
219	0.00015429
220	0.00014950
221	0.00014486
222	0.00014036
223	0.00013600
224	0.00013178
225	0.00012769
226	0.00012373
227	0.00011989
228	0.00011616
229	0.00011256
230	0.00010906
231	0.00010568
232	0.00010240
233	0.00009922
234	0.00009614
235	0.00009315
236	0.00009026
237	0.00008746
238	0.00008475
239	0.00008211
240	0.00007957
241	0.00007710
242	0.00007470
243	0.00007238
244	0.00007014
245	0.00006796
246	0.00006585
247	0.00006381
248	0.00006182
249	0.00005991
250	0.00005805
251	0.00005624
252	0.00005450
253	0.00005281
254	0.00005117
255	0.00004958
256	0.00004804
257	0.00004655
258	0.00004510
259	0.00004370
260	0.00004235
261	0.00004103
262	0.00003976
263	0.00003852
264	0.00003733
265	0.00003617
266	0.00003505
267	0.00003396
268	0.00003290
269	0.00003188
270	0.00003089
271	0.00002993
272	0.00002900
273	0.00002810
274	0.00002723
275	0.00002639
276	0.00002557
277	0.00002477
278	0.00002400
279	0.00002326
280	0.00002254
281	0.00002184
282	0.00002116
283	0.00002050
284	0.00001987
285	0.00001925
286	0.00001865
287	0.00001807
288	0.00001751
289	0.00001697
290	0.00001644
291	0.00001593
292	0.00001544
293	0.00001496
294	0.00001449
295	0.00001404
296	0.00001361
297	0.00001318
298	0.00001278
299	0.00001238
300	0.00001199
301	0.00001162
302	0.00001126
303	0.00001091
304	0.00001057
305	0.00001025
306	0.00000993
307	0.00000962
308	0.00000932
309	0.00000903
310	0.00000875
311	0.00000848
312	0.00000822
313	0.00000796
314	0.00000771
315	0.00000747
316	0.00000724
317	0.00000702
318	0.00000680
319	0.00000659
320	0.00000638
321	0.00000619
322	0.00000599
323	0.00000581
324	0.00000563
325	0.00000545
326	0.00000528
327	0.00000512
328	0.00000496
329	0.00000481
330	0.00000466
331	0.00000451
332	0.00000437
333	0.00000424
334	0.00000411
335	0.00000398
336	0.00000385
337	0.00000373
338	0.00000362
339	0.00000351
340	0.00000340
341	0.00000329
342	0.00000319
343	0.00000309
344	0.00000299
345	0.00000290
346	0.00000281
347	0.00000272
348	0.00000264
349	0.00000256
350	0.00000248
351	0.00000240
352	0.00000233
353	0.00000225
354	0.00000218
355	0.00000212
356	0.00000205
357	0.00000199
358	0.00000193
359	0.00000187
360	0.00000181
361	0.00000175
362	0.00000170
363	0.00000165
364	0.00000159
365	0.00000154
366	0.00000150
367	0.00000145
368	0.00000141
369	0.00000136
370	0.00000132
371	0.00000128
372	0.00000124
373	0.00000120
374	0.00000116
375	0.00000113
376	0.00000109
377	0.00000106
378	0.00000103
379	0.00000099
380	0.00000096
381	0.00000093
382	0.00000090
383	0.00000088
384	0.00000085
385	0.00000082
386	0.00000080
387	0.00000077
388	0.00000075
389	0.00000072
390	0.00000070
391	0.00000068
392	0.00000066
393	0.00000064
394	0.00000062
395	0.00000060
396	0.00000058
397	0.00000056
398	0.00000055
399	0.00000053
400	0.00000051
401	0.00000050
402	0.00000048
403	0.00000047
404	0.00000045
405	0.00000044
406	0.00000042
407	0.00000041
408	0.00000040
409	0.00000039
410	0.00000037
411	0.00000036
412	0.00000035
413	0.00000034
414	0.00000033
415	0.00000032
416	0.00000031
417	0.00000030
418	0.00000029
419	0.00000028
420	0.00000027
421	0.00000026
422	0.00000026
423	0.00000025
424	0.00000024
425	0.00000023
426	0.00000023
427	0.00000022
428	0.00000021
429	0.00000021
430	0.00000020
431	0.00000019
432	0.00000019
433	0.00000018
434	0.00000018
435	0.00000017
436	0.00000016
437	0.00000016
438	0.00000015
439	0.00000015
440	0.00000015
441	0.00000014
442	0.00000014
443	0.00000013
444	0.00000013
445	0.00000012
446	0.00000012
447	0.00000012
448	0.00000011
449	0.00000011
450	0.00000011
451	0.00000010
452	0.00000010
453	0.00000010
454	0.00000009
455	0.00000009
456	0.00000009
457	0.00000008
458	0.00000008
459	0.00000008
460	0.00000008
461	0.00000007
462	0.00000007
463	0.00000007
464	0.00000007
465	0.00000007
466	0.00000006
467	0.00000006
468	0.00000006
469	0.00000006
470	0.00000006
471	0.00000005
472	0.00000005
473	0.00000005
474	0.00000005
475	0.00000005
476	0.00000005
477	0.00000005
478	0.00000004
479	0.00000004
480	0.00000004
481	0.00000004
482	0.00000004
483	0.00000004
484	0.00000004
485	0.00000004
486	0.00000003
487	0.00000003
488	0.00000003
489	0.00000003
490	0.00000003
491	0.00000003
492	0.00000003
493	0.00000003
494	0.00000003
495	0.00000003
496	0.00000002
497	0.00000002
498	0.00000002
499	0.00000002
500	0.00000002
501	0.00000002
502	0.00000002
503	0.00000002
504	0.00000002
505	0.00000002
506	0.00000002
507	0.00000002
508	0.00000002
509	0.00000002
510	0.00000002
511	0.00000002
512	0.00000001
513	0.00000001
514	0.00000001
515	0.00000001
516	0.00000001
517	0.00000001
518	0.00000001
519	0.00000001
520	0.00000001
521	0.00000001
522	0.00000001
523	0.00000001
524	0.00000001
525	0.00000001
526	0.00000001
527	0.00000001
528	0.00000001
529	0.00000001
530	0.00000001
531	0.00000001
532	0.00000001
533	0.00000001
534	0.00000001
535	0.00000001
536	0.00000001
537	0.00000001
538	0.00000001
539	0.00000001
540	0.00000001
541	0.00000001
542	0.00000001
543	0.00000001
544	0.00000001
545	0.00000001
546	0.00000001
547	0.00000000
548	0.00000000
549	0.00000000
550	0.00000000
551	0.00000000
552	0.00000000
553	0.00000000
554	0.00000000
555	0.00000000
556	0.00000000
557	0.00000000
558	0.00000000
559	0.00000000
560	0.00000000
561	0.00000000
562	0.00000000
563	0.00000000
564	0.00000000
565	0.00000000
566	0.00000000
567	0.00000000
568	0.00000000
569	0.00000000
570	0.00000000
571	0.00000000
572	0.00000000
573	0.00000000
574	0.00000000
575	0.00000000
576	0.00000000
577	0.00000000
578	0.00000000
579	0.00000000
580	0.00000000
581	0.00000000
582	0.00000000
583	0.00000000
584	0.00000000
585	0.00000000
586	0.00000000
587	0.00000000
588	0.00000000
589	0.00000000
590	0.00000000
591	0.00000000
592	0.00000000
593	0.00000000
594	0.00000000
595	0.00000000
596	0.00000000
597	0.00000000
598	0.00000000
599	0.00000000
600	0.00000000
601	0.00000000
602	0.00000000
603	0.00000000
604	0.00000000
605	0.00000000
606	0.00000000
607	0.00000000
608	0.00000000
609	0.00000000
610	0.00000000
611	0.00000000
612	0.00000000
613	0.00000000
614	0.00000000
615	0.00000000
616	0.00000000
617	0.00000000
618	0.00000000
619	0.00000000
620	0.00000000
621	0.00000000
622	0.00000000
623	0.00000000
624	0.00000000
625	0.00000000
626	0.00000000
627	0.00000000
628	0.00000000
629	0.00000000
630	0.00000000
631	0.00000000
632	0.00000000
633	0.00000000
634	0.00000000
635	0.00000000
636	0.00000000
637	0.00000000
638	0.00000000
639	0.00000000
640	0.00000000
641	0.00000000
642	0.00000000
643	0.00000000
644	0.00000000
645	0.00000000
646	0.00000000
647	0.00000000
648	0.00000000
649	0.00000000
650	0.00000000
651	0.00000000
652	0.00000000
653	0.00000000
654	0.00000000
655	0.00000000
656	0.00000000
657	0.00000000
658	0.00000000
659	0.00000000
660	0.00000000
661	0.00000000
662	0.00000000
663	0.00000000
664	0.00000000
665	0.00000000
666	0.00000000
667	0.00000000
668	0.00000000
669	0.00000000
670	0.00000000
671	0.00000000
672	0.00000000
673	0.00000000
674	0.00000000
675	0.00000000
676	0.00000000
677	0.00000000
678	0.00000000
679	0.00000000
680	0.00000000
681	0.00000000
682	0.00000000
683	0.00000000
684	0.00000000
685	0.00000000
686	0.00000000
687	0.00000000
688	0.00000000
689	0.00000000
690	0.00000000
691	0.00000000
692	0.00000000
693	0.00000000
694	0.00000000
695	0.00000000
696	0.00000000
697	0.00000000
698	0.00000000
699	0.00000000
700	0.00000000
701	0.00000000
702	0.00000000
703	0.00000000
704	0.00000000
705	0.00000000
706	0.00000000
707	0.00000000
708	0.00000000
709	0.00000000
710	0.00000000
711	0.00000000
712	0.00000000
713	0.00000000
714	0.00000000
715	0.00000000
716	0.00000000
717	0.00000000
718	0.00000000
719	0.00000000
720	0.00000000
721	0.00000000
722	0.00000000
723	0.00000000
724	0.00000000
725	0.00000000
726	0.00000000
727	0.00000000
728	0.00000000
729	0.00000000
730	0.00000000
731	0.00000000
732	0.00000000
733	0.00000000
734	0.00000000
735	0.00000000
736	0.00000000
737	0.00000000
738	0.00000000
739	0.00000000
740	0.00000000
741	0.00000000
742	0.00000000
743	0.00000000
744	0.00000000
745	0.00000000
746	0.00000000
747	0.00000000
748	0.00000000
749	0.00000000
750	0.00000000
751	0.00000000
752	0.00000000
753	0.00000000
754	0.00000000
755	0.00000000
756	0.00000000
757	0.00000000
758	0.00000000
759	0.00000000
760	0.00000000
761	0.00000000
762	0.00000000
763	0.00000000
764	0.00000000
765	0.00000000
766	0.00000000
767	0.00000000
768	0.00000000
769	0.00000000
770	0.00000000
771	0.00000000
772	0.00000000
773	0.00000000
774	0.00000000
775	0.00000000
776	0.00000000
777	0.00000000
778	0.00000000
779	0.00000000
780	0.00000000
781	0.00000000
782	0.00000000
783	0.00000000
784	0.00000000
785	0.00000000
786	0.00000000
787	0.00000000
788	0.00000000
789	0.00000000
790	0.00000000
791	0.00000000
792	0.00000000
793	0.00000000
794	0.00000000
795	0.00000000
796	0.00000000
797	0.00000000
798	0.00000000
799	0.00000000
800	0.00000000
801	0.00000000
802	0.00000000
803	0.00000000
804	0.00000000
805	0.00000000
806	0.00000000
807	0.00000000
808	0.00000000
809	0.00000000
810	0.00000000
811	0.00000000
812	0.00000000
813	0.00000000
814	0.00000000
815	0.00000000
816	0.00000000
817	0.00000000
818	0.00000000
819	0.00000000
820	0.00000000
821	0.00000000
822	0.00000000
823	0.00000000
824	0.00000000
825	0.00000000
826	0.00000000
827	0.00000000
828	0.00000000
829	0.00000000
830	0.00000000
831	0.00000000
832	0.00000000
833	0.00000000
834	0.00000000
835	0.00000000
836	0.00000000
837	0.00000000
838	0.00000000
839	0.00000000
840	0.00000000
841	0.00000000
842	0.00000000
843	0.00000000
844	0.00000000
845	0.00000000
846	0.00000000
847	0.00000000
848	0.00000000
849	0.00000000
850	0.00000000
851	0.00000000
852	0.00000000
853	0.00000000
854	0.00000000
855	0.00000000
856	0.00000000
857	0.00000000
858	0.00000000
859	0.00000000
860	0.00000000
861	0.00000000
862	0.00000000
863	0.00000000
864	0.00000000
865	0.00000000
866	0.00000000
867	0.00000000
868	0.00000000
869	0.00000000
870	0.00000000
871	0.00000000
872	0.00000000
873	0.00000000
874	0.00000000
875	0.00000000
876	0.00000000
877	0.00000000
878	0.00000000
879	0.00000000
880	0.00000000
881	0.00000000
882	0.00000000
883	0.00000000
884	0.00000000
885	0.00000000
886	0.00000000
887	0.00000000
888	0.00000000
889	0.00000000
890	0.00000000
891	0.00000000
892	0.00000000
893	0.00000000
894	0.00000000
895	0.00000000
896	0.00000000
897	0.00000000
898	0.00000000
899	0.00000000
900	0.00000000
901	0.00000000
902	0.00000000
903	0.00000000
904	0.00000000
905	0.00000000
906	0.00000000
907	0.00000000
908	0.00000000
909	0.00000000
910	0.00000000
911	0.00000000
912	0.00000000
913	0.00000000
914	0.00000000
915	0.00000000
916	0.00000000
917	0.00000000
918	0.00000000
919	0.00000000
920	0.00000000
921	0.00000000
922	0.00000000
923	0.00000000
924	0.00000000
925	0.00000000
926	0.00000000
927	0.00000000
928	0.00000000
929	0.00000000
930	0.00000000
931	0.00000000
932	0.00000000
933	0.00000000
934	0.00000000
935	0.00000000
936	0.00000000
937	0.00000000
938	0.00000000
939	0.00000000
940	0.00000000
941	0.00000000
942	0.00000000
943	0.00000000
944	0.00000000
945	0.00000000
946	0.00000000
947	0.00000000
948	0.00000000
949	0.00000000
950	0.00000000
951	0.00000000
952	0.00000000
953	0.00000000
954	0.00000000
955	0.00000000
956	0.00000000
957	0.00000000
958	0.00000000
959	0.00000000
960	0.00000000
961	0.00000000
962	0.00000000
963	0.00000000
964	0.00000000
965	0.00000000
966	0.00000000
967	0.00000000
968	0.00000000
969	0.00000000
970	0.00000000
971	0.00000000
972	0.00000000
973	0.00000000
974	0.00000000
975	0.00000000
976	0.00000000
977	0.00000000
978	0.00000000
979	0.00000000
980	0.00000000
981	0.00000000
982	0.00000000
983	0.00000000
984	0.00000000
985	0.00000000
986	0.00000000
987	0.00000000
988	0.00000000
989	0.00000000
990	0.00000000
991	0.00000000
992	0.00000000
993	0.00000000
994	0.00000000
995	0.00000000
996	0.00000000
997	0.00000000
998	0.00000000
999	0.00000000
