0	0.00000000
1	0.00000000
2	0.00000000
3	0.00000000
4	0.00000000
5	0.00000000
6	0.00000000
7	0.00000000
8	0.00000000
9	0.00000000
10	0.00000000
11	0.00000000
12	0.00000000
13	0.00263495
14	0.01813863
15	0.01533727
16	0.02313760
17	0.02405610
18	0.03493240
19	0.04124403
20	0.04596910
21	0.04349730
22	0.04189820
23	0.03813000
24	0.03576790
25	0.03215840
26	0.02928260
27	0.02606717
28	0.02449250
29	0.02227047
30	0.02059823
31	0.01911363
32	0.01981220
33	0.02096050
34	0.02213873
35	0.02375860
36	0.02457737
37	0.02483457
38	0.02607547
39	0.02697693
40	0.02679297
41	0.02682717
42	0.02667643
43	0.02609703
44	0.02494303
45	0.02386333
46	0.02307250
47	0.02225553
48	0.02208687
49	0.02163660
50	0.02117557
51	0.02079283
52	0.02021183
53	0.01959287
54	0.01888643
55	0.01870827
56	0.01859157
57	0.01821723
58	0.01784140
59	0.01734320
60	0.01697133
61	0.01688030
62	0.01665717
63	0.01634947
64	0.01610997
65	0.01598033
66	0.01553640
67	0.01515390
68	0.01484120
69	0.01452413
70	0.01414730
71	0.01377030
72	0.01344140
73	0.01300267
74	0.01257543
75	0.01208080
76	0.01167497
77	0.01130473
78	0.01102083
79	0.01078720
80	0.01045363
81	0.01021551
82	0.00996684
83	0.00966048
84	0.00948109
85	0.00940942
86	0.00911282
87	0.00892220
88	0.00866512
89	0.00843058
90	0.00814744
91	0.00785967
92	0.00761040
93	0.00735322
94	0.00710034
95	0.00686618
96	0.00665029
97	0.00643234
98	0.00621537
99	0.00601671
100	0.00582521
101	0.00565797
102	0.00551491
103	0.00535886
104	0.00518957
105	0.00504061
106	0.00488550
107	0.00474743
108	0.00461763
109	0.00448370
110	0.00433121
111	0.00419876
112	0.00407011
113	0.00393803
114	0.00381244
115	0.00369275
116	0.00357584
117	0.00346370
118	0.00335549
119	0.00325103
120	0.00314803
121	0.00304952
122	0.00295406
123	0.00286165
124	0.00277411
125	0.00269042
126	0.00260632
127	0.00252666
128	0.00244702
129	0.00237156
130	0.00229786
131	0.00222714
132	0.00215838
133	0.00209156
134	0.00202668
135	0.00196386
136	0.00190292
137	0.00184386
138	0.00178659
139	0.00173111
140	0.00167732
141	0.00162521
142	0.00157470
143	0.00152577
144	0.00147836
145	0.00143242
146	0.00138791
147	0.00134479
148	0.00130303
149	0.00126258
150	0.00122339
151	0.00118541
152	0.00114861
153	0.00111295
154	0.00107840
155	0.00104493
156	0.00101250
157	0.00098108
158	0.00095063
159	0.00092112
160	0.00089253
161	0.00086483
162	0.00083799
163	0.00081198
164	0.00078677
165	0.00076235
166	0.00073868
167	0.00071575
168	0.00069353
169	0.00067200
170	0.00065114
171	0.00063093
172	0.00061134
173	0.00059236
174	0.00057397
175	0.00055615
176	0.00053889
177	0.00052216
178	0.00050595
179	0.00049024
180	0.00047502
181	0.00046028
182	0.00044599
183	0.00043214
184	0.00041873
185	0.00040573
186	0.00039314
187	0.00038093
188	0.00036911
189	0.00035765
190	0.00034655
191	0.00033579
192	0.00032536
193	0.00031526
194	0.00030548
195	0.00029599
196	0.00028681
197	0.00027790
198	0.00026928
199	0.00026092
200	0.00025282
201	0.00024497
202	0.00023736
203	0.00023000
204	0.00022286
205	0.00021594
206	0.00020923
207	0.00020274
208	0.00019645
209	0.00019035
210	0.00018444
211	0.00017871
212	0.00017317
213	0.00016779
214	0.00016258
215	0.00015753
216	0.00015264
217	0.00014790
218	0.00014331
219	0.00013886
220	0.00013455
221	0.00013038
222	0.00012633
223	0.00012241
224	0.00011861
225	0.00011493
226	0.00011136
227	0.00010790
228	0.00010455
229	0.00010131
230	0.00009816
231	0.00009511
232	0.00009216
233	0.00008930
234	0.00008653
235	0.00008384
236	0.00008124
237	0.00007872
238	0.00007627
239	0.00007391
240	0.00007161
241	0.00006939
242	0.00006723
243	0.00006515
244	0.00006313
245	0.00006117
246	0.00005927
247	0.00005743
248	0.00005564
249	0.00005392
250	0.00005224
251	0.00005062
252	0.00004905
253	0.00004753
254	0.00004605
255	0.00004462
256	0.00004324
257	0.00004189
258	0.00004059
259	0.00003933
260	0.00003811
261	0.00003693
262	0.00003578
263	0.00003467
264	0.00003360
265	0.00003255
266	0.00003154
267	0.00003056
268	0.00002961
269	0.00002870
270	0.00002780
271	0.00002694
272	0.00002611
273	0.00002529
274	0.00002451
275	0.00002375
276	0.00002301
277	0.00002230
278	0.00002160
279	0.00002093
280	0.00002028
281	0.00001965
282	0.00001904
283	0.00001845
284	0.00001788
285	0.00001733
286	0.00001679
287	0.00001627
288	0.00001576
289	0.00001527
290	0.00001480
291	0.00001434
292	0.00001389
293	0.00001346
294	0.00001304
295	0.00001264
296	0.00001225
297	0.00001187
298	0.00001150
299	0.00001114
300	0.00001080
301	0.00001046
302	0.00001014
303	0.00000982
304	0.00000952
305	0.00000922
306	0.00000893
307	0.00000866
308	0.00000839
309	0.00000813
310	0.00000788
311	0.00000763
312	0.00000739
313	0.00000716
314	0.00000694
315	0.00000673
316	0.00000652
317	0.00000632
318	0.00000612
319	0.00000593
320	0.00000575
321	0.00000557
322	0.00000539
323	0.00000523
324	0.00000506
325	0.00000491
326	0.00000476
327	0.00000461
328	0.00000446
329	0.00000433
330	0.00000419
331	0.00000406
332	0.00000394
333	0.00000381
334	0.00000369
335	0.00000358
336	0.00000347
337	0.00000336
338	0.00000326
339	0.00000316
340	0.00000306
341	0.00000296
342	0.00000287
343	0.00000278
344	0.00000270
345	0.00000261
346	0.00000253
347	0.00000245
348	0.00000238
349	0.00000230
350	0.00000223
351	0.00000216
352	0.00000209
353	0.00000203
354	0.00000197
355	0.00000191
356	0.00000185
357	0.00000179
358	0.00000173
359	0.00000168
360	0.00000163
361	0.00000158
362	0.00000153
363	0.00000148
364	0.00000143
365	0.00000139
366	0.00000135
367	0.00000131
368	0.00000126
369	0.00000123
370	0.00000119
371	0.00000115
372	0.00000111
373	0.00000108
374	0.00000105
375	0.00000101
376	0.00000098
377	0.00000095
378	0.00000092
379	0.00000089
380	0.00000087
381	0.00000084
382	0.00000081
383	0.00000079
384	0.00000076
385	0.00000074
386	0.00000072
387	0.00000069
388	0.00000067
389	0.00000065
390	0.00000063
391	0.00000061
392	0.00000059
393	0.00000057
394	0.00000056
395	0.00000054
396	0.00000052
397	0.00000051
398	0.00000049
399	0.00000048
400	0.00000046
401	0.00000045
402	0.00000043
403	0.00000042
404	0.00000041
405	0.00000039
406	0.00000038
407	0.00000037
408	0.00000036
409	0.00000035
410	0.00000034
411	0.00000033
412	0.00000032
413	0.00000031
414	0.00000030
415	0.00000029
416	0.00000028
417	0.00000027
418	0.00000026
419	0.00000025
420	0.00000025
421	0.00000024
422	0.00000023
423	0.00000022
424	0.00000022
425	0.00000021
426	0.00000020
427	0.00000020
428	0.00000019
429	0.00000018
430	0.00000018
431	0.00000017
432	0.00000017
433	0.00000016
434	0.00000016
435	0.00000015
436	0.00000015
437	0.00000014
438	0.00000014
439	0.00000013
440	0.00000013
441	0.00000013
442	0.00000012
443	0.00000012
444	0.00000012
445	0.00000011
446	0.00000011
447	0.00000010
448	0.00000010
449	0.00000010
450	0.00000010
451	0.00000009
452	0.00000009
453	0.00000009
454	0.00000008
455	0.00000008
456	0.00000008
457	0.00000008
458	0.00000007
459	0.00000007
460	0.00000007
461	0.00000007
462	0.00000007
463	0.00000006
464	0.00000006
465	0.00000006
466	0.00000006
467	0.00000006
468	0.00000005
469	0.00000005
470	0.00000005
471	0.00000005
472	0.00000005
473	0.00000005
474	0.00000004
475	0.00000004
476	0.00000004
477	0.00000004
478	0.00000004
479	0.00000004
480	0.00000004
481	0.00000004
482	0.00000003
483	0.00000003
484	0.00000003
485	0.00000003
486	0.00000003
487	0.00000003
488	0.00000003
489	0.00000003
490	0.00000003
491	0.00000003
492	0.00000003
493	0.00000002
494	0.00000002
495	0.00000002
496	0.00000002
497	0.00000002
498	0.00000002
499	0.00000002
500	0.00000002
501	0.00000002
502	0.00000002
503	0.00000002
504	0.00000002
505	0.00000002
506	0.00000002
507	0.00000002
508	0.00000002
509	0.00000001
510	0.00000001
511	0.00000001
512	0.00000001
513	0.00000001
514	0.00000001
515	0.00000001
516	0.00000001
517	0.00000001
518	0.00000001
519	0.00000001
520	0.00000001
521	0.00000001
522	0.00000001
523	0.00000001
524	0.00000001
525	0.00000001
526	0.00000001
527	0.00000001
528	0.00000001
529	0.00000001
530	0.00000001
531	0.00000001
532	0.00000001
533	0.00000001
534	0.00000001
535	0.00000001
536	0.00000001
537	0.00000001
538	0.00000001
539	0.00000001
540	0.00000001
541	0.00000001
542	0.00000001
543	0.00000001
544	0.00000000
545	0.00000000
546	0.00000000
547	0.00000000
548	0.00000000
549	0.00000000
550	0.00000000
551	0.00000000
552	0.00000000
553	0.00000000
554	0.00000000
555	0.00000000
556	0.00000000
557	0.00000000
558	0.00000000
559	0.00000000
560	0.00000000
561	0.00000000
562	0.00000000
563	0.00000000
564	0.00000000
565	0.00000000
566	0.00000000
567	0.00000000
568	0.00000000
569	0.00000000
570	0.00000000
571	0.00000000
572	0.00000000
573	0.00000000
574	0.00000000
575	0.00000000
576	0.00000000
577	0.00000000
578	0.00000000
579	0.00000000
580	0.00000000
581	0.00000000
582	0.00000000
583	0.00000000
584	0.00000000
585	0.00000000
586	0.00000000
587	0.00000000
588	0.00000000
589	0.00000000
590	0.00000000
591	0.00000000
592	0.00000000
593	0.00000000
594	0.00000000
595	0.00000000
596	0.00000000
597	0.00000000
598	0.00000000
599	0.00000000
600	0.00000000
601	0.00000000
602	0.00000000
603	0.00000000
604	0.00000000
605	0.00000000
606	0.00000000
607	0.00000000
608	0.00000000
609	0.00000000
610	0.00000000
611	0.00000000
612	0.00000000
613	0.00000000
614	0.00000000
615	0.00000000
616	0.00000000
617	0.00000000
618	0.00000000
619	0.00000000
620	0.00000000
621	0.00000000
622	0.00000000
623	0.00000000
624	0.00000000
625	0.00000000
626	0.00000000
627	0.00000000
628	0.00000000
629	0.00000000
630	0.00000000
631	0.00000000
632	0.00000000
633	0.00000000
634	0.00000000
635	0.00000000
636	0.00000000
637	0.00000000
638	0.00000000
639	0.00000000
640	0.00000000
641	0.00000000
642	0.00000000
643	0.00000000
644	0.00000000
645	0.00000000
646	0.00000000
647	0.00000000
648	0.00000000
649	0.00000000
650	0.00000000
651	0.00000000
652	0.00000000
653	0.00000000
654	0.00000000
655	0.00000000
656	0.00000000
657	0.00000000
658	0.00000000
659	0.00000000
660	0.00000000
661	0.00000000
662	0.00000000
663	0.00000000
664	0.00000000
665	0.00000000
666	0.00000000
667	0.00000000
668	0.00000000
669	0.00000000
670	0.00000000
671	0.00000000
672	0.00000000
673	0.00000000
674	0.00000000
675	0.00000000
676	0.00000000
677	0.00000000
678	0.00000000
679	0.00000000
680	0.00000000
681	0.00000000
682	0.00000000
683	0.00000000
684	0.00000000
685	0.00000000
686	0.00000000
687	0.00000000
688	0.00000000
689	0.00000000
690	0.00000000
691	0.00000000
692	0.00000000
693	0.00000000
694	0.00000000
695	0.00000000
696	0.00000000
697	0.00000000
698	0.00000000
699	0.00000000
700	0.00000000
701	0.00000000
702	0.00000000
703	0.00000000
704	0.00000000
705	0.00000000
706	0.00000000
707	0.00000000
708	0.00000000
709	0.00000000
710	0.00000000
711	0.00000000
712	0.00000000
713	0.00000000
714	0.00000000
715	0.00000000
716	0.00000000
717	0.00000000
718	0.00000000
719	0.00000000
720	0.00000000
721	0.00000000
722	0.00000000
723	0.00000000
724	0.00000000
725	0.00000000
726	0.00000000
727	0.00000000
728	0.00000000
729	0.00000000
730	0.00000000
731	0.00000000
732	0.00000000
733	0.00000000
734	0.00000000
735	0.00000000
736	0.00000000
737	0.00000000
738	0.00000000
739	0.00000000
740	0.00000000
741	0.00000000
742	0.00000000
743	0.00000000
744	0.00000000
745	0.00000000
746	0.00000000
747	0.00000000
748	0.00000000
749	0.00000000
750	0.00000000
751	0.00000000
752	0.00000000
753	0.00000000
754	0.00000000
755	0.00000000
756	0.00000000
757	0.00000000
758	0.00000000
759	0.00000000
760	0.00000000
761	0.00000000
762	0.00000000
763	0.00000000
764	0.00000000
765	0.00000000
766	0.00000000
767	0.00000000
768	0.00000000
769	0.00000000
770	0.00000000
771	0.00000000
772	0.00000000
773	0.00000000
774	0.00000000
775	0.00000000
776	0.00000000
777	0.00000000
778	0.00000000
779	0.00000000
780	0.00000000
781	0.00000000
782	0.00000000
783	0.00000000
784	0.00000000
785	0.00000000
786	0.00000000
787	0.00000000
788	0.00000000
789	0.00000000
790	0.00000000
791	0.00000000
792	0.00000000
793	0.00000000
794	0.00000000
795	0.00000000
796	0.00000000
797	0.00000000
798	0.00000000
799	0.00000000
800	0.00000000
801	0.00000000
802	0.00000000
803	0.00000000
804	0.00000000
805	0.00000000
806	0.00000000
807	0.00000000
808	0.00000000
809	0.00000000
810	0.00000000
811	0.00000000
812	0.00000000
813	0.00000000
814	0.00000000
815	0.00000000
816	0.00000000
817	0.00000000
818	0.00000000
819	0.00000000
820	0.00000000
821	0.00000000
822	0.00000000
823	0.00000000
824	0.00000000
825	0.00000000
826	0.00000000
827	0.00000000
828	0.00000000
829	0.00000000
830	0.00000000
831	0.00000000
832	0.00000000
833	0.00000000
834	0.00000000
835	0.00000000
836	0.00000000
837	0.00000000
838	0.00000000
839	0.00000000
840	0.00000000
841	0.00000000
842	0.00000000
843	0.00000000
844	0.00000000
845	0.00000000
846	0.00000000
847	0.00000000
848	0.00000000
849	0.00000000
850	0.00000000
851	0.00000000
852	0.00000000
853	0.00000000
854	0.00000000
855	0.00000000
856	0.00000000
857	0.00000000
858	0.00000000
859	0.00000000
860	0.00000000
861	0.00000000
862	0.00000000
863	0.00000000
864	0.00000000
865	0.00000000
866	0.00000000
867	0.00000000
868	0.00000000
869	0.00000000
870	0.00000000
871	0.00000000
872	0.00000000
873	0.00000000
874	0.00000000
875	0.00000000
876	0.00000000
877	0.00000000
878	0.00000000
879	0.00000000
880	0.00000000
881	0.00000000
882	0.00000000
883	0.00000000
884	0.00000000
885	0.00000000
886	0.00000000
887	0.00000000
888	0.00000000
889	0.00000000
890	0.00000000
891	0.00000000
892	0.00000000
893	0.00000000
894	0.00000000
895	0.00000000
896	0.00000000
897	0.00000000
898	0.00000000
899	0.00000000
900	0.00000000
901	0.00000000
902	0.00000000
903	0.00000000
904	0.00000000
905	0.00000000
906	0.00000000
907	0.00000000
908	0.00000000
909	0.00000000
910	0.00000000
911	0.00000000
912	0.00000000
913	0.00000000
914	0.00000000
915	0.00000000
916	0.00000000
917	0.00000000
918	0.00000000
919	0.00000000
920	0.00000000
921	0.00000000
922	0.00000000
923	0.00000000
924	0.00000000
925	0.00000000
926	0.00000000
927	0.00000000
928	0.00000000
929	0.00000000
930	0.00000000
931	0.00000000
932	0.00000000
933	0.00000000
934	0.00000000
935	0.00000000
936	0.00000000
937	0.00000000
938	0.00000000
939	0.00000000
940	0.00000000
941	0.00000000
942	0.00000000
943	0.00000000
944	0.00000000
945	0.00000000
946	0.00000000
947	0.00000000
948	0.00000000
949	0.00000000
950	0.00000000
951	0.00000000
952	0.00000000
953	0.00000000
954	0.00000000
955	0.00000000
956	0.00000000
957	0.00000000
958	0.00000000
959	0.00000000
960	0.00000000
961	0.00000000
962	0.00000000
963	0.00000000
964	0.00000000
965	0.00000000
966	0.00000000
967	0.00000000
968	0.00000000
969	0.00000000
970	0.00000000
971	0.00000000
972	0.00000000
973	0.00000000
974	0.00000000
975	0.00000000
976	0.00000000
977	0.00000000
978	0.00000000
979	0.00000000
980	0.00000000
981	0.00000000
982	0.00000000
983	0.00000000
984	0.00000000
985	0.00000000
986	0.00000000
987	0.00000000
988	0.00000000
989	0.00000000
990	0.00000000
991	0.00000000
992	0.00000000
993	0.00000000
994	0.00000000
995	0.00000000
996	0.00000000
997	0.00000000
998	0.00000000
999	0.00000000
