0	0.00000000
1	0.00000000
2	0.00000000
3	0.00000000
4	0.00000000
5	0.00000000
6	0.00000000
7	0.00000000
8	0.00000000
9	0.00000000
10	0.00000000
11	0.00000000
12	0.00000000
13	0.00286228
14	0.01965267
15	0.01658780
16	0.02428570
17	0.02488589
18	0.03550339
19	0.04152244
20	0.04577120
21	0.04291059
22	0.04111162
23	0.03726565
24	0.03482466
25	0.03141964
26	0.02873623
27	0.02568021
28	0.02421583
29	0.02207270
30	0.02044672
31	0.01908744
32	0.01994097
33	0.02127000
34	0.02247030
35	0.02420940
36	0.02502863
37	0.02517880
38	0.02623461
39	0.02699960
40	0.02677469
41	0.02673410
42	0.02662808
43	0.02598227
44	0.02492428
45	0.02393834
46	0.02320129
47	0.02237263
48	0.02220462
49	0.02174412
50	0.02129626
51	0.02084391
52	0.02027788
53	0.01964389
54	0.01891891
55	0.01877197
56	0.01866814
57	0.01830916
58	0.01797778
59	0.01748441
60	0.01708465
61	0.01693878
62	0.01670807
63	0.01641196
64	0.01618649
65	0.01604473
66	0.01563143
67	0.01524134
68	0.01491385
69	0.01460177
70	0.01422141
71	0.01382710
72	0.01350033
73	0.01304897
74	0.01262520
75	0.01213872
76	0.01173417
77	0.01136644
78	0.01108324
79	0.01086008
80	0.01053201
81	0.01028829
82	0.01004534
83	0.00973407
84	0.00954632
85	0.00946083
86	0.00917077
87	0.00897291
88	0.00871423
89	0.00848152
90	0.00819783
91	0.00790522
92	0.00765612
93	0.00739878
94	0.00714352
95	0.00690987
96	0.00669207
97	0.00647272
98	0.00625582
99	0.00605573
100	0.00586351
101	0.00569537
102	0.00555329
103	0.00539566
104	0.00522688
105	0.00507636
106	0.00492020
107	0.00477976
108	0.00464717
109	0.00451154
110	0.00435993
111	0.00422654
112	0.00409686
113	0.00396428
114	0.00383816
115	0.00371692
116	0.00359959
117	0.00348668
118	0.00337776
119	0.00327248
120	0.00316900
121	0.00306988
122	0.00297379
123	0.00288080
124	0.00279276
125	0.00270883
126	0.00262396
127	0.00254396
128	0.00246364
129	0.00238772
130	0.00231345
131	0.00224219
132	0.00217293
133	0.00210567
134	0.00204034
135	0.00197709
136	0.00191574
137	0.00185628
138	0.00179863
139	0.00174276
140	0.00168861
141	0.00163614
142	0.00158530
143	0.00153604
144	0.00148831
145	0.00144206
146	0.00139725
147	0.00135384
148	0.00131180
149	0.00127108
150	0.00123163
151	0.00119339
152	0.00115635
153	0.00112045
154	0.00108567
155	0.00105197
156	0.00101932
157	0.00098769
158	0.00095703
159	0.00092733
160	0.00089855
161	0.00087066
162	0.00084363
163	0.00081745
164	0.00079207
165	0.00076749
166	0.00074366
167	0.00072057
168	0.00069820
169	0.00067653
170	0.00065553
171	0.00063518
172	0.00061546
173	0.00059635
174	0.00057784
175	0.00055990
176	0.00054252
177	0.00052568
178	0.00050936
179	0.00049354
180	0.00047822
181	0.00046338
182	0.00044899
183	0.00043506
184	0.00042155
185	0.00040846
186	0.00039578
187	0.00038350
188	0.00037159
189	0.00036006
190	0.00034888
191	0.00033805
192	0.00032756
193	0.00031739
194	0.00030754
195	0.00029799
196	0.00028874
197	0.00027977
198	0.00027109
199	0.00026267
200	0.00025452
201	0.00024662
202	0.00023896
203	0.00023154
204	0.00022436
205	0.00021739
206	0.00021064
207	0.00020410
208	0.00019777
209	0.00019163
210	0.00018568
211	0.00017992
212	0.00017433
213	0.00016892
214	0.00016368
215	0.00015859
216	0.00015367
217	0.00014890
218	0.00014428
219	0.00013980
220	0.00013546
221	0.00013125
222	0.00012718
223	0.00012323
224	0.00011941
225	0.00011570
226	0.00011211
227	0.00010863
228	0.00010526
229	0.00010199
230	0.00009882
231	0.00009575
232	0.00009278
233	0.00008990
234	0.00008711
235	0.00008441
236	0.00008179
237	0.00007925
238	0.00007679
239	0.00007440
240	0.00007209
241	0.00006986
242	0.00006769
243	0.00006559
244	0.00006355
245	0.00006158
246	0.00005967
247	0.00005781
248	0.00005602
249	0.00005428
250	0.00005260
251	0.00005096
252	0.00004938
253	0.00004785
254	0.00004636
255	0.00004492
256	0.00004353
257	0.00004218
258	0.00004087
259	0.00003960
260	0.00003837
261	0.00003718
262	0.00003602
263	0.00003491
264	0.00003382
265	0.00003277
266	0.00003176
267	0.00003077
268	0.00002981
269	0.00002889
270	0.00002799
271	0.00002712
272	0.00002628
273	0.00002547
274	0.00002467
275	0.00002391
276	0.00002317
277	0.00002245
278	0.00002175
279	0.00002108
280	0.00002042
281	0.00001979
282	0.00001917
283	0.00001858
284	0.00001800
285	0.00001744
286	0.00001690
287	0.00001638
288	0.00001587
289	0.00001538
290	0.00001490
291	0.00001444
292	0.00001399
293	0.00001355
294	0.00001313
295	0.00001272
296	0.00001233
297	0.00001195
298	0.00001158
299	0.00001122
300	0.00001087
301	0.00001053
302	0.00001020
303	0.00000989
304	0.00000958
305	0.00000928
306	0.00000899
307	0.00000872
308	0.00000845
309	0.00000818
310	0.00000793
311	0.00000768
312	0.00000744
313	0.00000721
314	0.00000699
315	0.00000677
316	0.00000656
317	0.00000636
318	0.00000616
319	0.00000597
320	0.00000578
321	0.00000560
322	0.00000543
323	0.00000526
324	0.00000510
325	0.00000494
326	0.00000479
327	0.00000464
328	0.00000449
329	0.00000436
330	0.00000422
331	0.00000409
332	0.00000396
333	0.00000384
334	0.00000372
335	0.00000360
336	0.00000349
337	0.00000338
338	0.00000328
339	0.00000318
340	0.00000308
341	0.00000298
342	0.00000289
343	0.00000280
344	0.00000271
345	0.00000263
346	0.00000255
347	0.00000247
348	0.00000239
349	0.00000232
350	0.00000225
351	0.00000218
352	0.00000211
353	0.00000204
354	0.00000198
355	0.00000192
356	0.00000186
357	0.00000180
358	0.00000175
359	0.00000169
360	0.00000164
361	0.00000159
362	0.00000154
363	0.00000149
364	0.00000144
365	0.00000140
366	0.00000136
367	0.00000131
368	0.00000127
369	0.00000123
370	0.00000120
371	0.00000116
372	0.00000112
373	0.00000109
374	0.00000105
375	0.00000102
376	0.00000099
377	0.00000096
378	0.00000093
379	0.00000090
380	0.00000087
381	0.00000084
382	0.00000082
383	0.00000079
384	0.00000077
385	0.00000074
386	0.00000072
387	0.00000070
388	0.00000068
389	0.00000066
390	0.00000064
391	0.00000062
392	0.00000060
393	0.00000058
394	0.00000056
395	0.00000054
396	0.00000053
397	0.00000051
398	0.00000049
399	0.00000048
400	0.00000046
401	0.00000045
402	0.00000044
403	0.00000042
404	0.00000041
405	0.00000040
406	0.00000038
407	0.00000037
408	0.00000036
409	0.00000035
410	0.00000034
411	0.00000033
412	0.00000032
413	0.00000031
414	0.00000030
415	0.00000029
416	0.00000028
417	0.00000027
418	0.00000026
419	0.00000025
420	0.00000025
421	0.00000024
422	0.00000023
423	0.00000022
424	0.00000022
425	0.00000021
426	0.00000020
427	0.00000020
428	0.00000019
429	0.00000019
430	0.00000018
431	0.00000017
432	0.00000017
433	0.00000016
434	0.00000016
435	0.00000015
436	0.00000015
437	0.00000014
438	0.00000014
439	0.00000014
440	0.00000013
441	0.00000013
442	0.00000012
443	0.00000012
444	0.00000012
445	0.00000011
446	0.00000011
447	0.00000011
448	0.00000010
449	0.00000010
450	0.00000010
451	0.00000009
452	0.00000009
453	0.00000009
454	0.00000008
455	0.00000008
456	0.00000008
457	0.00000008
458	0.00000007
459	0.00000007
460	0.00000007
461	0.00000007
462	0.00000007
463	0.00000006
464	0.00000006
465	0.00000006
466	0.00000006
467	0.00000006
468	0.00000005
469	0.00000005
470	0.00000005
471	0.00000005
472	0.00000005
473	0.00000005
474	0.00000004
475	0.00000004
476	0.00000004
477	0.00000004
478	0.00000004
479	0.00000004
480	0.00000004
481	0.00000004
482	0.00000003
483	0.00000003
484	0.00000003
485	0.00000003
486	0.00000003
487	0.00000003
488	0.00000003
489	0.00000003
490	0.00000003
491	0.00000003
492	0.00000003
493	0.00000002
494	0.00000002
495	0.00000002
496	0.00000002
497	0.00000002
498	0.00000002
499	0.00000002
500	0.00000002
501	0.00000002
502	0.00000002
503	0.00000002
504	0.00000002
505	0.00000002
506	0.00000002
507	0.00000002
508	0.00000002
509	0.00000001
510	0.00000001
511	0.00000001
512	0.00000001
513	0.00000001
514	0.00000001
515	0.00000001
516	0.00000001
517	0.00000001
518	0.00000001
519	0.00000001
520	0.00000001
521	0.00000001
522	0.00000001
523	0.00000001
524	0.00000001
525	0.00000001
526	0.00000001
527	0.00000001
528	0.00000001
529	0.00000001
530	0.00000001
531	0.00000001
532	0.00000001
533	0.00000001
534	0.00000001
535	0.00000001
536	0.00000001
537	0.00000001
538	0.00000001
539	0.00000001
540	0.00000001
541	0.00000001
542	0.00000001
543	0.00000001
544	0.00000000
545	0.00000000
546	0.00000000
547	0.00000000
548	0.00000000
549	0.00000000
550	0.00000000
551	0.00000000
552	0.00000000
553	0.00000000
554	0.00000000
555	0.00000000
556	0.00000000
557	0.00000000
558	0.00000000
559	0.00000000
560	0.00000000
561	0.00000000
562	0.00000000
563	0.00000000
564	0.00000000
565	0.00000000
566	0.00000000
567	0.00000000
568	0.00000000
569	0.00000000
570	0.00000000
571	0.00000000
572	0.00000000
573	0.00000000
574	0.00000000
575	0.00000000
576	0.00000000
577	0.00000000
578	0.00000000
579	0.00000000
580	0.00000000
581	0.00000000
582	0.00000000
583	0.00000000
584	0.00000000
585	0.00000000
586	0.00000000
587	0.00000000
588	0.00000000
589	0.00000000
590	0.00000000
591	0.00000000
592	0.00000000
593	0.00000000
594	0.00000000
595	0.00000000
596	0.00000000
597	0.00000000
598	0.00000000
599	0.00000000
600	0.00000000
601	0.00000000
602	0.00000000
603	0.00000000
604	0.00000000
605	0.00000000
606	0.00000000
607	0.00000000
608	0.00000000
609	0.00000000
610	0.00000000
611	0.00000000
612	0.00000000
613	0.00000000
614	0.00000000
615	0.00000000
616	0.00000000
617	0.00000000
618	0.00000000
619	0.00000000
620	0.00000000
621	0.00000000
622	0.00000000
623	0.00000000
624	0.00000000
625	0.00000000
626	0.00000000
627	0.00000000
628	0.00000000
629	0.00000000
630	0.00000000
631	0.00000000
632	0.00000000
633	0.00000000
634	0.00000000
635	0.00000000
636	0.00000000
637	0.00000000
638	0.00000000
639	0.00000000
640	0.00000000
641	0.00000000
642	0.00000000
643	0.00000000
644	0.00000000
645	0.00000000
646	0.00000000
647	0.00000000
648	0.00000000
649	0.00000000
650	0.00000000
651	0.00000000
652	0.00000000
653	0.00000000
654	0.00000000
655	0.00000000
656	0.00000000
657	0.00000000
658	0.00000000
659	0.00000000
660	0.00000000
661	0.00000000
662	0.00000000
663	0.00000000
664	0.00000000
665	0.00000000
666	0.00000000
667	0.00000000
668	0.00000000
669	0.00000000
670	0.00000000
671	0.00000000
672	0.00000000
673	0.00000000
674	0.00000000
675	0.00000000
676	0.00000000
677	0.00000000
678	0.00000000
679	0.00000000
680	0.00000000
681	0.00000000
682	0.00000000
683	0.00000000
684	0.00000000
685	0.00000000
686	0.00000000
687	0.00000000
688	0.00000000
689	0.00000000
690	0.00000000
691	0.00000000
692	0.00000000
693	0.00000000
694	0.00000000
695	0.00000000
696	0.00000000
697	0.00000000
698	0.00000000
699	0.00000000
700	0.00000000
701	0.00000000
702	0.00000000
703	0.00000000
704	0.00000000
705	0.00000000
706	0.00000000
707	0.00000000
708	0.00000000
709	0.00000000
710	0.00000000
711	0.00000000
712	0.00000000
713	0.00000000
714	0.00000000
715	0.00000000
716	0.00000000
717	0.00000000
718	0.00000000
719	0.00000000
720	0.00000000
721	0.00000000
722	0.00000000
723	0.00000000
724	0.00000000
725	0.00000000
726	0.00000000
727	0.00000000
728	0.00000000
729	0.00000000
730	0.00000000
731	0.00000000
732	0.00000000
733	0.00000000
734	0.00000000
735	0.00000000
736	0.00000000
737	0.00000000
738	0.00000000
739	0.00000000
740	0.00000000
741	0.00000000
742	0.00000000
743	0.00000000
744	0.00000000
745	0.00000000
746	0.00000000
747	0.00000000
748	0.00000000
749	0.00000000
750	0.00000000
751	0.00000000
752	0.00000000
753	0.00000000
754	0.00000000
755	0.00000000
756	0.00000000
757	0.00000000
758	0.00000000
759	0.00000000
760	0.00000000
761	0.00000000
762	0.00000000
763	0.00000000
764	0.00000000
765	0.00000000
766	0.00000000
767	0.00000000
768	0.00000000
769	0.00000000
770	0.00000000
771	0.00000000
772	0.00000000
773	0.00000000
774	0.00000000
775	0.00000000
776	0.00000000
777	0.00000000
778	0.00000000
779	0.00000000
780	0.00000000
781	0.00000000
782	0.00000000
783	0.00000000
784	0.00000000
785	0.00000000
786	0.00000000
787	0.00000000
788	0.00000000
789	0.00000000
790	0.00000000
791	0.00000000
792	0.00000000
793	0.00000000
794	0.00000000
795	0.00000000
796	0.00000000
797	0.00000000
798	0.00000000
799	0.00000000
800	0.00000000
801	0.00000000
802	0.00000000
803	0.00000000
804	0.00000000
805	0.00000000
806	0.00000000
807	0.00000000
808	0.00000000
809	0.00000000
810	0.00000000
811	0.00000000
812	0.00000000
813	0.00000000
814	0.00000000
815	0.00000000
816	0.00000000
817	0.00000000
818	0.00000000
819	0.00000000
820	0.00000000
821	0.00000000
822	0.00000000
823	0.00000000
824	0.00000000
825	0.00000000
826	0.00000000
827	0.00000000
828	0.00000000
829	0.00000000
830	0.00000000
831	0.00000000
832	0.00000000
833	0.00000000
834	0.00000000
835	0.00000000
836	0.00000000
837	0.00000000
838	0.00000000
839	0.00000000
840	0.00000000
841	0.00000000
842	0.00000000
843	0.00000000
844	0.00000000
845	0.00000000
846	0.00000000
847	0.00000000
848	0.00000000
849	0.00000000
850	0.00000000
851	0.00000000
852	0.00000000
853	0.00000000
854	0.00000000
855	0.00000000
856	0.00000000
857	0.00000000
858	0.00000000
859	0.00000000
860	0.00000000
861	0.00000000
862	0.00000000
863	0.00000000
864	0.00000000
865	0.00000000
866	0.00000000
867	0.00000000
868	0.00000000
869	0.00000000
870	0.00000000
871	0.00000000
872	0.00000000
873	0.00000000
874	0.00000000
875	0.00000000
876	0.00000000
877	0.00000000
878	0.00000000
879	0.00000000
880	0.00000000
881	0.00000000
882	0.00000000
883	0.00000000
884	0.00000000
885	0.00000000
886	0.00000000
887	0.00000000
888	0.00000000
889	0.00000000
890	0.00000000
891	0.00000000
892	0.00000000
893	0.00000000
894	0.00000000
895	0.00000000
896	0.00000000
897	0.00000000
898	0.00000000
899	0.00000000
900	0.00000000
901	0.00000000
902	0.00000000
903	0.00000000
904	0.00000000
905	0.00000000
906	0.00000000
907	0.00000000
908	0.00000000
909	0.00000000
910	0.00000000
911	0.00000000
912	0.00000000
913	0.00000000
914	0.00000000
915	0.00000000
916	0.00000000
917	0.00000000
918	0.00000000
919	0.00000000
920	0.00000000
921	0.00000000
922	0.00000000
923	0.00000000
924	0.00000000
925	0.00000000
926	0.00000000
927	0.00000000
928	0.00000000
929	0.00000000
930	0.00000000
931	0.00000000
932	0.00000000
933	0.00000000
934	0.00000000
935	0.00000000
936	0.00000000
937	0.00000000
938	0.00000000
939	0.00000000
940	0.00000000
941	0.00000000
942	0.00000000
943	0.00000000
944	0.00000000
945	0.00000000
946	0.00000000
947	0.00000000
948	0.00000000
949	0.00000000
950	0.00000000
951	0.00000000
952	0.00000000
953	0.00000000
954	0.00000000
955	0.00000000
956	0.00000000
957	0.00000000
958	0.00000000
959	0.00000000
960	0.00000000
961	0.00000000
962	0.00000000
963	0.00000000
964	0.00000000
965	0.00000000
966	0.00000000
967	0.00000000
968	0.00000000
969	0.00000000
970	0.00000000
971	0.00000000
972	0.00000000
973	0.00000000
974	0.00000000
975	0.00000000
976	0.00000000
977	0.00000000
978	0.00000000
979	0.00000000
980	0.00000000
981	0.00000000
982	0.00000000
983	0.00000000
984	0.00000000
985	0.00000000
986	0.00000000
987	0.00000000
988	0.00000000
989	0.00000000
990	0.00000000
991	0.00000000
992	0.00000000
993	0.00000000
994	0.00000000
995	0.00000000
996	0.00000000
997	0.00000000
998	0.00000000
999	0.00000000
