0	0.00000000
1	0.00000000
2	0.00000000
3	0.00000000
4	0.00000000
5	0.00000000
6	0.00000000
7	0.00000000
8	0.00000000
9	0.00000000
10	0.00000000
11	0.00000000
12	0.00000000
13	0.00373557
14	0.02563338
15	0.02166281
16	0.02786186
17	0.02660768
18	0.03484689
19	0.04041260
20	0.04373861
21	0.04031754
22	0.03837261
23	0.03374487
24	0.03104654
25	0.02793085
26	0.02606821
27	0.02387381
28	0.02262453
29	0.02098972
30	0.01989922
31	0.01893357
32	0.02082716
33	0.02303311
34	0.02447459
35	0.02648416
36	0.02754266
37	0.02724782
38	0.02703578
39	0.02710042
40	0.02629615
41	0.02629313
42	0.02574454
43	0.02540192
44	0.02460544
45	0.02404999
46	0.02361290
47	0.02286281
48	0.02265972
49	0.02220021
50	0.02170934
51	0.02124039
52	0.02048412
53	0.01987938
54	0.01917663
55	0.01915090
56	0.01914119
57	0.01880725
58	0.01860388
59	0.01816121
60	0.01764048
61	0.01723516
62	0.01685501
63	0.01665427
64	0.01646575
65	0.01627565
66	0.01605437
67	0.01562322
68	0.01529837
69	0.01491899
70	0.01454153
71	0.01407570
72	0.01375561
73	0.01325926
74	0.01287662
75	0.01238793
76	0.01202908
77	0.01164813
78	0.01141853
79	0.01121606
80	0.01090430
81	0.01063999
82	0.01041720
83	0.01009137
84	0.00984885
85	0.00965555
86	0.00942416
87	0.00919556
88	0.00892654
89	0.00868877
90	0.00840905
91	0.00813018
92	0.00786167
93	0.00760345
94	0.00735125
95	0.00710401
96	0.00689510
97	0.00665987
98	0.00643829
99	0.00623766
100	0.00603860
101	0.00587433
102	0.00573672
103	0.00557211
104	0.00539948
105	0.00524804
106	0.00508153
107	0.00492574
108	0.00477775
109	0.00463911
110	0.00448928
111	0.00434851
112	0.00421956
113	0.00408849
114	0.00395527
115	0.00382894
116	0.00370964
117	0.00359325
118	0.00348189
119	0.00337239
120	0.00326594
121	0.00316385
122	0.00306493
123	0.00296913
124	0.00287833
125	0.00279406
126	0.00270585
127	0.00262325
128	0.00254042
129	0.00246212
130	0.00238522
131	0.00231141
132	0.00223984
133	0.00217047
134	0.00210323
135	0.00203801
136	0.00197479
137	0.00191348
138	0.00185405
139	0.00179645
140	0.00174063
141	0.00168653
142	0.00163412
143	0.00158335
144	0.00153414
145	0.00148647
146	0.00144028
147	0.00139554
148	0.00135222
149	0.00131026
150	0.00126960
151	0.00123019
152	0.00119201
153	0.00115501
154	0.00111916
155	0.00108442
156	0.00105076
157	0.00101815
158	0.00098655
159	0.00095593
160	0.00092625
161	0.00089750
162	0.00086965
163	0.00084265
164	0.00081649
165	0.00079115
166	0.00076659
167	0.00074279
168	0.00071973
169	0.00069739
170	0.00067574
171	0.00065476
172	0.00063443
173	0.00061474
174	0.00059565
175	0.00057716
176	0.00055924
177	0.00054188
178	0.00052506
179	0.00050876
180	0.00049297
181	0.00047766
182	0.00046284
183	0.00044847
184	0.00043455
185	0.00042106
186	0.00040799
187	0.00039532
188	0.00038305
189	0.00037116
190	0.00035964
191	0.00034847
192	0.00033765
193	0.00032717
194	0.00031702
195	0.00030718
196	0.00029764
197	0.00028840
198	0.00027945
199	0.00027077
200	0.00026237
201	0.00025422
202	0.00024633
203	0.00023868
204	0.00023127
205	0.00022409
206	0.00021714
207	0.00021040
208	0.00020387
209	0.00019754
210	0.00019141
211	0.00018546
212	0.00017971
213	0.00017413
214	0.00016872
215	0.00016348
216	0.00015841
217	0.00015349
218	0.00014873
219	0.00014411
220	0.00013964
221	0.00013530
222	0.00013110
223	0.00012703
224	0.00012309
225	0.00011927
226	0.00011556
227	0.00011198
228	0.00010850
229	0.00010513
230	0.00010187
231	0.00009871
232	0.00009564
233	0.00009267
234	0.00008980
235	0.00008701
236	0.00008431
237	0.00008169
238	0.00007916
239	0.00007670
240	0.00007432
241	0.00007201
242	0.00006977
243	0.00006761
244	0.00006551
245	0.00006348
246	0.00006151
247	0.00005960
248	0.00005775
249	0.00005595
250	0.00005422
251	0.00005253
252	0.00005090
253	0.00004932
254	0.00004779
255	0.00004631
256	0.00004487
257	0.00004348
258	0.00004213
259	0.00004082
260	0.00003955
261	0.00003832
262	0.00003714
263	0.00003598
264	0.00003487
265	0.00003378
266	0.00003273
267	0.00003172
268	0.00003073
269	0.00002978
270	0.00002886
271	0.00002796
272	0.00002709
273	0.00002625
274	0.00002544
275	0.00002465
276	0.00002388
277	0.00002314
278	0.00002242
279	0.00002173
280	0.00002105
281	0.00002040
282	0.00001976
283	0.00001915
284	0.00001856
285	0.00001798
286	0.00001742
287	0.00001688
288	0.00001636
289	0.00001585
290	0.00001536
291	0.00001488
292	0.00001442
293	0.00001397
294	0.00001354
295	0.00001312
296	0.00001271
297	0.00001232
298	0.00001193
299	0.00001156
300	0.00001120
301	0.00001086
302	0.00001052
303	0.00001019
304	0.00000988
305	0.00000957
306	0.00000927
307	0.00000898
308	0.00000871
309	0.00000844
310	0.00000817
311	0.00000792
312	0.00000767
313	0.00000744
314	0.00000720
315	0.00000698
316	0.00000676
317	0.00000655
318	0.00000635
319	0.00000615
320	0.00000596
321	0.00000578
322	0.00000560
323	0.00000542
324	0.00000526
325	0.00000509
326	0.00000493
327	0.00000478
328	0.00000463
329	0.00000449
330	0.00000435
331	0.00000421
332	0.00000408
333	0.00000396
334	0.00000383
335	0.00000372
336	0.00000360
337	0.00000349
338	0.00000338
339	0.00000328
340	0.00000317
341	0.00000307
342	0.00000298
343	0.00000289
344	0.00000280
345	0.00000271
346	0.00000263
347	0.00000254
348	0.00000247
349	0.00000239
350	0.00000232
351	0.00000224
352	0.00000217
353	0.00000211
354	0.00000204
355	0.00000198
356	0.00000192
357	0.00000186
358	0.00000180
359	0.00000174
360	0.00000169
361	0.00000164
362	0.00000159
363	0.00000154
364	0.00000149
365	0.00000144
366	0.00000140
367	0.00000135
368	0.00000131
369	0.00000127
370	0.00000123
371	0.00000119
372	0.00000116
373	0.00000112
374	0.00000109
375	0.00000105
376	0.00000102
377	0.00000099
378	0.00000096
379	0.00000093
380	0.00000090
381	0.00000087
382	0.00000084
383	0.00000082
384	0.00000079
385	0.00000077
386	0.00000074
387	0.00000072
388	0.00000070
389	0.00000068
390	0.00000066
391	0.00000064
392	0.00000062
393	0.00000060
394	0.00000058
395	0.00000056
396	0.00000054
397	0.00000053
398	0.00000051
399	0.00000049
400	0.00000048
401	0.00000046
402	0.00000045
403	0.00000044
404	0.00000042
405	0.00000041
406	0.00000040
407	0.00000038
408	0.00000037
409	0.00000036
410	0.00000035
411	0.00000034
412	0.00000033
413	0.00000032
414	0.00000031
415	0.00000030
416	0.00000029
417	0.00000028
418	0.00000027
419	0.00000026
420	0.00000025
421	0.00000025
422	0.00000024
423	0.00000023
424	0.00000022
425	0.00000022
426	0.00000021
427	0.00000020
428	0.00000020
429	0.00000019
430	0.00000019
431	0.00000018
432	0.00000017
433	0.00000017
434	0.00000016
435	0.00000016
436	0.00000015
437	0.00000015
438	0.00000014
439	0.00000014
440	0.00000014
441	0.00000013
442	0.00000013
443	0.00000012
444	0.00000012
445	0.00000012
446	0.00000011
447	0.00000011
448	0.00000011
449	0.00000010
450	0.00000010
451	0.00000010
452	0.00000009
453	0.00000009
454	0.00000009
455	0.00000008
456	0.00000008
457	0.00000008
458	0.00000008
459	0.00000007
460	0.00000007
461	0.00000007
462	0.00000007
463	0.00000007
464	0.00000006
465	0.00000006
466	0.00000006
467	0.00000006
468	0.00000006
469	0.00000005
470	0.00000005
471	0.00000005
472	0.00000005
473	0.00000005
474	0.00000005
475	0.00000004
476	0.00000004
477	0.00000004
478	0.00000004
479	0.00000004
480	0.00000004
481	0.00000004
482	0.00000004
483	0.00000003
484	0.00000003
485	0.00000003
486	0.00000003
487	0.00000003
488	0.00000003
489	0.00000003
490	0.00000003
491	0.00000003
492	0.00000003
493	0.00000003
494	0.00000002
495	0.00000002
496	0.00000002
497	0.00000002
498	0.00000002
499	0.00000002
500	0.00000002
501	0.00000002
502	0.00000002
503	0.00000002
504	0.00000002
505	0.00000002
506	0.00000002
507	0.00000002
508	0.00000002
509	0.00000002
510	0.00000001
511	0.00000001
512	0.00000001
513	0.00000001
514	0.00000001
515	0.00000001
516	0.00000001
517	0.00000001
518	0.00000001
519	0.00000001
520	0.00000001
521	0.00000001
522	0.00000001
523	0.00000001
524	0.00000001
525	0.00000001
526	0.00000001
527	0.00000001
528	0.00000001
529	0.00000001
530	0.00000001
531	0.00000001
532	0.00000001
533	0.00000001
534	0.00000001
535	0.00000001
536	0.00000001
537	0.00000001
538	0.00000001
539	0.00000001
540	0.00000001
541	0.00000001
542	0.00000001
543	0.00000001
544	0.00000001
545	0.00000000
546	0.00000000
547	0.00000000
548	0.00000000
549	0.00000000
550	0.00000000
551	0.00000000
552	0.00000000
553	0.00000000
554	0.00000000
555	0.00000000
556	0.00000000
557	0.00000000
558	0.00000000
559	0.00000000
560	0.00000000
561	0.00000000
562	0.00000000
563	0.00000000
564	0.00000000
565	0.00000000
566	0.00000000
567	0.00000000
568	0.00000000
569	0.00000000
570	0.00000000
571	0.00000000
572	0.00000000
573	0.00000000
574	0.00000000
575	0.00000000
576	0.00000000
577	0.00000000
578	0.00000000
579	0.00000000
580	0.00000000
581	0.00000000
582	0.00000000
583	0.00000000
584	0.00000000
585	0.00000000
586	0.00000000
587	0.00000000
588	0.00000000
589	0.00000000
590	0.00000000
591	0.00000000
592	0.00000000
593	0.00000000
594	0.00000000
595	0.00000000
596	0.00000000
597	0.00000000
598	0.00000000
599	0.00000000
600	0.00000000
601	0.00000000
602	0.00000000
603	0.00000000
604	0.00000000
605	0.00000000
606	0.00000000
607	0.00000000
608	0.00000000
609	0.00000000
610	0.00000000
611	0.00000000
612	0.00000000
613	0.00000000
614	0.00000000
615	0.00000000
616	0.00000000
617	0.00000000
618	0.00000000
619	0.00000000
620	0.00000000
621	0.00000000
622	0.00000000
623	0.00000000
624	0.00000000
625	0.00000000
626	0.00000000
627	0.00000000
628	0.00000000
629	0.00000000
630	0.00000000
631	0.00000000
632	0.00000000
633	0.00000000
634	0.00000000
635	0.00000000
636	0.00000000
637	0.00000000
638	0.00000000
639	0.00000000
640	0.00000000
641	0.00000000
642	0.00000000
643	0.00000000
644	0.00000000
645	0.00000000
646	0.00000000
647	0.00000000
648	0.00000000
649	0.00000000
650	0.00000000
651	0.00000000
652	0.00000000
653	0.00000000
654	0.00000000
655	0.00000000
656	0.00000000
657	0.00000000
658	0.00000000
659	0.00000000
660	0.00000000
661	0.00000000
662	0.00000000
663	0.00000000
664	0.00000000
665	0.00000000
666	0.00000000
667	0.00000000
668	0.00000000
669	0.00000000
670	0.00000000
671	0.00000000
672	0.00000000
673	0.00000000
674	0.00000000
675	0.00000000
676	0.00000000
677	0.00000000
678	0.00000000
679	0.00000000
680	0.00000000
681	0.00000000
682	0.00000000
683	0.00000000
684	0.00000000
685	0.00000000
686	0.00000000
687	0.00000000
688	0.00000000
689	0.00000000
690	0.00000000
691	0.00000000
692	0.00000000
693	0.00000000
694	0.00000000
695	0.00000000
696	0.00000000
697	0.00000000
698	0.00000000
699	0.00000000
700	0.00000000
701	0.00000000
702	0.00000000
703	0.00000000
704	0.00000000
705	0.00000000
706	0.00000000
707	0.00000000
708	0.00000000
709	0.00000000
710	0.00000000
711	0.00000000
712	0.00000000
713	0.00000000
714	0.00000000
715	0.00000000
716	0.00000000
717	0.00000000
718	0.00000000
719	0.00000000
720	0.00000000
721	0.00000000
722	0.00000000
723	0.00000000
724	0.00000000
725	0.00000000
726	0.00000000
727	0.00000000
728	0.00000000
729	0.00000000
730	0.00000000
731	0.00000000
732	0.00000000
733	0.00000000
734	0.00000000
735	0.00000000
736	0.00000000
737	0.00000000
738	0.00000000
739	0.00000000
740	0.00000000
741	0.00000000
742	0.00000000
743	0.00000000
744	0.00000000
745	0.00000000
746	0.00000000
747	0.00000000
748	0.00000000
749	0.00000000
750	0.00000000
751	0.00000000
752	0.00000000
753	0.00000000
754	0.00000000
755	0.00000000
756	0.00000000
757	0.00000000
758	0.00000000
759	0.00000000
760	0.00000000
761	0.00000000
762	0.00000000
763	0.00000000
764	0.00000000
765	0.00000000
766	0.00000000
767	0.00000000
768	0.00000000
769	0.00000000
770	0.00000000
771	0.00000000
772	0.00000000
773	0.00000000
774	0.00000000
775	0.00000000
776	0.00000000
777	0.00000000
778	0.00000000
779	0.00000000
780	0.00000000
781	0.00000000
782	0.00000000
783	0.00000000
784	0.00000000
785	0.00000000
786	0.00000000
787	0.00000000
788	0.00000000
789	0.00000000
790	0.00000000
791	0.00000000
792	0.00000000
793	0.00000000
794	0.00000000
795	0.00000000
796	0.00000000
797	0.00000000
798	0.00000000
799	0.00000000
800	0.00000000
801	0.00000000
802	0.00000000
803	0.00000000
804	0.00000000
805	0.00000000
806	0.00000000
807	0.00000000
808	0.00000000
809	0.00000000
810	0.00000000
811	0.00000000
812	0.00000000
813	0.00000000
814	0.00000000
815	0.00000000
816	0.00000000
817	0.00000000
818	0.00000000
819	0.00000000
820	0.00000000
821	0.00000000
822	0.00000000
823	0.00000000
824	0.00000000
825	0.00000000
826	0.00000000
827	0.00000000
828	0.00000000
829	0.00000000
830	0.00000000
831	0.00000000
832	0.00000000
833	0.00000000
834	0.00000000
835	0.00000000
836	0.00000000
837	0.00000000
838	0.00000000
839	0.00000000
840	0.00000000
841	0.00000000
842	0.00000000
843	0.00000000
844	0.00000000
845	0.00000000
846	0.00000000
847	0.00000000
848	0.00000000
849	0.00000000
850	0.00000000
851	0.00000000
852	0.00000000
853	0.00000000
854	0.00000000
855	0.00000000
856	0.00000000
857	0.00000000
858	0.00000000
859	0.00000000
860	0.00000000
861	0.00000000
862	0.00000000
863	0.00000000
864	0.00000000
865	0.00000000
866	0.00000000
867	0.00000000
868	0.00000000
869	0.00000000
870	0.00000000
871	0.00000000
872	0.00000000
873	0.00000000
874	0.00000000
875	0.00000000
876	0.00000000
877	0.00000000
878	0.00000000
879	0.00000000
880	0.00000000
881	0.00000000
882	0.00000000
883	0.00000000
884	0.00000000
885	0.00000000
886	0.00000000
887	0.00000000
888	0.00000000
889	0.00000000
890	0.00000000
891	0.00000000
892	0.00000000
893	0.00000000
894	0.00000000
895	0.00000000
896	0.00000000
897	0.00000000
898	0.00000000
899	0.00000000
900	0.00000000
901	0.00000000
902	0.00000000
903	0.00000000
904	0.00000000
905	0.00000000
906	0.00000000
907	0.00000000
908	0.00000000
909	0.00000000
910	0.00000000
911	0.00000000
912	0.00000000
913	0.00000000
914	0.00000000
915	0.00000000
916	0.00000000
917	0.00000000
918	0.00000000
919	0.00000000
920	0.00000000
921	0.00000000
922	0.00000000
923	0.00000000
924	0.00000000
925	0.00000000
926	0.00000000
927	0.00000000
928	0.00000000
929	0.00000000
930	0.00000000
931	0.00000000
932	0.00000000
933	0.00000000
934	0.00000000
935	0.00000000
936	0.00000000
937	0.00000000
938	0.00000000
939	0.00000000
940	0.00000000
941	0.00000000
942	0.00000000
943	0.00000000
944	0.00000000
945	0.00000000
946	0.00000000
947	0.00000000
948	0.00000000
949	0.00000000
950	0.00000000
951	0.00000000
952	0.00000000
953	0.00000000
954	0.00000000
955	0.00000000
956	0.00000000
957	0.00000000
958	0.00000000
959	0.00000000
960	0.00000000
961	0.00000000
962	0.00000000
963	0.00000000
964	0.00000000
965	0.00000000
966	0.00000000
967	0.00000000
968	0.00000000
969	0.00000000
970	0.00000000
971	0.00000000
972	0.00000000
973	0.00000000
974	0.00000000
975	0.00000000
976	0.00000000
977	0.00000000
978	0.00000000
979	0.00000000
980	0.00000000
981	0.00000000
982	0.00000000
983	0.00000000
984	0.00000000
985	0.00000000
986	0.00000000
987	0.00000000
988	0.00000000
989	0.00000000
990	0.00000000
991	0.00000000
992	0.00000000
993	0.00000000
994	0.00000000
995	0.00000000
996	0.00000000
997	0.00000000
998	0.00000000
999	0.00000000
