0	0.00000000
1	0.00000000
2	0.00000000
3	0.00000000
4	0.00000000
5	0.00000000
6	0.00000000
7	0.00000000
8	0.00000000
9	0.00000000
10	0.00000000
11	0.00000000
12	0.00000000
13	0.00610348
14	0.04131922
15	0.03465407
16	0.03854914
17	0.03093706
18	0.03664934
19	0.04099605
20	0.04229756
21	0.03935878
22	0.03617704
23	0.03104315
24	0.02654253
25	0.02309916
26	0.02115354
27	0.01929224
28	0.01856954
29	0.01780397
30	0.01712972
31	0.01694086
32	0.01979483
33	0.02449037
34	0.02641825
35	0.02897922
36	0.03043504
37	0.02973670
38	0.02863161
39	0.02786153
40	0.02671217
41	0.02616317
42	0.02598365
43	0.02558279
44	0.02493046
45	0.02491119
46	0.02460429
47	0.02372538
48	0.02328806
49	0.02249795
50	0.02179258
51	0.02117027
52	0.02055810
53	0.01989647
54	0.01922199
55	0.01933355
56	0.01955784
57	0.01956650
58	0.01947223
59	0.01904810
60	0.01855253
61	0.01799586
62	0.01769069
63	0.01724229
64	0.01715474
65	0.01694990
66	0.01659055
67	0.01615034
68	0.01563439
69	0.01526023
70	0.01488042
71	0.01448029
72	0.01415966
73	0.01366675
74	0.01328521
75	0.01278212
76	0.01235881
77	0.01202247
78	0.01174464
79	0.01162039
80	0.01136530
81	0.01110285
82	0.01089401
83	0.01061656
84	0.01037376
85	0.01015187
86	0.00985210
87	0.00959538
88	0.00927959
89	0.00901546
90	0.00870520
91	0.00845018
92	0.00818458
93	0.00791206
94	0.00764681
95	0.00741230
96	0.00716874
97	0.00693609
98	0.00670594
99	0.00649305
100	0.00628837
101	0.00610562
102	0.00596511
103	0.00583756
104	0.00567250
105	0.00550659
106	0.00534616
107	0.00517175
108	0.00500403
109	0.00484633
110	0.00468657
111	0.00454436
112	0.00440339
113	0.00426614
114	0.00413288
115	0.00399892
116	0.00387388
117	0.00375216
118	0.00363323
119	0.00351997
120	0.00340941
121	0.00330304
122	0.00319974
123	0.00309998
124	0.00300519
125	0.00291778
126	0.00282591
127	0.00274567
128	0.00265493
129	0.00257433
130	0.00249382
131	0.00241646
132	0.00234135
133	0.00226861
134	0.00219805
135	0.00212985
136	0.00206370
137	0.00199962
138	0.00193751
139	0.00187725
140	0.00181886
141	0.00176230
142	0.00170750
143	0.00165440
144	0.00160298
145	0.00155314
146	0.00150487
147	0.00145812
148	0.00141285
149	0.00136902
150	0.00132656
151	0.00128542
152	0.00124554
153	0.00120690
154	0.00116945
155	0.00113316
156	0.00109799
157	0.00106391
158	0.00103089
159	0.00099889
160	0.00096788
161	0.00093784
162	0.00090873
163	0.00088052
164	0.00085319
165	0.00082670
166	0.00080103
167	0.00077617
168	0.00075207
169	0.00072872
170	0.00070609
171	0.00068417
172	0.00066293
173	0.00064235
174	0.00062241
175	0.00060309
176	0.00058437
177	0.00056623
178	0.00054865
179	0.00053162
180	0.00051511
181	0.00049912
182	0.00048363
183	0.00046862
184	0.00045407
185	0.00043998
186	0.00042632
187	0.00041308
188	0.00040026
189	0.00038783
190	0.00037579
191	0.00036413
192	0.00035283
193	0.00034187
194	0.00033126
195	0.00032098
196	0.00031101
197	0.00030136
198	0.00029200
199	0.00028294
200	0.00027415
201	0.00026564
202	0.00025740
203	0.00024941
204	0.00024166
205	0.00023416
206	0.00022689
207	0.00021985
208	0.00021302
209	0.00020641
210	0.00020000
211	0.00019380
212	0.00018778
213	0.00018195
214	0.00017630
215	0.00017083
216	0.00016553
217	0.00016039
218	0.00015541
219	0.00015058
220	0.00014591
221	0.00014138
222	0.00013699
223	0.00013274
224	0.00012862
225	0.00012463
226	0.00012076
227	0.00011701
228	0.00011338
229	0.00010986
230	0.00010645
231	0.00010314
232	0.00009994
233	0.00009684
234	0.00009383
235	0.00009092
236	0.00008810
237	0.00008536
238	0.00008271
239	0.00008014
240	0.00007766
241	0.00007525
242	0.00007291
243	0.00007065
244	0.00006845
245	0.00006633
246	0.00006427
247	0.00006227
248	0.00006034
249	0.00005847
250	0.00005665
251	0.00005489
252	0.00005319
253	0.00005154
254	0.00004994
255	0.00004839
256	0.00004689
257	0.00004543
258	0.00004402
259	0.00004265
260	0.00004133
261	0.00004005
262	0.00003880
263	0.00003760
264	0.00003643
265	0.00003530
266	0.00003421
267	0.00003314
268	0.00003211
269	0.00003112
270	0.00003015
271	0.00002922
272	0.00002831
273	0.00002743
274	0.00002658
275	0.00002575
276	0.00002495
277	0.00002418
278	0.00002343
279	0.00002270
280	0.00002200
281	0.00002131
282	0.00002065
283	0.00002001
284	0.00001939
285	0.00001879
286	0.00001820
287	0.00001764
288	0.00001709
289	0.00001656
290	0.00001605
291	0.00001555
292	0.00001507
293	0.00001460
294	0.00001415
295	0.00001371
296	0.00001328
297	0.00001287
298	0.00001247
299	0.00001208
300	0.00001171
301	0.00001134
302	0.00001099
303	0.00001065
304	0.00001032
305	0.00001000
306	0.00000969
307	0.00000939
308	0.00000910
309	0.00000881
310	0.00000854
311	0.00000828
312	0.00000802
313	0.00000777
314	0.00000753
315	0.00000729
316	0.00000707
317	0.00000685
318	0.00000664
319	0.00000643
320	0.00000623
321	0.00000604
322	0.00000585
323	0.00000567
324	0.00000549
325	0.00000532
326	0.00000516
327	0.00000500
328	0.00000484
329	0.00000469
330	0.00000455
331	0.00000440
332	0.00000427
333	0.00000414
334	0.00000401
335	0.00000388
336	0.00000376
337	0.00000365
338	0.00000353
339	0.00000342
340	0.00000332
341	0.00000321
342	0.00000311
343	0.00000302
344	0.00000292
345	0.00000283
346	0.00000274
347	0.00000266
348	0.00000258
349	0.00000250
350	0.00000242
351	0.00000234
352	0.00000227
353	0.00000220
354	0.00000213
355	0.00000207
356	0.00000200
357	0.00000194
358	0.00000188
359	0.00000182
360	0.00000176
361	0.00000171
362	0.00000166
363	0.00000161
364	0.00000156
365	0.00000151
366	0.00000146
367	0.00000142
368	0.00000137
369	0.00000133
370	0.00000129
371	0.00000125
372	0.00000121
373	0.00000117
374	0.00000113
375	0.00000110
376	0.00000107
377	0.00000103
378	0.00000100
379	0.00000097
380	0.00000094
381	0.00000091
382	0.00000088
383	0.00000085
384	0.00000083
385	0.00000080
386	0.00000078
387	0.00000075
388	0.00000073
389	0.00000071
390	0.00000069
391	0.00000066
392	0.00000064
393	0.00000062
394	0.00000060
395	0.00000059
396	0.00000057
397	0.00000055
398	0.00000053
399	0.00000052
400	0.00000050
401	0.00000048
402	0.00000047
403	0.00000045
404	0.00000044
405	0.00000043
406	0.00000041
407	0.00000040
408	0.00000039
409	0.00000038
410	0.00000036
411	0.00000035
412	0.00000034
413	0.00000033
414	0.00000032
415	0.00000031
416	0.00000030
417	0.00000029
418	0.00000028
419	0.00000027
420	0.00000027
421	0.00000026
422	0.00000025
423	0.00000024
424	0.00000023
425	0.00000023
426	0.00000022
427	0.00000021
428	0.00000021
429	0.00000020
430	0.00000019
431	0.00000019
432	0.00000018
433	0.00000018
434	0.00000017
435	0.00000017
436	0.00000016
437	0.00000016
438	0.00000015
439	0.00000015
440	0.00000014
441	0.00000014
442	0.00000013
443	0.00000013
444	0.00000012
445	0.00000012
446	0.00000012
447	0.00000011
448	0.00000011
449	0.00000011
450	0.00000010
451	0.00000010
452	0.00000010
453	0.00000009
454	0.00000009
455	0.00000009
456	0.00000009
457	0.00000008
458	0.00000008
459	0.00000008
460	0.00000008
461	0.00000007
462	0.00000007
463	0.00000007
464	0.00000007
465	0.00000006
466	0.00000006
467	0.00000006
468	0.00000006
469	0.00000006
470	0.00000005
471	0.00000005
472	0.00000005
473	0.00000005
474	0.00000005
475	0.00000005
476	0.00000005
477	0.00000004
478	0.00000004
479	0.00000004
480	0.00000004
481	0.00000004
482	0.00000004
483	0.00000004
484	0.00000004
485	0.00000003
486	0.00000003
487	0.00000003
488	0.00000003
489	0.00000003
490	0.00000003
491	0.00000003
492	0.00000003
493	0.00000003
494	0.00000003
495	0.00000002
496	0.00000002
497	0.00000002
498	0.00000002
499	0.00000002
500	0.00000002
501	0.00000002
502	0.00000002
503	0.00000002
504	0.00000002
505	0.00000002
506	0.00000002
507	0.00000002
508	0.00000002
509	0.00000002
510	0.00000002
511	0.00000002
512	0.00000001
513	0.00000001
514	0.00000001
515	0.00000001
516	0.00000001
517	0.00000001
518	0.00000001
519	0.00000001
520	0.00000001
521	0.00000001
522	0.00000001
523	0.00000001
524	0.00000001
525	0.00000001
526	0.00000001
527	0.00000001
528	0.00000001
529	0.00000001
530	0.00000001
531	0.00000001
532	0.00000001
533	0.00000001
534	0.00000001
535	0.00000001
536	0.00000001
537	0.00000001
538	0.00000001
539	0.00000001
540	0.00000001
541	0.00000001
542	0.00000001
543	0.00000001
544	0.00000001
545	0.00000001
546	0.00000001
547	0.00000000
548	0.00000000
549	0.00000000
550	0.00000000
551	0.00000000
552	0.00000000
553	0.00000000
554	0.00000000
555	0.00000000
556	0.00000000
557	0.00000000
558	0.00000000
559	0.00000000
560	0.00000000
561	0.00000000
562	0.00000000
563	0.00000000
564	0.00000000
565	0.00000000
566	0.00000000
567	0.00000000
568	0.00000000
569	0.00000000
570	0.00000000
571	0.00000000
572	0.00000000
573	0.00000000
574	0.00000000
575	0.00000000
576	0.00000000
577	0.00000000
578	0.00000000
579	0.00000000
580	0.00000000
581	0.00000000
582	0.00000000
583	0.00000000
584	0.00000000
585	0.00000000
586	0.00000000
587	0.00000000
588	0.00000000
589	0.00000000
590	0.00000000
591	0.00000000
592	0.00000000
593	0.00000000
594	0.00000000
595	0.00000000
596	0.00000000
597	0.00000000
598	0.00000000
599	0.00000000
600	0.00000000
601	0.00000000
602	0.00000000
603	0.00000000
604	0.00000000
605	0.00000000
606	0.00000000
607	0.00000000
608	0.00000000
609	0.00000000
610	0.00000000
611	0.00000000
612	0.00000000
613	0.00000000
614	0.00000000
615	0.00000000
616	0.00000000
617	0.00000000
618	0.00000000
619	0.00000000
620	0.00000000
621	0.00000000
622	0.00000000
623	0.00000000
624	0.00000000
625	0.00000000
626	0.00000000
627	0.00000000
628	0.00000000
629	0.00000000
630	0.00000000
631	0.00000000
632	0.00000000
633	0.00000000
634	0.00000000
635	0.00000000
636	0.00000000
637	0.00000000
638	0.00000000
639	0.00000000
640	0.00000000
641	0.00000000
642	0.00000000
643	0.00000000
644	0.00000000
645	0.00000000
646	0.00000000
647	0.00000000
648	0.00000000
649	0.00000000
650	0.00000000
651	0.00000000
652	0.00000000
653	0.00000000
654	0.00000000
655	0.00000000
656	0.00000000
657	0.00000000
658	0.00000000
659	0.00000000
660	0.00000000
661	0.00000000
662	0.00000000
663	0.00000000
664	0.00000000
665	0.00000000
666	0.00000000
667	0.00000000
668	0.00000000
669	0.00000000
670	0.00000000
671	0.00000000
672	0.00000000
673	0.00000000
674	0.00000000
675	0.00000000
676	0.00000000
677	0.00000000
678	0.00000000
679	0.00000000
680	0.00000000
681	0.00000000
682	0.00000000
683	0.00000000
684	0.00000000
685	0.00000000
686	0.00000000
687	0.00000000
688	0.00000000
689	0.00000000
690	0.00000000
691	0.00000000
692	0.00000000
693	0.00000000
694	0.00000000
695	0.00000000
696	0.00000000
697	0.00000000
698	0.00000000
699	0.00000000
700	0.00000000
701	0.00000000
702	0.00000000
703	0.00000000
704	0.00000000
705	0.00000000
706	0.00000000
707	0.00000000
708	0.00000000
709	0.00000000
710	0.00000000
711	0.00000000
712	0.00000000
713	0.00000000
714	0.00000000
715	0.00000000
716	0.00000000
717	0.00000000
718	0.00000000
719	0.00000000
720	0.00000000
721	0.00000000
722	0.00000000
723	0.00000000
724	0.00000000
725	0.00000000
726	0.00000000
727	0.00000000
728	0.00000000
729	0.00000000
730	0.00000000
731	0.00000000
732	0.00000000
733	0.00000000
734	0.00000000
735	0.00000000
736	0.00000000
737	0.00000000
738	0.00000000
739	0.00000000
740	0.00000000
741	0.00000000
742	0.00000000
743	0.00000000
744	0.00000000
745	0.00000000
746	0.00000000
747	0.00000000
748	0.00000000
749	0.00000000
750	0.00000000
751	0.00000000
752	0.00000000
753	0.00000000
754	0.00000000
755	0.00000000
756	0.00000000
757	0.00000000
758	0.00000000
759	0.00000000
760	0.00000000
761	0.00000000
762	0.00000000
763	0.00000000
764	0.00000000
765	0.00000000
766	0.00000000
767	0.00000000
768	0.00000000
769	0.00000000
770	0.00000000
771	0.00000000
772	0.00000000
773	0.00000000
774	0.00000000
775	0.00000000
776	0.00000000
777	0.00000000
778	0.00000000
779	0.00000000
780	0.00000000
781	0.00000000
782	0.00000000
783	0.00000000
784	0.00000000
785	0.00000000
786	0.00000000
787	0.00000000
788	0.00000000
789	0.00000000
790	0.00000000
791	0.00000000
792	0.00000000
793	0.00000000
794	0.00000000
795	0.00000000
796	0.00000000
797	0.00000000
798	0.00000000
799	0.00000000
800	0.00000000
801	0.00000000
802	0.00000000
803	0.00000000
804	0.00000000
805	0.00000000
806	0.00000000
807	0.00000000
808	0.00000000
809	0.00000000
810	0.00000000
811	0.00000000
812	0.00000000
813	0.00000000
814	0.00000000
815	0.00000000
816	0.00000000
817	0.00000000
818	0.00000000
819	0.00000000
820	0.00000000
821	0.00000000
822	0.00000000
823	0.00000000
824	0.00000000
825	0.00000000
826	0.00000000
827	0.00000000
828	0.00000000
829	0.00000000
830	0.00000000
831	0.00000000
832	0.00000000
833	0.00000000
834	0.00000000
835	0.00000000
836	0.00000000
837	0.00000000
838	0.00000000
839	0.00000000
840	0.00000000
841	0.00000000
842	0.00000000
843	0.00000000
844	0.00000000
845	0.00000000
846	0.00000000
847	0.00000000
848	0.00000000
849	0.00000000
850	0.00000000
851	0.00000000
852	0.00000000
853	0.00000000
854	0.00000000
855	0.00000000
856	0.00000000
857	0.00000000
858	0.00000000
859	0.00000000
860	0.00000000
861	0.00000000
862	0.00000000
863	0.00000000
864	0.00000000
865	0.00000000
866	0.00000000
867	0.00000000
868	0.00000000
869	0.00000000
870	0.00000000
871	0.00000000
872	0.00000000
873	0.00000000
874	0.00000000
875	0.00000000
876	0.00000000
877	0.00000000
878	0.00000000
879	0.00000000
880	0.00000000
881	0.00000000
882	0.00000000
883	0.00000000
884	0.00000000
885	0.00000000
886	0.00000000
887	0.00000000
888	0.00000000
889	0.00000000
890	0.00000000
891	0.00000000
892	0.00000000
893	0.00000000
894	0.00000000
895	0.00000000
896	0.00000000
897	0.00000000
898	0.00000000
899	0.00000000
900	0.00000000
901	0.00000000
902	0.00000000
903	0.00000000
904	0.00000000
905	0.00000000
906	0.00000000
907	0.00000000
908	0.00000000
909	0.00000000
910	0.00000000
911	0.00000000
912	0.00000000
913	0.00000000
914	0.00000000
915	0.00000000
916	0.00000000
917	0.00000000
918	0.00000000
919	0.00000000
920	0.00000000
921	0.00000000
922	0.00000000
923	0.00000000
924	0.00000000
925	0.00000000
926	0.00000000
927	0.00000000
928	0.00000000
929	0.00000000
930	0.00000000
931	0.00000000
932	0.00000000
933	0.00000000
934	0.00000000
935	0.00000000
936	0.00000000
937	0.00000000
938	0.00000000
939	0.00000000
940	0.00000000
941	0.00000000
942	0.00000000
943	0.00000000
944	0.00000000
945	0.00000000
946	0.00000000
947	0.00000000
948	0.00000000
949	0.00000000
950	0.00000000
951	0.00000000
952	0.00000000
953	0.00000000
954	0.00000000
955	0.00000000
956	0.00000000
957	0.00000000
958	0.00000000
959	0.00000000
960	0.00000000
961	0.00000000
962	0.00000000
963	0.00000000
964	0.00000000
965	0.00000000
966	0.00000000
967	0.00000000
968	0.00000000
969	0.00000000
970	0.00000000
971	0.00000000
972	0.00000000
973	0.00000000
974	0.00000000
975	0.00000000
976	0.00000000
977	0.00000000
978	0.00000000
979	0.00000000
980	0.00000000
981	0.00000000
982	0.00000000
983	0.00000000
984	0.00000000
985	0.00000000
986	0.00000000
987	0.00000000
988	0.00000000
989	0.00000000
990	0.00000000
991	0.00000000
992	0.00000000
993	0.00000000
994	0.00000000
995	0.00000000
996	0.00000000
997	0.00000000
998	0.00000000
999	0.00000000
