0	0.00000000
1	0.00000000
2	0.00000000
3	0.00000000
4	0.00000000
5	0.00000000
6	0.00000000
7	0.00000000
8	0.00000000
9	0.00000000
10	0.00000000
11	0.00000000
12	0.00000000
13	0.00324462
14	0.02222999
15	0.01870933
16	0.02539414
17	0.02603791
18	0.03534113
19	0.04107008
20	0.04459309
21	0.04190395
22	0.03907205
23	0.03513939
24	0.03270094
25	0.02960387
26	0.02726760
27	0.02465653
28	0.02350029
29	0.02167196
30	0.02025728
31	0.01915048
32	0.02058911
33	0.02243068
34	0.02391391
35	0.02586739
36	0.02669516
37	0.02661628
38	0.02669284
39	0.02722629
40	0.02645583
41	0.02619824
42	0.02601812
43	0.02547693
44	0.02463355
45	0.02398564
46	0.02338967
47	0.02269117
48	0.02253932
49	0.02213682
50	0.02158643
51	0.02122427
52	0.02042664
53	0.01978913
54	0.01905520
55	0.01901293
56	0.01902997
57	0.01874334
58	0.01842656
59	0.01795355
60	0.01747723
61	0.01714553
62	0.01683058
63	0.01653802
64	0.01632789
65	0.01623335
66	0.01588338
67	0.01549772
68	0.01518410
69	0.01480831
70	0.01441311
71	0.01400041
72	0.01365052
73	0.01320206
74	0.01279530
75	0.01230278
76	0.01192136
77	0.01156705
78	0.01131558
79	0.01111565
80	0.01077709
81	0.01054097
82	0.01028211
83	0.00995307
84	0.00973767
85	0.00959276
86	0.00932640
87	0.00912613
88	0.00883916
89	0.00861682
90	0.00833593
91	0.00805135
92	0.00779476
93	0.00753462
94	0.00728005
95	0.00704309
96	0.00682369
97	0.00660145
98	0.00637881
99	0.00617437
100	0.00597963
101	0.00581300
102	0.00567244
103	0.00551651
104	0.00534187
105	0.00518788
106	0.00502909
107	0.00487392
108	0.00473239
109	0.00459920
110	0.00444216
111	0.00431110
112	0.00417793
113	0.00404363
114	0.00391467
115	0.00379193
116	0.00367158
117	0.00355657
118	0.00344535
119	0.00333875
120	0.00323262
121	0.00313154
122	0.00303360
123	0.00293876
124	0.00284959
125	0.00276415
126	0.00267760
127	0.00259620
128	0.00251401
129	0.00243655
130	0.00236062
131	0.00228767
132	0.00221693
133	0.00214832
134	0.00208168
135	0.00201714
136	0.00195456
137	0.00189388
138	0.00183506
139	0.00177805
140	0.00172280
141	0.00166926
142	0.00161738
143	0.00156713
144	0.00151843
145	0.00147125
146	0.00142552
147	0.00138124
148	0.00133836
149	0.00129682
150	0.00125658
151	0.00121757
152	0.00117978
153	0.00114316
154	0.00110768
155	0.00107329
156	0.00103998
157	0.00100770
158	0.00097643
159	0.00094612
160	0.00091676
161	0.00088830
162	0.00086073
163	0.00083401
164	0.00080812
165	0.00078303
166	0.00075873
167	0.00073517
168	0.00071235
169	0.00069023
170	0.00066881
171	0.00064804
172	0.00062793
173	0.00060843
174	0.00058954
175	0.00057124
176	0.00055351
177	0.00053633
178	0.00051968
179	0.00050354
180	0.00048791
181	0.00047277
182	0.00045809
183	0.00044387
184	0.00043009
185	0.00041674
186	0.00040380
187	0.00039127
188	0.00037912
189	0.00036735
190	0.00035595
191	0.00034490
192	0.00033419
193	0.00032382
194	0.00031377
195	0.00030403
196	0.00029459
197	0.00028544
198	0.00027658
199	0.00026800
200	0.00025968
201	0.00025162
202	0.00024380
203	0.00023624
204	0.00022890
205	0.00022180
206	0.00021491
207	0.00020824
208	0.00020178
209	0.00019551
210	0.00018944
211	0.00018356
212	0.00017786
213	0.00017234
214	0.00016699
215	0.00016181
216	0.00015678
217	0.00015192
218	0.00014720
219	0.00014263
220	0.00013820
221	0.00013391
222	0.00012976
223	0.00012573
224	0.00012183
225	0.00011804
226	0.00011438
227	0.00011083
228	0.00010739
229	0.00010405
230	0.00010082
231	0.00009769
232	0.00009466
233	0.00009172
234	0.00008888
235	0.00008612
236	0.00008344
237	0.00008085
238	0.00007834
239	0.00007591
240	0.00007355
241	0.00007127
242	0.00006906
243	0.00006692
244	0.00006484
245	0.00006283
246	0.00006087
247	0.00005899
248	0.00005715
249	0.00005538
250	0.00005366
251	0.00005199
252	0.00005038
253	0.00004882
254	0.00004730
255	0.00004583
256	0.00004441
257	0.00004303
258	0.00004170
259	0.00004040
260	0.00003915
261	0.00003793
262	0.00003675
263	0.00003561
264	0.00003451
265	0.00003344
266	0.00003240
267	0.00003139
268	0.00003042
269	0.00002947
270	0.00002856
271	0.00002767
272	0.00002681
273	0.00002598
274	0.00002517
275	0.00002439
276	0.00002364
277	0.00002290
278	0.00002219
279	0.00002150
280	0.00002083
281	0.00002019
282	0.00001956
283	0.00001895
284	0.00001837
285	0.00001780
286	0.00001724
287	0.00001671
288	0.00001619
289	0.00001569
290	0.00001520
291	0.00001473
292	0.00001427
293	0.00001383
294	0.00001340
295	0.00001298
296	0.00001258
297	0.00001219
298	0.00001181
299	0.00001144
300	0.00001109
301	0.00001074
302	0.00001041
303	0.00001009
304	0.00000977
305	0.00000947
306	0.00000918
307	0.00000889
308	0.00000862
309	0.00000835
310	0.00000809
311	0.00000784
312	0.00000760
313	0.00000736
314	0.00000713
315	0.00000691
316	0.00000670
317	0.00000649
318	0.00000629
319	0.00000609
320	0.00000590
321	0.00000572
322	0.00000554
323	0.00000537
324	0.00000520
325	0.00000504
326	0.00000488
327	0.00000473
328	0.00000459
329	0.00000444
330	0.00000431
331	0.00000417
332	0.00000404
333	0.00000392
334	0.00000380
335	0.00000368
336	0.00000356
337	0.00000345
338	0.00000335
339	0.00000324
340	0.00000314
341	0.00000304
342	0.00000295
343	0.00000286
344	0.00000277
345	0.00000268
346	0.00000260
347	0.00000252
348	0.00000244
349	0.00000236
350	0.00000229
351	0.00000222
352	0.00000215
353	0.00000208
354	0.00000202
355	0.00000196
356	0.00000190
357	0.00000184
358	0.00000178
359	0.00000173
360	0.00000167
361	0.00000162
362	0.00000157
363	0.00000152
364	0.00000147
365	0.00000143
366	0.00000138
367	0.00000134
368	0.00000130
369	0.00000126
370	0.00000122
371	0.00000118
372	0.00000114
373	0.00000111
374	0.00000108
375	0.00000104
376	0.00000101
377	0.00000098
378	0.00000095
379	0.00000092
380	0.00000089
381	0.00000086
382	0.00000084
383	0.00000081
384	0.00000078
385	0.00000076
386	0.00000074
387	0.00000071
388	0.00000069
389	0.00000067
390	0.00000065
391	0.00000063
392	0.00000061
393	0.00000059
394	0.00000057
395	0.00000055
396	0.00000054
397	0.00000052
398	0.00000050
399	0.00000049
400	0.00000047
401	0.00000046
402	0.00000044
403	0.00000043
404	0.00000042
405	0.00000040
406	0.00000039
407	0.00000038
408	0.00000037
409	0.00000036
410	0.00000035
411	0.00000033
412	0.00000032
413	0.00000031
414	0.00000030
415	0.00000030
416	0.00000029
417	0.00000028
418	0.00000027
419	0.00000026
420	0.00000025
421	0.00000024
422	0.00000024
423	0.00000023
424	0.00000022
425	0.00000022
426	0.00000021
427	0.00000020
428	0.00000020
429	0.00000019
430	0.00000018
431	0.00000018
432	0.00000017
433	0.00000017
434	0.00000016
435	0.00000016
436	0.00000015
437	0.00000015
438	0.00000014
439	0.00000014
440	0.00000013
441	0.00000013
442	0.00000013
443	0.00000012
444	0.00000012
445	0.00000011
446	0.00000011
447	0.00000011
448	0.00000010
449	0.00000010
450	0.00000010
451	0.00000009
452	0.00000009
453	0.00000009
454	0.00000009
455	0.00000008
456	0.00000008
457	0.00000008
458	0.00000008
459	0.00000007
460	0.00000007
461	0.00000007
462	0.00000007
463	0.00000006
464	0.00000006
465	0.00000006
466	0.00000006
467	0.00000006
468	0.00000006
469	0.00000005
470	0.00000005
471	0.00000005
472	0.00000005
473	0.00000005
474	0.00000005
475	0.00000004
476	0.00000004
477	0.00000004
478	0.00000004
479	0.00000004
480	0.00000004
481	0.00000004
482	0.00000004
483	0.00000003
484	0.00000003
485	0.00000003
486	0.00000003
487	0.00000003
488	0.00000003
489	0.00000003
490	0.00000003
491	0.00000003
492	0.00000003
493	0.00000003
494	0.00000002
495	0.00000002
496	0.00000002
497	0.00000002
498	0.00000002
499	0.00000002
500	0.00000002
501	0.00000002
502	0.00000002
503	0.00000002
504	0.00000002
505	0.00000002
506	0.00000002
507	0.00000002
508	0.00000002
509	0.00000002
510	0.00000001
511	0.00000001
512	0.00000001
513	0.00000001
514	0.00000001
515	0.00000001
516	0.00000001
517	0.00000001
518	0.00000001
519	0.00000001
520	0.00000001
521	0.00000001
522	0.00000001
523	0.00000001
524	0.00000001
525	0.00000001
526	0.00000001
527	0.00000001
528	0.00000001
529	0.00000001
530	0.00000001
531	0.00000001
532	0.00000001
533	0.00000001
534	0.00000001
535	0.00000001
536	0.00000001
537	0.00000001
538	0.00000001
539	0.00000001
540	0.00000001
541	0.00000001
542	0.00000001
543	0.00000001
544	0.00000001
545	0.00000000
546	0.00000000
547	0.00000000
548	0.00000000
549	0.00000000
550	0.00000000
551	0.00000000
552	0.00000000
553	0.00000000
554	0.00000000
555	0.00000000
556	0.00000000
557	0.00000000
558	0.00000000
559	0.00000000
560	0.00000000
561	0.00000000
562	0.00000000
563	0.00000000
564	0.00000000
565	0.00000000
566	0.00000000
567	0.00000000
568	0.00000000
569	0.00000000
570	0.00000000
571	0.00000000
572	0.00000000
573	0.00000000
574	0.00000000
575	0.00000000
576	0.00000000
577	0.00000000
578	0.00000000
579	0.00000000
580	0.00000000
581	0.00000000
582	0.00000000
583	0.00000000
584	0.00000000
585	0.00000000
586	0.00000000
587	0.00000000
588	0.00000000
589	0.00000000
590	0.00000000
591	0.00000000
592	0.00000000
593	0.00000000
594	0.00000000
595	0.00000000
596	0.00000000
597	0.00000000
598	0.00000000
599	0.00000000
600	0.00000000
601	0.00000000
602	0.00000000
603	0.00000000
604	0.00000000
605	0.00000000
606	0.00000000
607	0.00000000
608	0.00000000
609	0.00000000
610	0.00000000
611	0.00000000
612	0.00000000
613	0.00000000
614	0.00000000
615	0.00000000
616	0.00000000
617	0.00000000
618	0.00000000
619	0.00000000
620	0.00000000
621	0.00000000
622	0.00000000
623	0.00000000
624	0.00000000
625	0.00000000
626	0.00000000
627	0.00000000
628	0.00000000
629	0.00000000
630	0.00000000
631	0.00000000
632	0.00000000
633	0.00000000
634	0.00000000
635	0.00000000
636	0.00000000
637	0.00000000
638	0.00000000
639	0.00000000
640	0.00000000
641	0.00000000
642	0.00000000
643	0.00000000
644	0.00000000
645	0.00000000
646	0.00000000
647	0.00000000
648	0.00000000
649	0.00000000
650	0.00000000
651	0.00000000
652	0.00000000
653	0.00000000
654	0.00000000
655	0.00000000
656	0.00000000
657	0.00000000
658	0.00000000
659	0.00000000
660	0.00000000
661	0.00000000
662	0.00000000
663	0.00000000
664	0.00000000
665	0.00000000
666	0.00000000
667	0.00000000
668	0.00000000
669	0.00000000
670	0.00000000
671	0.00000000
672	0.00000000
673	0.00000000
674	0.00000000
675	0.00000000
676	0.00000000
677	0.00000000
678	0.00000000
679	0.00000000
680	0.00000000
681	0.00000000
682	0.00000000
683	0.00000000
684	0.00000000
685	0.00000000
686	0.00000000
687	0.00000000
688	0.00000000
689	0.00000000
690	0.00000000
691	0.00000000
692	0.00000000
693	0.00000000
694	0.00000000
695	0.00000000
696	0.00000000
697	0.00000000
698	0.00000000
699	0.00000000
700	0.00000000
701	0.00000000
702	0.00000000
703	0.00000000
704	0.00000000
705	0.00000000
706	0.00000000
707	0.00000000
708	0.00000000
709	0.00000000
710	0.00000000
711	0.00000000
712	0.00000000
713	0.00000000
714	0.00000000
715	0.00000000
716	0.00000000
717	0.00000000
718	0.00000000
719	0.00000000
720	0.00000000
721	0.00000000
722	0.00000000
723	0.00000000
724	0.00000000
725	0.00000000
726	0.00000000
727	0.00000000
728	0.00000000
729	0.00000000
730	0.00000000
731	0.00000000
732	0.00000000
733	0.00000000
734	0.00000000
735	0.00000000
736	0.00000000
737	0.00000000
738	0.00000000
739	0.00000000
740	0.00000000
741	0.00000000
742	0.00000000
743	0.00000000
744	0.00000000
745	0.00000000
746	0.00000000
747	0.00000000
748	0.00000000
749	0.00000000
750	0.00000000
751	0.00000000
752	0.00000000
753	0.00000000
754	0.00000000
755	0.00000000
756	0.00000000
757	0.00000000
758	0.00000000
759	0.00000000
760	0.00000000
761	0.00000000
762	0.00000000
763	0.00000000
764	0.00000000
765	0.00000000
766	0.00000000
767	0.00000000
768	0.00000000
769	0.00000000
770	0.00000000
771	0.00000000
772	0.00000000
773	0.00000000
774	0.00000000
775	0.00000000
776	0.00000000
777	0.00000000
778	0.00000000
779	0.00000000
780	0.00000000
781	0.00000000
782	0.00000000
783	0.00000000
784	0.00000000
785	0.00000000
786	0.00000000
787	0.00000000
788	0.00000000
789	0.00000000
790	0.00000000
791	0.00000000
792	0.00000000
793	0.00000000
794	0.00000000
795	0.00000000
796	0.00000000
797	0.00000000
798	0.00000000
799	0.00000000
800	0.00000000
801	0.00000000
802	0.00000000
803	0.00000000
804	0.00000000
805	0.00000000
806	0.00000000
807	0.00000000
808	0.00000000
809	0.00000000
810	0.00000000
811	0.00000000
812	0.00000000
813	0.00000000
814	0.00000000
815	0.00000000
816	0.00000000
817	0.00000000
818	0.00000000
819	0.00000000
820	0.00000000
821	0.00000000
822	0.00000000
823	0.00000000
824	0.00000000
825	0.00000000
826	0.00000000
827	0.00000000
828	0.00000000
829	0.00000000
830	0.00000000
831	0.00000000
832	0.00000000
833	0.00000000
834	0.00000000
835	0.00000000
836	0.00000000
837	0.00000000
838	0.00000000
839	0.00000000
840	0.00000000
841	0.00000000
842	0.00000000
843	0.00000000
844	0.00000000
845	0.00000000
846	0.00000000
847	0.00000000
848	0.00000000
849	0.00000000
850	0.00000000
851	0.00000000
852	0.00000000
853	0.00000000
854	0.00000000
855	0.00000000
856	0.00000000
857	0.00000000
858	0.00000000
859	0.00000000
860	0.00000000
861	0.00000000
862	0.00000000
863	0.00000000
864	0.00000000
865	0.00000000
866	0.00000000
867	0.00000000
868	0.00000000
869	0.00000000
870	0.00000000
871	0.00000000
872	0.00000000
873	0.00000000
874	0.00000000
875	0.00000000
876	0.00000000
877	0.00000000
878	0.00000000
879	0.00000000
880	0.00000000
881	0.00000000
882	0.00000000
883	0.00000000
884	0.00000000
885	0.00000000
886	0.00000000
887	0.00000000
888	0.00000000
889	0.00000000
890	0.00000000
891	0.00000000
892	0.00000000
893	0.00000000
894	0.00000000
895	0.00000000
896	0.00000000
897	0.00000000
898	0.00000000
899	0.00000000
900	0.00000000
901	0.00000000
902	0.00000000
903	0.00000000
904	0.00000000
905	0.00000000
906	0.00000000
907	0.00000000
908	0.00000000
909	0.00000000
910	0.00000000
911	0.00000000
912	0.00000000
913	0.00000000
914	0.00000000
915	0.00000000
916	0.00000000
917	0.00000000
918	0.00000000
919	0.00000000
920	0.00000000
921	0.00000000
922	0.00000000
923	0.00000000
924	0.00000000
925	0.00000000
926	0.00000000
927	0.00000000
928	0.00000000
929	0.00000000
930	0.00000000
931	0.00000000
932	0.00000000
933	0.00000000
934	0.00000000
935	0.00000000
936	0.00000000
937	0.00000000
938	0.00000000
939	0.00000000
940	0.00000000
941	0.00000000
942	0.00000000
943	0.00000000
944	0.00000000
945	0.00000000
946	0.00000000
947	0.00000000
948	0.00000000
949	0.00000000
950	0.00000000
951	0.00000000
952	0.00000000
953	0.00000000
954	0.00000000
955	0.00000000
956	0.00000000
957	0.00000000
958	0.00000000
959	0.00000000
960	0.00000000
961	0.00000000
962	0.00000000
963	0.00000000
964	0.00000000
965	0.00000000
966	0.00000000
967	0.00000000
968	0.00000000
969	0.00000000
970	0.00000000
971	0.00000000
972	0.00000000
973	0.00000000
974	0.00000000
975	0.00000000
976	0.00000000
977	0.00000000
978	0.00000000
979	0.00000000
980	0.00000000
981	0.00000000
982	0.00000000
983	0.00000000
984	0.00000000
985	0.00000000
986	0.00000000
987	0.00000000
988	0.00000000
989	0.00000000
990	0.00000000
991	0.00000000
992	0.00000000
993	0.00000000
994	0.00000000
995	0.00000000
996	0.00000000
997	0.00000000
998	0.00000000
999	0.00000000
