0	0.00000000
1	0.00000000
2	0.00000000
3	0.00000000
4	0.00000000
5	0.00000000
6	0.00000000
7	0.00000000
8	0.00000000
9	0.00000000
10	0.00000000
11	0.00000000
12	0.00000000
13	0.00315158
14	0.02174147
15	0.01844622
16	0.02534168
17	0.02506466
18	0.03408175
19	0.04044499
20	0.04416555
21	0.04104024
22	0.03950750
23	0.03496744
24	0.03247804
25	0.02924591
26	0.02716269
27	0.02474571
28	0.02329057
29	0.02155547
30	0.02030863
31	0.01917152
32	0.02061745
33	0.02244429
34	0.02393916
35	0.02574620
36	0.02677283
37	0.02660404
38	0.02672444
39	0.02694844
40	0.02622019
41	0.02633045
42	0.02583455
43	0.02549040
44	0.02460440
45	0.02394882
46	0.02340625
47	0.02265829
48	0.02251312
49	0.02204866
50	0.02160792
51	0.02115813
52	0.02041609
53	0.01982963
54	0.01910751
55	0.01900845
56	0.01898229
57	0.01862051
58	0.01837088
59	0.01793041
60	0.01742273
61	0.01708242
62	0.01672754
63	0.01652108
64	0.01632225
65	0.01613102
66	0.01589908
67	0.01547154
68	0.01519099
69	0.01479387
70	0.01442300
71	0.01396464
72	0.01365775
73	0.01315420
74	0.01277739
75	0.01228986
76	0.01192410
77	0.01154653
78	0.01129591
79	0.01108476
80	0.01076330
81	0.01050910
82	0.01027764
83	0.00995127
84	0.00972584
85	0.00954640
86	0.00932646
87	0.00909923
88	0.00883482
89	0.00860410
90	0.00831888
91	0.00804273
92	0.00777887
93	0.00751651
94	0.00727290
95	0.00702659
96	0.00681686
97	0.00658485
98	0.00636585
99	0.00616699
100	0.00596930
101	0.00580629
102	0.00566732
103	0.00550101
104	0.00533126
105	0.00517920
106	0.00501493
107	0.00486539
108	0.00472135
109	0.00458673
110	0.00443703
111	0.00429734
112	0.00416986
113	0.00403993
114	0.00390811
115	0.00378401
116	0.00366571
117	0.00355070
118	0.00344106
119	0.00333238
120	0.00322731
121	0.00312639
122	0.00302858
123	0.00293387
124	0.00284400
125	0.00276033
126	0.00267314
127	0.00259136
128	0.00250971
129	0.00243226
130	0.00235638
131	0.00228354
132	0.00221290
133	0.00214439
134	0.00207796
135	0.00201353
136	0.00195108
137	0.00189052
138	0.00183180
139	0.00177491
140	0.00171976
141	0.00166632
142	0.00161454
143	0.00156438
144	0.00151576
145	0.00146867
146	0.00142303
147	0.00137883
148	0.00133602
149	0.00129455
150	0.00125438
151	0.00121544
152	0.00117771
153	0.00114115
154	0.00110573
155	0.00107141
156	0.00103815
157	0.00100593
158	0.00097471
159	0.00094446
160	0.00091514
161	0.00088674
162	0.00085921
163	0.00083254
164	0.00080670
165	0.00078166
166	0.00075739
167	0.00073388
168	0.00071110
169	0.00068902
170	0.00066763
171	0.00064690
172	0.00062682
173	0.00060736
174	0.00058851
175	0.00057024
176	0.00055254
177	0.00053538
178	0.00051876
179	0.00050266
180	0.00048706
181	0.00047194
182	0.00045728
183	0.00044309
184	0.00042933
185	0.00041601
186	0.00040309
187	0.00039058
188	0.00037846
189	0.00036671
190	0.00035532
191	0.00034429
192	0.00033360
193	0.00032325
194	0.00031321
195	0.00030349
196	0.00029407
197	0.00028494
198	0.00027610
199	0.00026752
200	0.00025922
201	0.00025117
202	0.00024338
203	0.00023582
204	0.00022850
205	0.00022141
206	0.00021453
207	0.00020787
208	0.00020142
209	0.00019517
210	0.00018911
211	0.00018324
212	0.00017755
213	0.00017204
214	0.00016670
215	0.00016152
216	0.00015651
217	0.00015165
218	0.00014694
219	0.00014238
220	0.00013796
221	0.00013368
222	0.00012953
223	0.00012551
224	0.00012161
225	0.00011784
226	0.00011418
227	0.00011063
228	0.00010720
229	0.00010387
230	0.00010065
231	0.00009752
232	0.00009450
233	0.00009156
234	0.00008872
235	0.00008597
236	0.00008330
237	0.00008071
238	0.00007821
239	0.00007578
240	0.00007343
241	0.00007115
242	0.00006894
243	0.00006680
244	0.00006472
245	0.00006271
246	0.00006077
247	0.00005888
248	0.00005705
249	0.00005528
250	0.00005357
251	0.00005190
252	0.00005029
253	0.00004873
254	0.00004722
255	0.00004575
256	0.00004433
257	0.00004296
258	0.00004162
259	0.00004033
260	0.00003908
261	0.00003787
262	0.00003669
263	0.00003555
264	0.00003445
265	0.00003338
266	0.00003234
267	0.00003134
268	0.00003036
269	0.00002942
270	0.00002851
271	0.00002762
272	0.00002677
273	0.00002594
274	0.00002513
275	0.00002435
276	0.00002359
277	0.00002286
278	0.00002215
279	0.00002146
280	0.00002080
281	0.00002015
282	0.00001953
283	0.00001892
284	0.00001833
285	0.00001776
286	0.00001721
287	0.00001668
288	0.00001616
289	0.00001566
290	0.00001517
291	0.00001470
292	0.00001425
293	0.00001380
294	0.00001337
295	0.00001296
296	0.00001256
297	0.00001217
298	0.00001179
299	0.00001142
300	0.00001107
301	0.00001073
302	0.00001039
303	0.00001007
304	0.00000976
305	0.00000945
306	0.00000916
307	0.00000888
308	0.00000860
309	0.00000833
310	0.00000808
311	0.00000782
312	0.00000758
313	0.00000735
314	0.00000712
315	0.00000690
316	0.00000668
317	0.00000648
318	0.00000627
319	0.00000608
320	0.00000589
321	0.00000571
322	0.00000553
323	0.00000536
324	0.00000519
325	0.00000503
326	0.00000488
327	0.00000472
328	0.00000458
329	0.00000444
330	0.00000430
331	0.00000416
332	0.00000404
333	0.00000391
334	0.00000379
335	0.00000367
336	0.00000356
337	0.00000345
338	0.00000334
339	0.00000324
340	0.00000314
341	0.00000304
342	0.00000294
343	0.00000285
344	0.00000276
345	0.00000268
346	0.00000259
347	0.00000251
348	0.00000244
349	0.00000236
350	0.00000229
351	0.00000222
352	0.00000215
353	0.00000208
354	0.00000202
355	0.00000195
356	0.00000189
357	0.00000183
358	0.00000178
359	0.00000172
360	0.00000167
361	0.00000162
362	0.00000157
363	0.00000152
364	0.00000147
365	0.00000143
366	0.00000138
367	0.00000134
368	0.00000130
369	0.00000126
370	0.00000122
371	0.00000118
372	0.00000114
373	0.00000111
374	0.00000107
375	0.00000104
376	0.00000101
377	0.00000098
378	0.00000095
379	0.00000092
380	0.00000089
381	0.00000086
382	0.00000083
383	0.00000081
384	0.00000078
385	0.00000076
386	0.00000074
387	0.00000071
388	0.00000069
389	0.00000067
390	0.00000065
391	0.00000063
392	0.00000061
393	0.00000059
394	0.00000057
395	0.00000055
396	0.00000054
397	0.00000052
398	0.00000050
399	0.00000049
400	0.00000047
401	0.00000046
402	0.00000044
403	0.00000043
404	0.00000042
405	0.00000040
406	0.00000039
407	0.00000038
408	0.00000037
409	0.00000036
410	0.00000034
411	0.00000033
412	0.00000032
413	0.00000031
414	0.00000030
415	0.00000029
416	0.00000029
417	0.00000028
418	0.00000027
419	0.00000026
420	0.00000025
421	0.00000024
422	0.00000024
423	0.00000023
424	0.00000022
425	0.00000021
426	0.00000021
427	0.00000020
428	0.00000020
429	0.00000019
430	0.00000018
431	0.00000018
432	0.00000017
433	0.00000017
434	0.00000016
435	0.00000016
436	0.00000015
437	0.00000015
438	0.00000014
439	0.00000014
440	0.00000013
441	0.00000013
442	0.00000013
443	0.00000012
444	0.00000012
445	0.00000011
446	0.00000011
447	0.00000011
448	0.00000010
449	0.00000010
450	0.00000010
451	0.00000009
452	0.00000009
453	0.00000009
454	0.00000009
455	0.00000008
456	0.00000008
457	0.00000008
458	0.00000008
459	0.00000007
460	0.00000007
461	0.00000007
462	0.00000007
463	0.00000006
464	0.00000006
465	0.00000006
466	0.00000006
467	0.00000006
468	0.00000006
469	0.00000005
470	0.00000005
471	0.00000005
472	0.00000005
473	0.00000005
474	0.00000005
475	0.00000004
476	0.00000004
477	0.00000004
478	0.00000004
479	0.00000004
480	0.00000004
481	0.00000004
482	0.00000004
483	0.00000003
484	0.00000003
485	0.00000003
486	0.00000003
487	0.00000003
488	0.00000003
489	0.00000003
490	0.00000003
491	0.00000003
492	0.00000003
493	0.00000003
494	0.00000002
495	0.00000002
496	0.00000002
497	0.00000002
498	0.00000002
499	0.00000002
500	0.00000002
501	0.00000002
502	0.00000002
503	0.00000002
504	0.00000002
505	0.00000002
506	0.00000002
507	0.00000002
508	0.00000002
509	0.00000002
510	0.00000001
511	0.00000001
512	0.00000001
513	0.00000001
514	0.00000001
515	0.00000001
516	0.00000001
517	0.00000001
518	0.00000001
519	0.00000001
520	0.00000001
521	0.00000001
522	0.00000001
523	0.00000001
524	0.00000001
525	0.00000001
526	0.00000001
527	0.00000001
528	0.00000001
529	0.00000001
530	0.00000001
531	0.00000001
532	0.00000001
533	0.00000001
534	0.00000001
535	0.00000001
536	0.00000001
537	0.00000001
538	0.00000001
539	0.00000001
540	0.00000001
541	0.00000001
542	0.00000001
543	0.00000001
544	0.00000001
545	0.00000000
546	0.00000000
547	0.00000000
548	0.00000000
549	0.00000000
550	0.00000000
551	0.00000000
552	0.00000000
553	0.00000000
554	0.00000000
555	0.00000000
556	0.00000000
557	0.00000000
558	0.00000000
559	0.00000000
560	0.00000000
561	0.00000000
562	0.00000000
563	0.00000000
564	0.00000000
565	0.00000000
566	0.00000000
567	0.00000000
568	0.00000000
569	0.00000000
570	0.00000000
571	0.00000000
572	0.00000000
573	0.00000000
574	0.00000000
575	0.00000000
576	0.00000000
577	0.00000000
578	0.00000000
579	0.00000000
580	0.00000000
581	0.00000000
582	0.00000000
583	0.00000000
584	0.00000000
585	0.00000000
586	0.00000000
587	0.00000000
588	0.00000000
589	0.00000000
590	0.00000000
591	0.00000000
592	0.00000000
593	0.00000000
594	0.00000000
595	0.00000000
596	0.00000000
597	0.00000000
598	0.00000000
599	0.00000000
600	0.00000000
601	0.00000000
602	0.00000000
603	0.00000000
604	0.00000000
605	0.00000000
606	0.00000000
607	0.00000000
608	0.00000000
609	0.00000000
610	0.00000000
611	0.00000000
612	0.00000000
613	0.00000000
614	0.00000000
615	0.00000000
616	0.00000000
617	0.00000000
618	0.00000000
619	0.00000000
620	0.00000000
621	0.00000000
622	0.00000000
623	0.00000000
624	0.00000000
625	0.00000000
626	0.00000000
627	0.00000000
628	0.00000000
629	0.00000000
630	0.00000000
631	0.00000000
632	0.00000000
633	0.00000000
634	0.00000000
635	0.00000000
636	0.00000000
637	0.00000000
638	0.00000000
639	0.00000000
640	0.00000000
641	0.00000000
642	0.00000000
643	0.00000000
644	0.00000000
645	0.00000000
646	0.00000000
647	0.00000000
648	0.00000000
649	0.00000000
650	0.00000000
651	0.00000000
652	0.00000000
653	0.00000000
654	0.00000000
655	0.00000000
656	0.00000000
657	0.00000000
658	0.00000000
659	0.00000000
660	0.00000000
661	0.00000000
662	0.00000000
663	0.00000000
664	0.00000000
665	0.00000000
666	0.00000000
667	0.00000000
668	0.00000000
669	0.00000000
670	0.00000000
671	0.00000000
672	0.00000000
673	0.00000000
674	0.00000000
675	0.00000000
676	0.00000000
677	0.00000000
678	0.00000000
679	0.00000000
680	0.00000000
681	0.00000000
682	0.00000000
683	0.00000000
684	0.00000000
685	0.00000000
686	0.00000000
687	0.00000000
688	0.00000000
689	0.00000000
690	0.00000000
691	0.00000000
692	0.00000000
693	0.00000000
694	0.00000000
695	0.00000000
696	0.00000000
697	0.00000000
698	0.00000000
699	0.00000000
700	0.00000000
701	0.00000000
702	0.00000000
703	0.00000000
704	0.00000000
705	0.00000000
706	0.00000000
707	0.00000000
708	0.00000000
709	0.00000000
710	0.00000000
711	0.00000000
712	0.00000000
713	0.00000000
714	0.00000000
715	0.00000000
716	0.00000000
717	0.00000000
718	0.00000000
719	0.00000000
720	0.00000000
721	0.00000000
722	0.00000000
723	0.00000000
724	0.00000000
725	0.00000000
726	0.00000000
727	0.00000000
728	0.00000000
729	0.00000000
730	0.00000000
731	0.00000000
732	0.00000000
733	0.00000000
734	0.00000000
735	0.00000000
736	0.00000000
737	0.00000000
738	0.00000000
739	0.00000000
740	0.00000000
741	0.00000000
742	0.00000000
743	0.00000000
744	0.00000000
745	0.00000000
746	0.00000000
747	0.00000000
748	0.00000000
749	0.00000000
750	0.00000000
751	0.00000000
752	0.00000000
753	0.00000000
754	0.00000000
755	0.00000000
756	0.00000000
757	0.00000000
758	0.00000000
759	0.00000000
760	0.00000000
761	0.00000000
762	0.00000000
763	0.00000000
764	0.00000000
765	0.00000000
766	0.00000000
767	0.00000000
768	0.00000000
769	0.00000000
770	0.00000000
771	0.00000000
772	0.00000000
773	0.00000000
774	0.00000000
775	0.00000000
776	0.00000000
777	0.00000000
778	0.00000000
779	0.00000000
780	0.00000000
781	0.00000000
782	0.00000000
783	0.00000000
784	0.00000000
785	0.00000000
786	0.00000000
787	0.00000000
788	0.00000000
789	0.00000000
790	0.00000000
791	0.00000000
792	0.00000000
793	0.00000000
794	0.00000000
795	0.00000000
796	0.00000000
797	0.00000000
798	0.00000000
799	0.00000000
800	0.00000000
801	0.00000000
802	0.00000000
803	0.00000000
804	0.00000000
805	0.00000000
806	0.00000000
807	0.00000000
808	0.00000000
809	0.00000000
810	0.00000000
811	0.00000000
812	0.00000000
813	0.00000000
814	0.00000000
815	0.00000000
816	0.00000000
817	0.00000000
818	0.00000000
819	0.00000000
820	0.00000000
821	0.00000000
822	0.00000000
823	0.00000000
824	0.00000000
825	0.00000000
826	0.00000000
827	0.00000000
828	0.00000000
829	0.00000000
830	0.00000000
831	0.00000000
832	0.00000000
833	0.00000000
834	0.00000000
835	0.00000000
836	0.00000000
837	0.00000000
838	0.00000000
839	0.00000000
840	0.00000000
841	0.00000000
842	0.00000000
843	0.00000000
844	0.00000000
845	0.00000000
846	0.00000000
847	0.00000000
848	0.00000000
849	0.00000000
850	0.00000000
851	0.00000000
852	0.00000000
853	0.00000000
854	0.00000000
855	0.00000000
856	0.00000000
857	0.00000000
858	0.00000000
859	0.00000000
860	0.00000000
861	0.00000000
862	0.00000000
863	0.00000000
864	0.00000000
865	0.00000000
866	0.00000000
867	0.00000000
868	0.00000000
869	0.00000000
870	0.00000000
871	0.00000000
872	0.00000000
873	0.00000000
874	0.00000000
875	0.00000000
876	0.00000000
877	0.00000000
878	0.00000000
879	0.00000000
880	0.00000000
881	0.00000000
882	0.00000000
883	0.00000000
884	0.00000000
885	0.00000000
886	0.00000000
887	0.00000000
888	0.00000000
889	0.00000000
890	0.00000000
891	0.00000000
892	0.00000000
893	0.00000000
894	0.00000000
895	0.00000000
896	0.00000000
897	0.00000000
898	0.00000000
899	0.00000000
900	0.00000000
901	0.00000000
902	0.00000000
903	0.00000000
904	0.00000000
905	0.00000000
906	0.00000000
907	0.00000000
908	0.00000000
909	0.00000000
910	0.00000000
911	0.00000000
912	0.00000000
913	0.00000000
914	0.00000000
915	0.00000000
916	0.00000000
917	0.00000000
918	0.00000000
919	0.00000000
920	0.00000000
921	0.00000000
922	0.00000000
923	0.00000000
924	0.00000000
925	0.00000000
926	0.00000000
927	0.00000000
928	0.00000000
929	0.00000000
930	0.00000000
931	0.00000000
932	0.00000000
933	0.00000000
934	0.00000000
935	0.00000000
936	0.00000000
937	0.00000000
938	0.00000000
939	0.00000000
940	0.00000000
941	0.00000000
942	0.00000000
943	0.00000000
944	0.00000000
945	0.00000000
946	0.00000000
947	0.00000000
948	0.00000000
949	0.00000000
950	0.00000000
951	0.00000000
952	0.00000000
953	0.00000000
954	0.00000000
955	0.00000000
956	0.00000000
957	0.00000000
958	0.00000000
959	0.00000000
960	0.00000000
961	0.00000000
962	0.00000000
963	0.00000000
964	0.00000000
965	0.00000000
966	0.00000000
967	0.00000000
968	0.00000000
969	0.00000000
970	0.00000000
971	0.00000000
972	0.00000000
973	0.00000000
974	0.00000000
975	0.00000000
976	0.00000000
977	0.00000000
978	0.00000000
979	0.00000000
980	0.00000000
981	0.00000000
982	0.00000000
983	0.00000000
984	0.00000000
985	0.00000000
986	0.00000000
987	0.00000000
988	0.00000000
989	0.00000000
990	0.00000000
991	0.00000000
992	0.00000000
993	0.00000000
994	0.00000000
995	0.00000000
996	0.00000000
997	0.00000000
998	0.00000000
999	0.00000000
