0	0.00000000
1	0.00000000
2	0.00000000
3	0.00000000
4	0.00000000
5	0.00000000
6	0.00000000
7	0.00000000
8	0.00000000
9	0.00000000
10	0.00000000
11	0.00000000
12	0.00000000
13	0.00271576
14	0.01868207
15	0.01578293
16	0.02371836
17	0.02396518
18	0.03492698
19	0.04117490
20	0.04598474
21	0.04322881
22	0.04204153
23	0.03817055
24	0.03574284
25	0.03211452
26	0.02923937
27	0.02600349
28	0.02433981
29	0.02212678
30	0.02044604
31	0.01900033
32	0.01972384
33	0.02090230
34	0.02200907
35	0.02362111
36	0.02447101
37	0.02470030
38	0.02608867
39	0.02687427
40	0.02685161
41	0.02696320
42	0.02677018
43	0.02616773
44	0.02499637
45	0.02386768
46	0.02307838
47	0.02222369
48	0.02204695
49	0.02154817
50	0.02114269
51	0.02068467
52	0.02019439
53	0.01959627
54	0.01889404
55	0.01868701
56	0.01855020
57	0.01814977
58	0.01779659
59	0.01730799
60	0.01693860
61	0.01685629
62	0.01663829
63	0.01635781
64	0.01612413
65	0.01596046
66	0.01553184
67	0.01513292
68	0.01481578
69	0.01450343
70	0.01414238
71	0.01375592
72	0.01344614
73	0.01298716
74	0.01255489
75	0.01206639
76	0.01165472
77	0.01128270
78	0.01099778
79	0.01076068
80	0.01043496
81	0.01019187
82	0.00995608
83	0.00964936
84	0.00947801
85	0.00940437
86	0.00910948
87	0.00890697
88	0.00866257
89	0.00842439
90	0.00813596
91	0.00784950
92	0.00760077
93	0.00734191
94	0.00709187
95	0.00685687
96	0.00664093
97	0.00642068
98	0.00620637
99	0.00600871
100	0.00581720
101	0.00564995
102	0.00550722
103	0.00534934
104	0.00518240
105	0.00503323
106	0.00487790
107	0.00474351
108	0.00461301
109	0.00447566
110	0.00432717
111	0.00419218
112	0.00406478
113	0.00393347
114	0.00380783
115	0.00368757
116	0.00357123
117	0.00345916
118	0.00335136
119	0.00324643
120	0.00314389
121	0.00304554
122	0.00295020
123	0.00285792
124	0.00277036
125	0.00268705
126	0.00260290
127	0.00252335
128	0.00244382
129	0.00236848
130	0.00229487
131	0.00222425
132	0.00215556
133	0.00208883
134	0.00202404
135	0.00196130
136	0.00190044
137	0.00184146
138	0.00178427
139	0.00172885
140	0.00167514
141	0.00162309
142	0.00157265
143	0.00152378
144	0.00147643
145	0.00143055
146	0.00138610
147	0.00134304
148	0.00130133
149	0.00126093
150	0.00122179
151	0.00118386
152	0.00114711
153	0.00111150
154	0.00107700
155	0.00104357
156	0.00101118
157	0.00097980
158	0.00094939
159	0.00091992
160	0.00089137
161	0.00086370
162	0.00083690
163	0.00081092
164	0.00078575
165	0.00076136
166	0.00073772
167	0.00071482
168	0.00069263
169	0.00067113
170	0.00065029
171	0.00063010
172	0.00061054
173	0.00059159
174	0.00057322
175	0.00055543
176	0.00053818
177	0.00052148
178	0.00050529
179	0.00048960
180	0.00047440
181	0.00045968
182	0.00044541
183	0.00043158
184	0.00041818
185	0.00040520
186	0.00039262
187	0.00038044
188	0.00036863
189	0.00035718
190	0.00034609
191	0.00033535
192	0.00032494
193	0.00031485
194	0.00030508
195	0.00029561
196	0.00028643
197	0.00027754
198	0.00026892
199	0.00026058
200	0.00025249
201	0.00024465
202	0.00023705
203	0.00022970
204	0.00022256
205	0.00021566
206	0.00020896
207	0.00020247
208	0.00019619
209	0.00019010
210	0.00018420
211	0.00017848
212	0.00017294
213	0.00016757
214	0.00016237
215	0.00015733
216	0.00015244
217	0.00014771
218	0.00014313
219	0.00013868
220	0.00013438
221	0.00013021
222	0.00012616
223	0.00012225
224	0.00011845
225	0.00011478
226	0.00011121
227	0.00010776
228	0.00010442
229	0.00010117
230	0.00009803
231	0.00009499
232	0.00009204
233	0.00008918
234	0.00008642
235	0.00008373
236	0.00008113
237	0.00007861
238	0.00007617
239	0.00007381
240	0.00007152
241	0.00006930
242	0.00006715
243	0.00006506
244	0.00006304
245	0.00006109
246	0.00005919
247	0.00005735
248	0.00005557
249	0.00005385
250	0.00005218
251	0.00005056
252	0.00004899
253	0.00004747
254	0.00004599
255	0.00004456
256	0.00004318
257	0.00004184
258	0.00004054
259	0.00003928
260	0.00003806
261	0.00003688
262	0.00003574
263	0.00003463
264	0.00003355
265	0.00003251
266	0.00003150
267	0.00003052
268	0.00002958
269	0.00002866
270	0.00002777
271	0.00002691
272	0.00002607
273	0.00002526
274	0.00002448
275	0.00002372
276	0.00002298
277	0.00002227
278	0.00002158
279	0.00002091
280	0.00002026
281	0.00001963
282	0.00001902
283	0.00001843
284	0.00001786
285	0.00001730
286	0.00001677
287	0.00001625
288	0.00001574
289	0.00001525
290	0.00001478
291	0.00001432
292	0.00001388
293	0.00001344
294	0.00001303
295	0.00001262
296	0.00001223
297	0.00001185
298	0.00001148
299	0.00001113
300	0.00001078
301	0.00001045
302	0.00001012
303	0.00000981
304	0.00000950
305	0.00000921
306	0.00000892
307	0.00000865
308	0.00000838
309	0.00000812
310	0.00000787
311	0.00000762
312	0.00000738
313	0.00000716
314	0.00000693
315	0.00000672
316	0.00000651
317	0.00000631
318	0.00000611
319	0.00000592
320	0.00000574
321	0.00000556
322	0.00000539
323	0.00000522
324	0.00000506
325	0.00000490
326	0.00000475
327	0.00000460
328	0.00000446
329	0.00000432
330	0.00000419
331	0.00000406
332	0.00000393
333	0.00000381
334	0.00000369
335	0.00000358
336	0.00000346
337	0.00000336
338	0.00000325
339	0.00000315
340	0.00000305
341	0.00000296
342	0.00000287
343	0.00000278
344	0.00000269
345	0.00000261
346	0.00000253
347	0.00000245
348	0.00000237
349	0.00000230
350	0.00000223
351	0.00000216
352	0.00000209
353	0.00000203
354	0.00000196
355	0.00000190
356	0.00000184
357	0.00000179
358	0.00000173
359	0.00000168
360	0.00000163
361	0.00000157
362	0.00000153
363	0.00000148
364	0.00000143
365	0.00000139
366	0.00000135
367	0.00000130
368	0.00000126
369	0.00000122
370	0.00000119
371	0.00000115
372	0.00000111
373	0.00000108
374	0.00000105
375	0.00000101
376	0.00000098
377	0.00000095
378	0.00000092
379	0.00000089
380	0.00000087
381	0.00000084
382	0.00000081
383	0.00000079
384	0.00000076
385	0.00000074
386	0.00000072
387	0.00000069
388	0.00000067
389	0.00000065
390	0.00000063
391	0.00000061
392	0.00000059
393	0.00000057
394	0.00000056
395	0.00000054
396	0.00000052
397	0.00000051
398	0.00000049
399	0.00000048
400	0.00000046
401	0.00000045
402	0.00000043
403	0.00000042
404	0.00000041
405	0.00000039
406	0.00000038
407	0.00000037
408	0.00000036
409	0.00000035
410	0.00000034
411	0.00000033
412	0.00000032
413	0.00000031
414	0.00000030
415	0.00000029
416	0.00000028
417	0.00000027
418	0.00000026
419	0.00000025
420	0.00000025
421	0.00000024
422	0.00000023
423	0.00000022
424	0.00000022
425	0.00000021
426	0.00000020
427	0.00000020
428	0.00000019
429	0.00000018
430	0.00000018
431	0.00000017
432	0.00000017
433	0.00000016
434	0.00000016
435	0.00000015
436	0.00000015
437	0.00000014
438	0.00000014
439	0.00000013
440	0.00000013
441	0.00000013
442	0.00000012
443	0.00000012
444	0.00000011
445	0.00000011
446	0.00000011
447	0.00000010
448	0.00000010
449	0.00000010
450	0.00000010
451	0.00000009
452	0.00000009
453	0.00000009
454	0.00000008
455	0.00000008
456	0.00000008
457	0.00000008
458	0.00000007
459	0.00000007
460	0.00000007
461	0.00000007
462	0.00000007
463	0.00000006
464	0.00000006
465	0.00000006
466	0.00000006
467	0.00000006
468	0.00000005
469	0.00000005
470	0.00000005
471	0.00000005
472	0.00000005
473	0.00000005
474	0.00000004
475	0.00000004
476	0.00000004
477	0.00000004
478	0.00000004
479	0.00000004
480	0.00000004
481	0.00000004
482	0.00000003
483	0.00000003
484	0.00000003
485	0.00000003
486	0.00000003
487	0.00000003
488	0.00000003
489	0.00000003
490	0.00000003
491	0.00000003
492	0.00000003
493	0.00000002
494	0.00000002
495	0.00000002
496	0.00000002
497	0.00000002
498	0.00000002
499	0.00000002
500	0.00000002
501	0.00000002
502	0.00000002
503	0.00000002
504	0.00000002
505	0.00000002
506	0.00000002
507	0.00000002
508	0.00000002
509	0.00000001
510	0.00000001
511	0.00000001
512	0.00000001
513	0.00000001
514	0.00000001
515	0.00000001
516	0.00000001
517	0.00000001
518	0.00000001
519	0.00000001
520	0.00000001
521	0.00000001
522	0.00000001
523	0.00000001
524	0.00000001
525	0.00000001
526	0.00000001
527	0.00000001
528	0.00000001
529	0.00000001
530	0.00000001
531	0.00000001
532	0.00000001
533	0.00000001
534	0.00000001
535	0.00000001
536	0.00000001
537	0.00000001
538	0.00000001
539	0.00000001
540	0.00000001
541	0.00000001
542	0.00000001
543	0.00000001
544	0.00000000
545	0.00000000
546	0.00000000
547	0.00000000
548	0.00000000
549	0.00000000
550	0.00000000
551	0.00000000
552	0.00000000
553	0.00000000
554	0.00000000
555	0.00000000
556	0.00000000
557	0.00000000
558	0.00000000
559	0.00000000
560	0.00000000
561	0.00000000
562	0.00000000
563	0.00000000
564	0.00000000
565	0.00000000
566	0.00000000
567	0.00000000
568	0.00000000
569	0.00000000
570	0.00000000
571	0.00000000
572	0.00000000
573	0.00000000
574	0.00000000
575	0.00000000
576	0.00000000
577	0.00000000
578	0.00000000
579	0.00000000
580	0.00000000
581	0.00000000
582	0.00000000
583	0.00000000
584	0.00000000
585	0.00000000
586	0.00000000
587	0.00000000
588	0.00000000
589	0.00000000
590	0.00000000
591	0.00000000
592	0.00000000
593	0.00000000
594	0.00000000
595	0.00000000
596	0.00000000
597	0.00000000
598	0.00000000
599	0.00000000
600	0.00000000
601	0.00000000
602	0.00000000
603	0.00000000
604	0.00000000
605	0.00000000
606	0.00000000
607	0.00000000
608	0.00000000
609	0.00000000
610	0.00000000
611	0.00000000
612	0.00000000
613	0.00000000
614	0.00000000
615	0.00000000
616	0.00000000
617	0.00000000
618	0.00000000
619	0.00000000
620	0.00000000
621	0.00000000
622	0.00000000
623	0.00000000
624	0.00000000
625	0.00000000
626	0.00000000
627	0.00000000
628	0.00000000
629	0.00000000
630	0.00000000
631	0.00000000
632	0.00000000
633	0.00000000
634	0.00000000
635	0.00000000
636	0.00000000
637	0.00000000
638	0.00000000
639	0.00000000
640	0.00000000
641	0.00000000
642	0.00000000
643	0.00000000
644	0.00000000
645	0.00000000
646	0.00000000
647	0.00000000
648	0.00000000
649	0.00000000
650	0.00000000
651	0.00000000
652	0.00000000
653	0.00000000
654	0.00000000
655	0.00000000
656	0.00000000
657	0.00000000
658	0.00000000
659	0.00000000
660	0.00000000
661	0.00000000
662	0.00000000
663	0.00000000
664	0.00000000
665	0.00000000
666	0.00000000
667	0.00000000
668	0.00000000
669	0.00000000
670	0.00000000
671	0.00000000
672	0.00000000
673	0.00000000
674	0.00000000
675	0.00000000
676	0.00000000
677	0.00000000
678	0.00000000
679	0.00000000
680	0.00000000
681	0.00000000
682	0.00000000
683	0.00000000
684	0.00000000
685	0.00000000
686	0.00000000
687	0.00000000
688	0.00000000
689	0.00000000
690	0.00000000
691	0.00000000
692	0.00000000
693	0.00000000
694	0.00000000
695	0.00000000
696	0.00000000
697	0.00000000
698	0.00000000
699	0.00000000
700	0.00000000
701	0.00000000
702	0.00000000
703	0.00000000
704	0.00000000
705	0.00000000
706	0.00000000
707	0.00000000
708	0.00000000
709	0.00000000
710	0.00000000
711	0.00000000
712	0.00000000
713	0.00000000
714	0.00000000
715	0.00000000
716	0.00000000
717	0.00000000
718	0.00000000
719	0.00000000
720	0.00000000
721	0.00000000
722	0.00000000
723	0.00000000
724	0.00000000
725	0.00000000
726	0.00000000
727	0.00000000
728	0.00000000
729	0.00000000
730	0.00000000
731	0.00000000
732	0.00000000
733	0.00000000
734	0.00000000
735	0.00000000
736	0.00000000
737	0.00000000
738	0.00000000
739	0.00000000
740	0.00000000
741	0.00000000
742	0.00000000
743	0.00000000
744	0.00000000
745	0.00000000
746	0.00000000
747	0.00000000
748	0.00000000
749	0.00000000
750	0.00000000
751	0.00000000
752	0.00000000
753	0.00000000
754	0.00000000
755	0.00000000
756	0.00000000
757	0.00000000
758	0.00000000
759	0.00000000
760	0.00000000
761	0.00000000
762	0.00000000
763	0.00000000
764	0.00000000
765	0.00000000
766	0.00000000
767	0.00000000
768	0.00000000
769	0.00000000
770	0.00000000
771	0.00000000
772	0.00000000
773	0.00000000
774	0.00000000
775	0.00000000
776	0.00000000
777	0.00000000
778	0.00000000
779	0.00000000
780	0.00000000
781	0.00000000
782	0.00000000
783	0.00000000
784	0.00000000
785	0.00000000
786	0.00000000
787	0.00000000
788	0.00000000
789	0.00000000
790	0.00000000
791	0.00000000
792	0.00000000
793	0.00000000
794	0.00000000
795	0.00000000
796	0.00000000
797	0.00000000
798	0.00000000
799	0.00000000
800	0.00000000
801	0.00000000
802	0.00000000
803	0.00000000
804	0.00000000
805	0.00000000
806	0.00000000
807	0.00000000
808	0.00000000
809	0.00000000
810	0.00000000
811	0.00000000
812	0.00000000
813	0.00000000
814	0.00000000
815	0.00000000
816	0.00000000
817	0.00000000
818	0.00000000
819	0.00000000
820	0.00000000
821	0.00000000
822	0.00000000
823	0.00000000
824	0.00000000
825	0.00000000
826	0.00000000
827	0.00000000
828	0.00000000
829	0.00000000
830	0.00000000
831	0.00000000
832	0.00000000
833	0.00000000
834	0.00000000
835	0.00000000
836	0.00000000
837	0.00000000
838	0.00000000
839	0.00000000
840	0.00000000
841	0.00000000
842	0.00000000
843	0.00000000
844	0.00000000
845	0.00000000
846	0.00000000
847	0.00000000
848	0.00000000
849	0.00000000
850	0.00000000
851	0.00000000
852	0.00000000
853	0.00000000
854	0.00000000
855	0.00000000
856	0.00000000
857	0.00000000
858	0.00000000
859	0.00000000
860	0.00000000
861	0.00000000
862	0.00000000
863	0.00000000
864	0.00000000
865	0.00000000
866	0.00000000
867	0.00000000
868	0.00000000
869	0.00000000
870	0.00000000
871	0.00000000
872	0.00000000
873	0.00000000
874	0.00000000
875	0.00000000
876	0.00000000
877	0.00000000
878	0.00000000
879	0.00000000
880	0.00000000
881	0.00000000
882	0.00000000
883	0.00000000
884	0.00000000
885	0.00000000
886	0.00000000
887	0.00000000
888	0.00000000
889	0.00000000
890	0.00000000
891	0.00000000
892	0.00000000
893	0.00000000
894	0.00000000
895	0.00000000
896	0.00000000
897	0.00000000
898	0.00000000
899	0.00000000
900	0.00000000
901	0.00000000
902	0.00000000
903	0.00000000
904	0.00000000
905	0.00000000
906	0.00000000
907	0.00000000
908	0.00000000
909	0.00000000
910	0.00000000
911	0.00000000
912	0.00000000
913	0.00000000
914	0.00000000
915	0.00000000
916	0.00000000
917	0.00000000
918	0.00000000
919	0.00000000
920	0.00000000
921	0.00000000
922	0.00000000
923	0.00000000
924	0.00000000
925	0.00000000
926	0.00000000
927	0.00000000
928	0.00000000
929	0.00000000
930	0.00000000
931	0.00000000
932	0.00000000
933	0.00000000
934	0.00000000
935	0.00000000
936	0.00000000
937	0.00000000
938	0.00000000
939	0.00000000
940	0.00000000
941	0.00000000
942	0.00000000
943	0.00000000
944	0.00000000
945	0.00000000
946	0.00000000
947	0.00000000
948	0.00000000
949	0.00000000
950	0.00000000
951	0.00000000
952	0.00000000
953	0.00000000
954	0.00000000
955	0.00000000
956	0.00000000
957	0.00000000
958	0.00000000
959	0.00000000
960	0.00000000
961	0.00000000
962	0.00000000
963	0.00000000
964	0.00000000
965	0.00000000
966	0.00000000
967	0.00000000
968	0.00000000
969	0.00000000
970	0.00000000
971	0.00000000
972	0.00000000
973	0.00000000
974	0.00000000
975	0.00000000
976	0.00000000
977	0.00000000
978	0.00000000
979	0.00000000
980	0.00000000
981	0.00000000
982	0.00000000
983	0.00000000
984	0.00000000
985	0.00000000
986	0.00000000
987	0.00000000
988	0.00000000
989	0.00000000
990	0.00000000
991	0.00000000
992	0.00000000
993	0.00000000
994	0.00000000
995	0.00000000
996	0.00000000
997	0.00000000
998	0.00000000
999	0.00000000
