0	0.00000000
1	0.00000000
2	0.00000000
3	0.00000000
4	0.00000000
5	0.00000000
6	0.00000000
7	0.00000000
8	0.00000000
9	0.00000000
10	0.00000000
11	0.00000000
12	0.00000000
13	0.01412567
14	0.09121702
15	0.07153777
16	0.07429345
17	0.05155441
18	0.04712378
19	0.04298358
20	0.04115394
21	0.03561622
22	0.03168695
23	0.02713258
24	0.02350355
25	0.02068213
26	0.01898763
27	0.01758804
28	0.01708661
29	0.01631282
30	0.01582672
31	0.01569028
32	0.01969885
33	0.02572736
34	0.02677488
35	0.02817291
36	0.03020978
37	0.02952548
38	0.02836664
39	0.02811481
40	0.02713213
41	0.02704580
42	0.02627885
43	0.02623603
44	0.02554355
45	0.02540739
46	0.02525139
47	0.02431622
48	0.02372079
49	0.02277597
50	0.02202039
51	0.02117457
52	0.02041836
53	0.01981548
54	0.01908246
55	0.01936507
56	0.01957707
57	0.01941215
58	0.01942126
59	0.01917684
60	0.01861656
61	0.01815667
62	0.01793607
63	0.01770893
64	0.01760832
65	0.01737052
66	0.01698280
67	0.01650638
68	0.01590030
69	0.01553328
70	0.01506265
71	0.01461495
72	0.01423197
73	0.01376385
74	0.01331557
75	0.01282172
76	0.01245334
77	0.01210461
78	0.01191373
79	0.01176866
80	0.01154498
81	0.01128238
82	0.01111537
83	0.01080550
84	0.01056870
85	0.01034146
86	0.01003176
87	0.00978833
88	0.00947601
89	0.00917471
90	0.00885661
91	0.00860194
92	0.00830817
93	0.00803843
94	0.00775947
95	0.00751987
96	0.00728474
97	0.00704514
98	0.00680922
99	0.00659222
100	0.00638758
101	0.00620066
102	0.00606288
103	0.00592951
104	0.00576048
105	0.00561192
106	0.00544568
107	0.00526671
108	0.00510369
109	0.00493701
110	0.00477586
111	0.00462822
112	0.00448566
113	0.00434298
114	0.00420540
115	0.00406937
116	0.00394123
117	0.00381730
118	0.00369669
119	0.00358111
120	0.00346840
121	0.00336021
122	0.00325536
123	0.00315391
124	0.00305742
125	0.00296822
126	0.00287632
127	0.00279417
128	0.00270189
129	0.00262101
130	0.00253834
131	0.00245991
132	0.00238335
133	0.00230945
134	0.00223763
135	0.00216811
136	0.00210076
137	0.00203548
138	0.00197216
139	0.00191079
140	0.00185131
141	0.00179372
142	0.00173791
143	0.00168385
144	0.00163149
145	0.00158077
146	0.00153162
147	0.00148403
148	0.00143796
149	0.00139335
150	0.00135015
151	0.00130827
152	0.00126770
153	0.00122837
154	0.00119027
155	0.00115333
156	0.00111754
157	0.00108286
158	0.00104925
159	0.00101669
160	0.00098513
161	0.00095455
162	0.00092492
163	0.00089621
164	0.00086839
165	0.00084143
166	0.00081530
167	0.00078999
168	0.00076546
169	0.00074170
170	0.00071867
171	0.00069636
172	0.00067474
173	0.00065379
174	0.00063350
175	0.00061383
176	0.00059477
177	0.00057631
178	0.00055842
179	0.00054109
180	0.00052429
181	0.00050801
182	0.00049224
183	0.00047696
184	0.00046216
185	0.00044781
186	0.00043391
187	0.00042044
188	0.00040739
189	0.00039474
190	0.00038249
191	0.00037061
192	0.00035911
193	0.00034796
194	0.00033716
195	0.00032669
196	0.00031655
197	0.00030673
198	0.00029720
199	0.00028798
200	0.00027904
201	0.00027037
202	0.00026198
203	0.00025385
204	0.00024597
205	0.00023833
206	0.00023093
207	0.00022377
208	0.00021682
209	0.00021009
210	0.00020357
211	0.00019725
212	0.00019112
213	0.00018519
214	0.00017944
215	0.00017387
216	0.00016847
217	0.00016324
218	0.00015818
219	0.00015327
220	0.00014851
221	0.00014390
222	0.00013943
223	0.00013510
224	0.00013091
225	0.00012685
226	0.00012291
227	0.00011909
228	0.00011540
229	0.00011181
230	0.00010834
231	0.00010498
232	0.00010172
233	0.00009856
234	0.00009550
235	0.00009254
236	0.00008967
237	0.00008688
238	0.00008418
239	0.00008157
240	0.00007904
241	0.00007659
242	0.00007421
243	0.00007190
244	0.00006967
245	0.00006751
246	0.00006541
247	0.00006338
248	0.00006142
249	0.00005951
250	0.00005766
251	0.00005587
252	0.00005414
253	0.00005246
254	0.00005083
255	0.00004925
256	0.00004772
257	0.00004624
258	0.00004480
259	0.00004341
260	0.00004207
261	0.00004076
262	0.00003949
263	0.00003827
264	0.00003708
265	0.00003593
266	0.00003481
267	0.00003373
268	0.00003269
269	0.00003167
270	0.00003069
271	0.00002974
272	0.00002881
273	0.00002792
274	0.00002705
275	0.00002621
276	0.00002540
277	0.00002461
278	0.00002385
279	0.00002311
280	0.00002239
281	0.00002169
282	0.00002102
283	0.00002037
284	0.00001974
285	0.00001912
286	0.00001853
287	0.00001795
288	0.00001740
289	0.00001686
290	0.00001633
291	0.00001583
292	0.00001533
293	0.00001486
294	0.00001440
295	0.00001395
296	0.00001352
297	0.00001310
298	0.00001269
299	0.00001230
300	0.00001192
301	0.00001155
302	0.00001119
303	0.00001084
304	0.00001050
305	0.00001018
306	0.00000986
307	0.00000956
308	0.00000926
309	0.00000897
310	0.00000869
311	0.00000842
312	0.00000816
313	0.00000791
314	0.00000766
315	0.00000742
316	0.00000719
317	0.00000697
318	0.00000675
319	0.00000654
320	0.00000634
321	0.00000614
322	0.00000595
323	0.00000577
324	0.00000559
325	0.00000542
326	0.00000525
327	0.00000509
328	0.00000493
329	0.00000477
330	0.00000463
331	0.00000448
332	0.00000434
333	0.00000421
334	0.00000408
335	0.00000395
336	0.00000383
337	0.00000371
338	0.00000359
339	0.00000348
340	0.00000338
341	0.00000327
342	0.00000317
343	0.00000307
344	0.00000298
345	0.00000288
346	0.00000279
347	0.00000271
348	0.00000262
349	0.00000254
350	0.00000246
351	0.00000239
352	0.00000231
353	0.00000224
354	0.00000217
355	0.00000210
356	0.00000204
357	0.00000197
358	0.00000191
359	0.00000185
360	0.00000180
361	0.00000174
362	0.00000169
363	0.00000163
364	0.00000158
365	0.00000153
366	0.00000149
367	0.00000144
368	0.00000140
369	0.00000135
370	0.00000131
371	0.00000127
372	0.00000123
373	0.00000119
374	0.00000116
375	0.00000112
376	0.00000108
377	0.00000105
378	0.00000102
379	0.00000099
380	0.00000096
381	0.00000093
382	0.00000090
383	0.00000087
384	0.00000084
385	0.00000082
386	0.00000079
387	0.00000077
388	0.00000074
389	0.00000072
390	0.00000070
391	0.00000068
392	0.00000065
393	0.00000063
394	0.00000061
395	0.00000060
396	0.00000058
397	0.00000056
398	0.00000054
399	0.00000053
400	0.00000051
401	0.00000049
402	0.00000048
403	0.00000046
404	0.00000045
405	0.00000043
406	0.00000042
407	0.00000041
408	0.00000040
409	0.00000038
410	0.00000037
411	0.00000036
412	0.00000035
413	0.00000034
414	0.00000033
415	0.00000032
416	0.00000031
417	0.00000030
418	0.00000029
419	0.00000028
420	0.00000027
421	0.00000026
422	0.00000025
423	0.00000025
424	0.00000024
425	0.00000023
426	0.00000022
427	0.00000022
428	0.00000021
429	0.00000020
430	0.00000020
431	0.00000019
432	0.00000019
433	0.00000018
434	0.00000017
435	0.00000017
436	0.00000016
437	0.00000016
438	0.00000015
439	0.00000015
440	0.00000014
441	0.00000014
442	0.00000014
443	0.00000013
444	0.00000013
445	0.00000012
446	0.00000012
447	0.00000012
448	0.00000011
449	0.00000011
450	0.00000011
451	0.00000010
452	0.00000010
453	0.00000010
454	0.00000009
455	0.00000009
456	0.00000009
457	0.00000008
458	0.00000008
459	0.00000008
460	0.00000008
461	0.00000007
462	0.00000007
463	0.00000007
464	0.00000007
465	0.00000007
466	0.00000006
467	0.00000006
468	0.00000006
469	0.00000006
470	0.00000006
471	0.00000005
472	0.00000005
473	0.00000005
474	0.00000005
475	0.00000005
476	0.00000005
477	0.00000004
478	0.00000004
479	0.00000004
480	0.00000004
481	0.00000004
482	0.00000004
483	0.00000004
484	0.00000004
485	0.00000003
486	0.00000003
487	0.00000003
488	0.00000003
489	0.00000003
490	0.00000003
491	0.00000003
492	0.00000003
493	0.00000003
494	0.00000003
495	0.00000003
496	0.00000002
497	0.00000002
498	0.00000002
499	0.00000002
500	0.00000002
501	0.00000002
502	0.00000002
503	0.00000002
504	0.00000002
505	0.00000002
506	0.00000002
507	0.00000002
508	0.00000002
509	0.00000002
510	0.00000002
511	0.00000002
512	0.00000001
513	0.00000001
514	0.00000001
515	0.00000001
516	0.00000001
517	0.00000001
518	0.00000001
519	0.00000001
520	0.00000001
521	0.00000001
522	0.00000001
523	0.00000001
524	0.00000001
525	0.00000001
526	0.00000001
527	0.00000001
528	0.00000001
529	0.00000001
530	0.00000001
531	0.00000001
532	0.00000001
533	0.00000001
534	0.00000001
535	0.00000001
536	0.00000001
537	0.00000001
538	0.00000001
539	0.00000001
540	0.00000001
541	0.00000001
542	0.00000001
543	0.00000001
544	0.00000001
545	0.00000001
546	0.00000001
547	0.00000000
548	0.00000000
549	0.00000000
550	0.00000000
551	0.00000000
552	0.00000000
553	0.00000000
554	0.00000000
555	0.00000000
556	0.00000000
557	0.00000000
558	0.00000000
559	0.00000000
560	0.00000000
561	0.00000000
562	0.00000000
563	0.00000000
564	0.00000000
565	0.00000000
566	0.00000000
567	0.00000000
568	0.00000000
569	0.00000000
570	0.00000000
571	0.00000000
572	0.00000000
573	0.00000000
574	0.00000000
575	0.00000000
576	0.00000000
577	0.00000000
578	0.00000000
579	0.00000000
580	0.00000000
581	0.00000000
582	0.00000000
583	0.00000000
584	0.00000000
585	0.00000000
586	0.00000000
587	0.00000000
588	0.00000000
589	0.00000000
590	0.00000000
591	0.00000000
592	0.00000000
593	0.00000000
594	0.00000000
595	0.00000000
596	0.00000000
597	0.00000000
598	0.00000000
599	0.00000000
600	0.00000000
601	0.00000000
602	0.00000000
603	0.00000000
604	0.00000000
605	0.00000000
606	0.00000000
607	0.00000000
608	0.00000000
609	0.00000000
610	0.00000000
611	0.00000000
612	0.00000000
613	0.00000000
614	0.00000000
615	0.00000000
616	0.00000000
617	0.00000000
618	0.00000000
619	0.00000000
620	0.00000000
621	0.00000000
622	0.00000000
623	0.00000000
624	0.00000000
625	0.00000000
626	0.00000000
627	0.00000000
628	0.00000000
629	0.00000000
630	0.00000000
631	0.00000000
632	0.00000000
633	0.00000000
634	0.00000000
635	0.00000000
636	0.00000000
637	0.00000000
638	0.00000000
639	0.00000000
640	0.00000000
641	0.00000000
642	0.00000000
643	0.00000000
644	0.00000000
645	0.00000000
646	0.00000000
647	0.00000000
648	0.00000000
649	0.00000000
650	0.00000000
651	0.00000000
652	0.00000000
653	0.00000000
654	0.00000000
655	0.00000000
656	0.00000000
657	0.00000000
658	0.00000000
659	0.00000000
660	0.00000000
661	0.00000000
662	0.00000000
663	0.00000000
664	0.00000000
665	0.00000000
666	0.00000000
667	0.00000000
668	0.00000000
669	0.00000000
670	0.00000000
671	0.00000000
672	0.00000000
673	0.00000000
674	0.00000000
675	0.00000000
676	0.00000000
677	0.00000000
678	0.00000000
679	0.00000000
680	0.00000000
681	0.00000000
682	0.00000000
683	0.00000000
684	0.00000000
685	0.00000000
686	0.00000000
687	0.00000000
688	0.00000000
689	0.00000000
690	0.00000000
691	0.00000000
692	0.00000000
693	0.00000000
694	0.00000000
695	0.00000000
696	0.00000000
697	0.00000000
698	0.00000000
699	0.00000000
700	0.00000000
701	0.00000000
702	0.00000000
703	0.00000000
704	0.00000000
705	0.00000000
706	0.00000000
707	0.00000000
708	0.00000000
709	0.00000000
710	0.00000000
711	0.00000000
712	0.00000000
713	0.00000000
714	0.00000000
715	0.00000000
716	0.00000000
717	0.00000000
718	0.00000000
719	0.00000000
720	0.00000000
721	0.00000000
722	0.00000000
723	0.00000000
724	0.00000000
725	0.00000000
726	0.00000000
727	0.00000000
728	0.00000000
729	0.00000000
730	0.00000000
731	0.00000000
732	0.00000000
733	0.00000000
734	0.00000000
735	0.00000000
736	0.00000000
737	0.00000000
738	0.00000000
739	0.00000000
740	0.00000000
741	0.00000000
742	0.00000000
743	0.00000000
744	0.00000000
745	0.00000000
746	0.00000000
747	0.00000000
748	0.00000000
749	0.00000000
750	0.00000000
751	0.00000000
752	0.00000000
753	0.00000000
754	0.00000000
755	0.00000000
756	0.00000000
757	0.00000000
758	0.00000000
759	0.00000000
760	0.00000000
761	0.00000000
762	0.00000000
763	0.00000000
764	0.00000000
765	0.00000000
766	0.00000000
767	0.00000000
768	0.00000000
769	0.00000000
770	0.00000000
771	0.00000000
772	0.00000000
773	0.00000000
774	0.00000000
775	0.00000000
776	0.00000000
777	0.00000000
778	0.00000000
779	0.00000000
780	0.00000000
781	0.00000000
782	0.00000000
783	0.00000000
784	0.00000000
785	0.00000000
786	0.00000000
787	0.00000000
788	0.00000000
789	0.00000000
790	0.00000000
791	0.00000000
792	0.00000000
793	0.00000000
794	0.00000000
795	0.00000000
796	0.00000000
797	0.00000000
798	0.00000000
799	0.00000000
800	0.00000000
801	0.00000000
802	0.00000000
803	0.00000000
804	0.00000000
805	0.00000000
806	0.00000000
807	0.00000000
808	0.00000000
809	0.00000000
810	0.00000000
811	0.00000000
812	0.00000000
813	0.00000000
814	0.00000000
815	0.00000000
816	0.00000000
817	0.00000000
818	0.00000000
819	0.00000000
820	0.00000000
821	0.00000000
822	0.00000000
823	0.00000000
824	0.00000000
825	0.00000000
826	0.00000000
827	0.00000000
828	0.00000000
829	0.00000000
830	0.00000000
831	0.00000000
832	0.00000000
833	0.00000000
834	0.00000000
835	0.00000000
836	0.00000000
837	0.00000000
838	0.00000000
839	0.00000000
840	0.00000000
841	0.00000000
842	0.00000000
843	0.00000000
844	0.00000000
845	0.00000000
846	0.00000000
847	0.00000000
848	0.00000000
849	0.00000000
850	0.00000000
851	0.00000000
852	0.00000000
853	0.00000000
854	0.00000000
855	0.00000000
856	0.00000000
857	0.00000000
858	0.00000000
859	0.00000000
860	0.00000000
861	0.00000000
862	0.00000000
863	0.00000000
864	0.00000000
865	0.00000000
866	0.00000000
867	0.00000000
868	0.00000000
869	0.00000000
870	0.00000000
871	0.00000000
872	0.00000000
873	0.00000000
874	0.00000000
875	0.00000000
876	0.00000000
877	0.00000000
878	0.00000000
879	0.00000000
880	0.00000000
881	0.00000000
882	0.00000000
883	0.00000000
884	0.00000000
885	0.00000000
886	0.00000000
887	0.00000000
888	0.00000000
889	0.00000000
890	0.00000000
891	0.00000000
892	0.00000000
893	0.00000000
894	0.00000000
895	0.00000000
896	0.00000000
897	0.00000000
898	0.00000000
899	0.00000000
900	0.00000000
901	0.00000000
902	0.00000000
903	0.00000000
904	0.00000000
905	0.00000000
906	0.00000000
907	0.00000000
908	0.00000000
909	0.00000000
910	0.00000000
911	0.00000000
912	0.00000000
913	0.00000000
914	0.00000000
915	0.00000000
916	0.00000000
917	0.00000000
918	0.00000000
919	0.00000000
920	0.00000000
921	0.00000000
922	0.00000000
923	0.00000000
924	0.00000000
925	0.00000000
926	0.00000000
927	0.00000000
928	0.00000000
929	0.00000000
930	0.00000000
931	0.00000000
932	0.00000000
933	0.00000000
934	0.00000000
935	0.00000000
936	0.00000000
937	0.00000000
938	0.00000000
939	0.00000000
940	0.00000000
941	0.00000000
942	0.00000000
943	0.00000000
944	0.00000000
945	0.00000000
946	0.00000000
947	0.00000000
948	0.00000000
949	0.00000000
950	0.00000000
951	0.00000000
952	0.00000000
953	0.00000000
954	0.00000000
955	0.00000000
956	0.00000000
957	0.00000000
958	0.00000000
959	0.00000000
960	0.00000000
961	0.00000000
962	0.00000000
963	0.00000000
964	0.00000000
965	0.00000000
966	0.00000000
967	0.00000000
968	0.00000000
969	0.00000000
970	0.00000000
971	0.00000000
972	0.00000000
973	0.00000000
974	0.00000000
975	0.00000000
976	0.00000000
977	0.00000000
978	0.00000000
979	0.00000000
980	0.00000000
981	0.00000000
982	0.00000000
983	0.00000000
984	0.00000000
985	0.00000000
986	0.00000000
987	0.00000000
988	0.00000000
989	0.00000000
990	0.00000000
991	0.00000000
992	0.00000000
993	0.00000000
994	0.00000000
995	0.00000000
996	0.00000000
997	0.00000000
998	0.00000000
999	0.00000000
