0	0.00000000
1	0.00000000
2	0.00000000
3	0.00000000
4	0.00000000
5	0.00000000
6	0.00000000
7	0.00000000
8	0.00000000
9	0.00000000
10	0.00000000
11	0.00000000
12	0.00000000
13	0.00466817
14	0.03191866
15	0.02678754
16	0.03101349
17	0.02759605
18	0.03434139
19	0.03895307
20	0.04256016
21	0.03889754
22	0.03700900
23	0.03217736
24	0.02839826
25	0.02534625
26	0.02382794
27	0.02201307
28	0.02129608
29	0.01986177
30	0.01905634
31	0.01861234
32	0.02138569
33	0.02416320
34	0.02576879
35	0.02829010
36	0.02904347
37	0.02849226
38	0.02764981
39	0.02719327
40	0.02633244
41	0.02595970
42	0.02547858
43	0.02496847
44	0.02449247
45	0.02426929
46	0.02395401
47	0.02335560
48	0.02284259
49	0.02254473
50	0.02191208
51	0.02131644
52	0.02076079
53	0.01999344
54	0.01920035
55	0.01949886
56	0.01950155
57	0.01921193
58	0.01908796
59	0.01864451
60	0.01802247
61	0.01745852
62	0.01702739
63	0.01680281
64	0.01672762
65	0.01653496
66	0.01627744
67	0.01593158
68	0.01544099
69	0.01514731
70	0.01475867
71	0.01431180
72	0.01391396
73	0.01344679
74	0.01303875
75	0.01257283
76	0.01222033
77	0.01183169
78	0.01162810
79	0.01148540
80	0.01116209
81	0.01089240
82	0.01069811
83	0.01034128
84	0.01006473
85	0.00985236
86	0.00957995
87	0.00937097
88	0.00909164
89	0.00884205
90	0.00856371
91	0.00826806
92	0.00803077
93	0.00776300
94	0.00748863
95	0.00725349
96	0.00702621
97	0.00679514
98	0.00657567
99	0.00636451
100	0.00616798
101	0.00599712
102	0.00587132
103	0.00570148
104	0.00552734
105	0.00537375
106	0.00520439
107	0.00503451
108	0.00487803
109	0.00473195
110	0.00458345
111	0.00444224
112	0.00431078
113	0.00416947
114	0.00404414
115	0.00391003
116	0.00378838
117	0.00366995
118	0.00355501
119	0.00344492
120	0.00333584
121	0.00323177
122	0.00313078
123	0.00303315
124	0.00294199
125	0.00285657
126	0.00276552
127	0.00268163
128	0.00259621
129	0.00251647
130	0.00243765
131	0.00236204
132	0.00228871
133	0.00221780
134	0.00214903
135	0.00208242
136	0.00201780
137	0.00195517
138	0.00189442
139	0.00183556
140	0.00177851
141	0.00172322
142	0.00166966
143	0.00161778
144	0.00156750
145	0.00151880
146	0.00147161
147	0.00142589
148	0.00138164
149	0.00133878
150	0.00129725
151	0.00125699
152	0.00121799
153	0.00118019
154	0.00114355
155	0.00110806
156	0.00107366
157	0.00104033
158	0.00100804
159	0.00097675
160	0.00094644
161	0.00091706
162	0.00088859
163	0.00086101
164	0.00083428
165	0.00080838
166	0.00078329
167	0.00075897
168	0.00073541
169	0.00071258
170	0.00069045
171	0.00066902
172	0.00064825
173	0.00062812
174	0.00060863
175	0.00058973
176	0.00057142
177	0.00055369
178	0.00053650
179	0.00051984
180	0.00050371
181	0.00048807
182	0.00047292
183	0.00045824
184	0.00044401
185	0.00043023
186	0.00041687
187	0.00040393
188	0.00039139
189	0.00037924
190	0.00036747
191	0.00035606
192	0.00034501
193	0.00033430
194	0.00032392
195	0.00031387
196	0.00030412
197	0.00029468
198	0.00028553
199	0.00027667
200	0.00026808
201	0.00025976
202	0.00025170
203	0.00024388
204	0.00023631
205	0.00022898
206	0.00022187
207	0.00021498
208	0.00020831
209	0.00020184
210	0.00019557
211	0.00018950
212	0.00018362
213	0.00017792
214	0.00017240
215	0.00016705
216	0.00016186
217	0.00015684
218	0.00015197
219	0.00014725
220	0.00014268
221	0.00013825
222	0.00013396
223	0.00012980
224	0.00012577
225	0.00012186
226	0.00011808
227	0.00011442
228	0.00011086
229	0.00010742
230	0.00010409
231	0.00010086
232	0.00009773
233	0.00009469
234	0.00009175
235	0.00008890
236	0.00008614
237	0.00008347
238	0.00008088
239	0.00007837
240	0.00007594
241	0.00007358
242	0.00007129
243	0.00006908
244	0.00006694
245	0.00006486
246	0.00006285
247	0.00006089
248	0.00005900
249	0.00005717
250	0.00005540
251	0.00005368
252	0.00005201
253	0.00005040
254	0.00004883
255	0.00004732
256	0.00004585
257	0.00004442
258	0.00004305
259	0.00004171
260	0.00004041
261	0.00003916
262	0.00003794
263	0.00003677
264	0.00003562
265	0.00003452
266	0.00003345
267	0.00003241
268	0.00003140
269	0.00003043
270	0.00002948
271	0.00002857
272	0.00002768
273	0.00002682
274	0.00002599
275	0.00002518
276	0.00002440
277	0.00002364
278	0.00002291
279	0.00002220
280	0.00002151
281	0.00002084
282	0.00002019
283	0.00001957
284	0.00001896
285	0.00001837
286	0.00001780
287	0.00001725
288	0.00001671
289	0.00001619
290	0.00001569
291	0.00001520
292	0.00001473
293	0.00001428
294	0.00001383
295	0.00001340
296	0.00001299
297	0.00001258
298	0.00001219
299	0.00001181
300	0.00001145
301	0.00001109
302	0.00001075
303	0.00001041
304	0.00001009
305	0.00000978
306	0.00000947
307	0.00000918
308	0.00000890
309	0.00000862
310	0.00000835
311	0.00000809
312	0.00000784
313	0.00000760
314	0.00000736
315	0.00000713
316	0.00000691
317	0.00000670
318	0.00000649
319	0.00000629
320	0.00000609
321	0.00000590
322	0.00000572
323	0.00000554
324	0.00000537
325	0.00000520
326	0.00000504
327	0.00000489
328	0.00000473
329	0.00000459
330	0.00000444
331	0.00000431
332	0.00000417
333	0.00000404
334	0.00000392
335	0.00000380
336	0.00000368
337	0.00000356
338	0.00000345
339	0.00000335
340	0.00000324
341	0.00000314
342	0.00000304
343	0.00000295
344	0.00000286
345	0.00000277
346	0.00000268
347	0.00000260
348	0.00000252
349	0.00000244
350	0.00000237
351	0.00000229
352	0.00000222
353	0.00000215
354	0.00000209
355	0.00000202
356	0.00000196
357	0.00000190
358	0.00000184
359	0.00000178
360	0.00000173
361	0.00000167
362	0.00000162
363	0.00000157
364	0.00000152
365	0.00000147
366	0.00000143
367	0.00000138
368	0.00000134
369	0.00000130
370	0.00000126
371	0.00000122
372	0.00000118
373	0.00000115
374	0.00000111
375	0.00000108
376	0.00000104
377	0.00000101
378	0.00000098
379	0.00000095
380	0.00000092
381	0.00000089
382	0.00000086
383	0.00000084
384	0.00000081
385	0.00000078
386	0.00000076
387	0.00000074
388	0.00000071
389	0.00000069
390	0.00000067
391	0.00000065
392	0.00000063
393	0.00000061
394	0.00000059
395	0.00000057
396	0.00000055
397	0.00000054
398	0.00000052
399	0.00000050
400	0.00000049
401	0.00000047
402	0.00000046
403	0.00000044
404	0.00000043
405	0.00000042
406	0.00000040
407	0.00000039
408	0.00000038
409	0.00000037
410	0.00000036
411	0.00000035
412	0.00000033
413	0.00000032
414	0.00000031
415	0.00000030
416	0.00000030
417	0.00000029
418	0.00000028
419	0.00000027
420	0.00000026
421	0.00000025
422	0.00000024
423	0.00000024
424	0.00000023
425	0.00000022
426	0.00000022
427	0.00000021
428	0.00000020
429	0.00000020
430	0.00000019
431	0.00000018
432	0.00000018
433	0.00000017
434	0.00000017
435	0.00000016
436	0.00000016
437	0.00000015
438	0.00000015
439	0.00000014
440	0.00000014
441	0.00000013
442	0.00000013
443	0.00000013
444	0.00000012
445	0.00000012
446	0.00000011
447	0.00000011
448	0.00000011
449	0.00000010
450	0.00000010
451	0.00000010
452	0.00000009
453	0.00000009
454	0.00000009
455	0.00000009
456	0.00000008
457	0.00000008
458	0.00000008
459	0.00000008
460	0.00000007
461	0.00000007
462	0.00000007
463	0.00000007
464	0.00000006
465	0.00000006
466	0.00000006
467	0.00000006
468	0.00000006
469	0.00000006
470	0.00000005
471	0.00000005
472	0.00000005
473	0.00000005
474	0.00000005
475	0.00000005
476	0.00000004
477	0.00000004
478	0.00000004
479	0.00000004
480	0.00000004
481	0.00000004
482	0.00000004
483	0.00000004
484	0.00000003
485	0.00000003
486	0.00000003
487	0.00000003
488	0.00000003
489	0.00000003
490	0.00000003
491	0.00000003
492	0.00000003
493	0.00000003
494	0.00000003
495	0.00000002
496	0.00000002
497	0.00000002
498	0.00000002
499	0.00000002
500	0.00000002
501	0.00000002
502	0.00000002
503	0.00000002
504	0.00000002
505	0.00000002
506	0.00000002
507	0.00000002
508	0.00000002
509	0.00000002
510	0.00000002
511	0.00000001
512	0.00000001
513	0.00000001
514	0.00000001
515	0.00000001
516	0.00000001
517	0.00000001
518	0.00000001
519	0.00000001
520	0.00000001
521	0.00000001
522	0.00000001
523	0.00000001
524	0.00000001
525	0.00000001
526	0.00000001
527	0.00000001
528	0.00000001
529	0.00000001
530	0.00000001
531	0.00000001
532	0.00000001
533	0.00000001
534	0.00000001
535	0.00000001
536	0.00000001
537	0.00000001
538	0.00000001
539	0.00000001
540	0.00000001
541	0.00000001
542	0.00000001
543	0.00000001
544	0.00000001
545	0.00000001
546	0.00000000
547	0.00000000
548	0.00000000
549	0.00000000
550	0.00000000
551	0.00000000
552	0.00000000
553	0.00000000
554	0.00000000
555	0.00000000
556	0.00000000
557	0.00000000
558	0.00000000
559	0.00000000
560	0.00000000
561	0.00000000
562	0.00000000
563	0.00000000
564	0.00000000
565	0.00000000
566	0.00000000
567	0.00000000
568	0.00000000
569	0.00000000
570	0.00000000
571	0.00000000
572	0.00000000
573	0.00000000
574	0.00000000
575	0.00000000
576	0.00000000
577	0.00000000
578	0.00000000
579	0.00000000
580	0.00000000
581	0.00000000
582	0.00000000
583	0.00000000
584	0.00000000
585	0.00000000
586	0.00000000
587	0.00000000
588	0.00000000
589	0.00000000
590	0.00000000
591	0.00000000
592	0.00000000
593	0.00000000
594	0.00000000
595	0.00000000
596	0.00000000
597	0.00000000
598	0.00000000
599	0.00000000
600	0.00000000
601	0.00000000
602	0.00000000
603	0.00000000
604	0.00000000
605	0.00000000
606	0.00000000
607	0.00000000
608	0.00000000
609	0.00000000
610	0.00000000
611	0.00000000
612	0.00000000
613	0.00000000
614	0.00000000
615	0.00000000
616	0.00000000
617	0.00000000
618	0.00000000
619	0.00000000
620	0.00000000
621	0.00000000
622	0.00000000
623	0.00000000
624	0.00000000
625	0.00000000
626	0.00000000
627	0.00000000
628	0.00000000
629	0.00000000
630	0.00000000
631	0.00000000
632	0.00000000
633	0.00000000
634	0.00000000
635	0.00000000
636	0.00000000
637	0.00000000
638	0.00000000
639	0.00000000
640	0.00000000
641	0.00000000
642	0.00000000
643	0.00000000
644	0.00000000
645	0.00000000
646	0.00000000
647	0.00000000
648	0.00000000
649	0.00000000
650	0.00000000
651	0.00000000
652	0.00000000
653	0.00000000
654	0.00000000
655	0.00000000
656	0.00000000
657	0.00000000
658	0.00000000
659	0.00000000
660	0.00000000
661	0.00000000
662	0.00000000
663	0.00000000
664	0.00000000
665	0.00000000
666	0.00000000
667	0.00000000
668	0.00000000
669	0.00000000
670	0.00000000
671	0.00000000
672	0.00000000
673	0.00000000
674	0.00000000
675	0.00000000
676	0.00000000
677	0.00000000
678	0.00000000
679	0.00000000
680	0.00000000
681	0.00000000
682	0.00000000
683	0.00000000
684	0.00000000
685	0.00000000
686	0.00000000
687	0.00000000
688	0.00000000
689	0.00000000
690	0.00000000
691	0.00000000
692	0.00000000
693	0.00000000
694	0.00000000
695	0.00000000
696	0.00000000
697	0.00000000
698	0.00000000
699	0.00000000
700	0.00000000
701	0.00000000
702	0.00000000
703	0.00000000
704	0.00000000
705	0.00000000
706	0.00000000
707	0.00000000
708	0.00000000
709	0.00000000
710	0.00000000
711	0.00000000
712	0.00000000
713	0.00000000
714	0.00000000
715	0.00000000
716	0.00000000
717	0.00000000
718	0.00000000
719	0.00000000
720	0.00000000
721	0.00000000
722	0.00000000
723	0.00000000
724	0.00000000
725	0.00000000
726	0.00000000
727	0.00000000
728	0.00000000
729	0.00000000
730	0.00000000
731	0.00000000
732	0.00000000
733	0.00000000
734	0.00000000
735	0.00000000
736	0.00000000
737	0.00000000
738	0.00000000
739	0.00000000
740	0.00000000
741	0.00000000
742	0.00000000
743	0.00000000
744	0.00000000
745	0.00000000
746	0.00000000
747	0.00000000
748	0.00000000
749	0.00000000
750	0.00000000
751	0.00000000
752	0.00000000
753	0.00000000
754	0.00000000
755	0.00000000
756	0.00000000
757	0.00000000
758	0.00000000
759	0.00000000
760	0.00000000
761	0.00000000
762	0.00000000
763	0.00000000
764	0.00000000
765	0.00000000
766	0.00000000
767	0.00000000
768	0.00000000
769	0.00000000
770	0.00000000
771	0.00000000
772	0.00000000
773	0.00000000
774	0.00000000
775	0.00000000
776	0.00000000
777	0.00000000
778	0.00000000
779	0.00000000
780	0.00000000
781	0.00000000
782	0.00000000
783	0.00000000
784	0.00000000
785	0.00000000
786	0.00000000
787	0.00000000
788	0.00000000
789	0.00000000
790	0.00000000
791	0.00000000
792	0.00000000
793	0.00000000
794	0.00000000
795	0.00000000
796	0.00000000
797	0.00000000
798	0.00000000
799	0.00000000
800	0.00000000
801	0.00000000
802	0.00000000
803	0.00000000
804	0.00000000
805	0.00000000
806	0.00000000
807	0.00000000
808	0.00000000
809	0.00000000
810	0.00000000
811	0.00000000
812	0.00000000
813	0.00000000
814	0.00000000
815	0.00000000
816	0.00000000
817	0.00000000
818	0.00000000
819	0.00000000
820	0.00000000
821	0.00000000
822	0.00000000
823	0.00000000
824	0.00000000
825	0.00000000
826	0.00000000
827	0.00000000
828	0.00000000
829	0.00000000
830	0.00000000
831	0.00000000
832	0.00000000
833	0.00000000
834	0.00000000
835	0.00000000
836	0.00000000
837	0.00000000
838	0.00000000
839	0.00000000
840	0.00000000
841	0.00000000
842	0.00000000
843	0.00000000
844	0.00000000
845	0.00000000
846	0.00000000
847	0.00000000
848	0.00000000
849	0.00000000
850	0.00000000
851	0.00000000
852	0.00000000
853	0.00000000
854	0.00000000
855	0.00000000
856	0.00000000
857	0.00000000
858	0.00000000
859	0.00000000
860	0.00000000
861	0.00000000
862	0.00000000
863	0.00000000
864	0.00000000
865	0.00000000
866	0.00000000
867	0.00000000
868	0.00000000
869	0.00000000
870	0.00000000
871	0.00000000
872	0.00000000
873	0.00000000
874	0.00000000
875	0.00000000
876	0.00000000
877	0.00000000
878	0.00000000
879	0.00000000
880	0.00000000
881	0.00000000
882	0.00000000
883	0.00000000
884	0.00000000
885	0.00000000
886	0.00000000
887	0.00000000
888	0.00000000
889	0.00000000
890	0.00000000
891	0.00000000
892	0.00000000
893	0.00000000
894	0.00000000
895	0.00000000
896	0.00000000
897	0.00000000
898	0.00000000
899	0.00000000
900	0.00000000
901	0.00000000
902	0.00000000
903	0.00000000
904	0.00000000
905	0.00000000
906	0.00000000
907	0.00000000
908	0.00000000
909	0.00000000
910	0.00000000
911	0.00000000
912	0.00000000
913	0.00000000
914	0.00000000
915	0.00000000
916	0.00000000
917	0.00000000
918	0.00000000
919	0.00000000
920	0.00000000
921	0.00000000
922	0.00000000
923	0.00000000
924	0.00000000
925	0.00000000
926	0.00000000
927	0.00000000
928	0.00000000
929	0.00000000
930	0.00000000
931	0.00000000
932	0.00000000
933	0.00000000
934	0.00000000
935	0.00000000
936	0.00000000
937	0.00000000
938	0.00000000
939	0.00000000
940	0.00000000
941	0.00000000
942	0.00000000
943	0.00000000
944	0.00000000
945	0.00000000
946	0.00000000
947	0.00000000
948	0.00000000
949	0.00000000
950	0.00000000
951	0.00000000
952	0.00000000
953	0.00000000
954	0.00000000
955	0.00000000
956	0.00000000
957	0.00000000
958	0.00000000
959	0.00000000
960	0.00000000
961	0.00000000
962	0.00000000
963	0.00000000
964	0.00000000
965	0.00000000
966	0.00000000
967	0.00000000
968	0.00000000
969	0.00000000
970	0.00000000
971	0.00000000
972	0.00000000
973	0.00000000
974	0.00000000
975	0.00000000
976	0.00000000
977	0.00000000
978	0.00000000
979	0.00000000
980	0.00000000
981	0.00000000
982	0.00000000
983	0.00000000
984	0.00000000
985	0.00000000
986	0.00000000
987	0.00000000
988	0.00000000
989	0.00000000
990	0.00000000
991	0.00000000
992	0.00000000
993	0.00000000
994	0.00000000
995	0.00000000
996	0.00000000
997	0.00000000
998	0.00000000
999	0.00000000
