0	0.00000000
1	0.00000000
2	0.00000000
3	0.00000000
4	0.00000000
5	0.00000000
6	0.00000000
7	0.00000000
8	0.00000000
9	0.00000000
10	0.00000000
11	0.00000000
12	0.00000000
13	0.01305818
14	0.08459986
15	0.06664100
16	0.06956719
17	0.04882925
18	0.04574265
19	0.04267977
20	0.04129294
21	0.03603108
22	0.03226177
23	0.02763435
24	0.02387252
25	0.02094793
26	0.01928352
27	0.01785531
28	0.01734573
29	0.01653535
30	0.01604480
31	0.01589268
32	0.01975787
33	0.02555581
34	0.02670856
35	0.02828115
36	0.03022334
37	0.02952341
38	0.02840972
39	0.02806437
40	0.02708285
41	0.02693032
42	0.02623648
43	0.02614531
44	0.02545829
45	0.02533774
46	0.02517705
47	0.02424546
48	0.02365905
49	0.02274879
50	0.02200478
51	0.02117751
52	0.02045267
53	0.01983448
54	0.01910071
55	0.01938394
56	0.01957708
57	0.01942590
58	0.01942201
59	0.01916373
60	0.01859745
61	0.01812666
62	0.01789939
63	0.01763939
64	0.01755045
65	0.01731137
66	0.01693752
67	0.01646367
68	0.01586451
69	0.01550232
70	0.01504041
71	0.01460372
72	0.01422093
73	0.01374932
74	0.01331026
75	0.01281906
76	0.01244435
77	0.01209612
78	0.01189343
79	0.01175425
80	0.01152279
81	0.01125784
82	0.01109117
83	0.01078160
84	0.01054168
85	0.01031603
86	0.01000591
87	0.00976276
88	0.00945214
89	0.00915479
90	0.00883816
91	0.00858072
92	0.00829226
93	0.00802297
94	0.00774455
95	0.00750567
96	0.00726956
97	0.00703146
98	0.00679670
99	0.00657999
100	0.00637529
101	0.00618892
102	0.00605126
103	0.00591688
104	0.00574879
105	0.00559801
106	0.00543271
107	0.00525357
108	0.00509032
109	0.00492503
110	0.00476454
111	0.00461724
112	0.00447511
113	0.00433273
114	0.00419628
115	0.00406013
116	0.00393251
117	0.00380890
118	0.00368853
119	0.00357325
120	0.00346080
121	0.00335285
122	0.00324821
123	0.00314698
124	0.00305075
125	0.00296185
126	0.00286998
127	0.00278780
128	0.00269583
129	0.00261497
130	0.00253257
131	0.00245428
132	0.00237792
133	0.00230415
134	0.00223251
135	0.00216316
136	0.00209596
137	0.00203084
138	0.00196767
139	0.00190645
140	0.00184712
141	0.00178965
142	0.00173398
143	0.00168004
144	0.00162780
145	0.00157720
146	0.00152817
147	0.00148068
148	0.00143472
149	0.00139020
150	0.00134710
151	0.00130532
152	0.00126484
153	0.00122560
154	0.00118758
155	0.00115073
156	0.00111501
157	0.00108041
158	0.00104688
159	0.00101439
160	0.00098290
161	0.00095239
162	0.00092283
163	0.00089418
164	0.00086642
165	0.00083952
166	0.00081346
167	0.00078821
168	0.00076373
169	0.00074002
170	0.00071705
171	0.00069478
172	0.00067321
173	0.00065231
174	0.00063206
175	0.00061244
176	0.00059343
177	0.00057501
178	0.00055716
179	0.00053986
180	0.00052310
181	0.00050687
182	0.00049113
183	0.00047589
184	0.00046111
185	0.00044680
186	0.00043293
187	0.00041949
188	0.00040647
189	0.00039385
190	0.00038162
191	0.00036978
192	0.00035830
193	0.00034718
194	0.00033640
195	0.00032595
196	0.00031584
197	0.00030603
198	0.00029653
199	0.00028733
200	0.00027841
201	0.00026976
202	0.00026139
203	0.00025328
204	0.00024541
205	0.00023779
206	0.00023041
207	0.00022326
208	0.00021633
209	0.00020961
210	0.00020311
211	0.00019680
212	0.00019069
213	0.00018477
214	0.00017904
215	0.00017348
216	0.00016809
217	0.00016288
218	0.00015782
219	0.00015292
220	0.00014817
221	0.00014357
222	0.00013912
223	0.00013480
224	0.00013061
225	0.00012656
226	0.00012263
227	0.00011882
228	0.00011513
229	0.00011156
230	0.00010810
231	0.00010474
232	0.00010149
233	0.00009834
234	0.00009529
235	0.00009233
236	0.00008946
237	0.00008669
238	0.00008399
239	0.00008139
240	0.00007886
241	0.00007641
242	0.00007404
243	0.00007174
244	0.00006951
245	0.00006736
246	0.00006527
247	0.00006324
248	0.00006128
249	0.00005937
250	0.00005753
251	0.00005575
252	0.00005401
253	0.00005234
254	0.00005071
255	0.00004914
256	0.00004761
257	0.00004614
258	0.00004470
259	0.00004332
260	0.00004197
261	0.00004067
262	0.00003941
263	0.00003818
264	0.00003700
265	0.00003585
266	0.00003474
267	0.00003366
268	0.00003261
269	0.00003160
270	0.00003062
271	0.00002967
272	0.00002875
273	0.00002786
274	0.00002699
275	0.00002615
276	0.00002534
277	0.00002455
278	0.00002379
279	0.00002305
280	0.00002234
281	0.00002164
282	0.00002097
283	0.00002032
284	0.00001969
285	0.00001908
286	0.00001849
287	0.00001791
288	0.00001736
289	0.00001682
290	0.00001630
291	0.00001579
292	0.00001530
293	0.00001482
294	0.00001436
295	0.00001392
296	0.00001349
297	0.00001307
298	0.00001266
299	0.00001227
300	0.00001189
301	0.00001152
302	0.00001116
303	0.00001082
304	0.00001048
305	0.00001015
306	0.00000984
307	0.00000953
308	0.00000924
309	0.00000895
310	0.00000867
311	0.00000840
312	0.00000814
313	0.00000789
314	0.00000765
315	0.00000741
316	0.00000718
317	0.00000696
318	0.00000674
319	0.00000653
320	0.00000633
321	0.00000613
322	0.00000594
323	0.00000576
324	0.00000558
325	0.00000540
326	0.00000524
327	0.00000507
328	0.00000492
329	0.00000476
330	0.00000462
331	0.00000447
332	0.00000433
333	0.00000420
334	0.00000407
335	0.00000394
336	0.00000382
337	0.00000370
338	0.00000359
339	0.00000348
340	0.00000337
341	0.00000326
342	0.00000316
343	0.00000306
344	0.00000297
345	0.00000288
346	0.00000279
347	0.00000270
348	0.00000262
349	0.00000254
350	0.00000246
351	0.00000238
352	0.00000231
353	0.00000223
354	0.00000217
355	0.00000210
356	0.00000203
357	0.00000197
358	0.00000191
359	0.00000185
360	0.00000179
361	0.00000174
362	0.00000168
363	0.00000163
364	0.00000158
365	0.00000153
366	0.00000148
367	0.00000144
368	0.00000139
369	0.00000135
370	0.00000131
371	0.00000127
372	0.00000123
373	0.00000119
374	0.00000115
375	0.00000112
376	0.00000108
377	0.00000105
378	0.00000102
379	0.00000098
380	0.00000095
381	0.00000092
382	0.00000090
383	0.00000087
384	0.00000084
385	0.00000081
386	0.00000079
387	0.00000076
388	0.00000074
389	0.00000072
390	0.00000070
391	0.00000067
392	0.00000065
393	0.00000063
394	0.00000061
395	0.00000059
396	0.00000058
397	0.00000056
398	0.00000054
399	0.00000052
400	0.00000051
401	0.00000049
402	0.00000048
403	0.00000046
404	0.00000045
405	0.00000043
406	0.00000042
407	0.00000041
408	0.00000039
409	0.00000038
410	0.00000037
411	0.00000036
412	0.00000035
413	0.00000034
414	0.00000033
415	0.00000032
416	0.00000031
417	0.00000030
418	0.00000029
419	0.00000028
420	0.00000027
421	0.00000026
422	0.00000025
423	0.00000025
424	0.00000024
425	0.00000023
426	0.00000022
427	0.00000022
428	0.00000021
429	0.00000020
430	0.00000020
431	0.00000019
432	0.00000019
433	0.00000018
434	0.00000017
435	0.00000017
436	0.00000016
437	0.00000016
438	0.00000015
439	0.00000015
440	0.00000014
441	0.00000014
442	0.00000014
443	0.00000013
444	0.00000013
445	0.00000012
446	0.00000012
447	0.00000012
448	0.00000011
449	0.00000011
450	0.00000010
451	0.00000010
452	0.00000010
453	0.00000010
454	0.00000009
455	0.00000009
456	0.00000009
457	0.00000008
458	0.00000008
459	0.00000008
460	0.00000008
461	0.00000007
462	0.00000007
463	0.00000007
464	0.00000007
465	0.00000007
466	0.00000006
467	0.00000006
468	0.00000006
469	0.00000006
470	0.00000006
471	0.00000005
472	0.00000005
473	0.00000005
474	0.00000005
475	0.00000005
476	0.00000005
477	0.00000004
478	0.00000004
479	0.00000004
480	0.00000004
481	0.00000004
482	0.00000004
483	0.00000004
484	0.00000004
485	0.00000003
486	0.00000003
487	0.00000003
488	0.00000003
489	0.00000003
490	0.00000003
491	0.00000003
492	0.00000003
493	0.00000003
494	0.00000003
495	0.00000003
496	0.00000002
497	0.00000002
498	0.00000002
499	0.00000002
500	0.00000002
501	0.00000002
502	0.00000002
503	0.00000002
504	0.00000002
505	0.00000002
506	0.00000002
507	0.00000002
508	0.00000002
509	0.00000002
510	0.00000002
511	0.00000002
512	0.00000001
513	0.00000001
514	0.00000001
515	0.00000001
516	0.00000001
517	0.00000001
518	0.00000001
519	0.00000001
520	0.00000001
521	0.00000001
522	0.00000001
523	0.00000001
524	0.00000001
525	0.00000001
526	0.00000001
527	0.00000001
528	0.00000001
529	0.00000001
530	0.00000001
531	0.00000001
532	0.00000001
533	0.00000001
534	0.00000001
535	0.00000001
536	0.00000001
537	0.00000001
538	0.00000001
539	0.00000001
540	0.00000001
541	0.00000001
542	0.00000001
543	0.00000001
544	0.00000001
545	0.00000001
546	0.00000001
547	0.00000000
548	0.00000000
549	0.00000000
550	0.00000000
551	0.00000000
552	0.00000000
553	0.00000000
554	0.00000000
555	0.00000000
556	0.00000000
557	0.00000000
558	0.00000000
559	0.00000000
560	0.00000000
561	0.00000000
562	0.00000000
563	0.00000000
564	0.00000000
565	0.00000000
566	0.00000000
567	0.00000000
568	0.00000000
569	0.00000000
570	0.00000000
571	0.00000000
572	0.00000000
573	0.00000000
574	0.00000000
575	0.00000000
576	0.00000000
577	0.00000000
578	0.00000000
579	0.00000000
580	0.00000000
581	0.00000000
582	0.00000000
583	0.00000000
584	0.00000000
585	0.00000000
586	0.00000000
587	0.00000000
588	0.00000000
589	0.00000000
590	0.00000000
591	0.00000000
592	0.00000000
593	0.00000000
594	0.00000000
595	0.00000000
596	0.00000000
597	0.00000000
598	0.00000000
599	0.00000000
600	0.00000000
601	0.00000000
602	0.00000000
603	0.00000000
604	0.00000000
605	0.00000000
606	0.00000000
607	0.00000000
608	0.00000000
609	0.00000000
610	0.00000000
611	0.00000000
612	0.00000000
613	0.00000000
614	0.00000000
615	0.00000000
616	0.00000000
617	0.00000000
618	0.00000000
619	0.00000000
620	0.00000000
621	0.00000000
622	0.00000000
623	0.00000000
624	0.00000000
625	0.00000000
626	0.00000000
627	0.00000000
628	0.00000000
629	0.00000000
630	0.00000000
631	0.00000000
632	0.00000000
633	0.00000000
634	0.00000000
635	0.00000000
636	0.00000000
637	0.00000000
638	0.00000000
639	0.00000000
640	0.00000000
641	0.00000000
642	0.00000000
643	0.00000000
644	0.00000000
645	0.00000000
646	0.00000000
647	0.00000000
648	0.00000000
649	0.00000000
650	0.00000000
651	0.00000000
652	0.00000000
653	0.00000000
654	0.00000000
655	0.00000000
656	0.00000000
657	0.00000000
658	0.00000000
659	0.00000000
660	0.00000000
661	0.00000000
662	0.00000000
663	0.00000000
664	0.00000000
665	0.00000000
666	0.00000000
667	0.00000000
668	0.00000000
669	0.00000000
670	0.00000000
671	0.00000000
672	0.00000000
673	0.00000000
674	0.00000000
675	0.00000000
676	0.00000000
677	0.00000000
678	0.00000000
679	0.00000000
680	0.00000000
681	0.00000000
682	0.00000000
683	0.00000000
684	0.00000000
685	0.00000000
686	0.00000000
687	0.00000000
688	0.00000000
689	0.00000000
690	0.00000000
691	0.00000000
692	0.00000000
693	0.00000000
694	0.00000000
695	0.00000000
696	0.00000000
697	0.00000000
698	0.00000000
699	0.00000000
700	0.00000000
701	0.00000000
702	0.00000000
703	0.00000000
704	0.00000000
705	0.00000000
706	0.00000000
707	0.00000000
708	0.00000000
709	0.00000000
710	0.00000000
711	0.00000000
712	0.00000000
713	0.00000000
714	0.00000000
715	0.00000000
716	0.00000000
717	0.00000000
718	0.00000000
719	0.00000000
720	0.00000000
721	0.00000000
722	0.00000000
723	0.00000000
724	0.00000000
725	0.00000000
726	0.00000000
727	0.00000000
728	0.00000000
729	0.00000000
730	0.00000000
731	0.00000000
732	0.00000000
733	0.00000000
734	0.00000000
735	0.00000000
736	0.00000000
737	0.00000000
738	0.00000000
739	0.00000000
740	0.00000000
741	0.00000000
742	0.00000000
743	0.00000000
744	0.00000000
745	0.00000000
746	0.00000000
747	0.00000000
748	0.00000000
749	0.00000000
750	0.00000000
751	0.00000000
752	0.00000000
753	0.00000000
754	0.00000000
755	0.00000000
756	0.00000000
757	0.00000000
758	0.00000000
759	0.00000000
760	0.00000000
761	0.00000000
762	0.00000000
763	0.00000000
764	0.00000000
765	0.00000000
766	0.00000000
767	0.00000000
768	0.00000000
769	0.00000000
770	0.00000000
771	0.00000000
772	0.00000000
773	0.00000000
774	0.00000000
775	0.00000000
776	0.00000000
777	0.00000000
778	0.00000000
779	0.00000000
780	0.00000000
781	0.00000000
782	0.00000000
783	0.00000000
784	0.00000000
785	0.00000000
786	0.00000000
787	0.00000000
788	0.00000000
789	0.00000000
790	0.00000000
791	0.00000000
792	0.00000000
793	0.00000000
794	0.00000000
795	0.00000000
796	0.00000000
797	0.00000000
798	0.00000000
799	0.00000000
800	0.00000000
801	0.00000000
802	0.00000000
803	0.00000000
804	0.00000000
805	0.00000000
806	0.00000000
807	0.00000000
808	0.00000000
809	0.00000000
810	0.00000000
811	0.00000000
812	0.00000000
813	0.00000000
814	0.00000000
815	0.00000000
816	0.00000000
817	0.00000000
818	0.00000000
819	0.00000000
820	0.00000000
821	0.00000000
822	0.00000000
823	0.00000000
824	0.00000000
825	0.00000000
826	0.00000000
827	0.00000000
828	0.00000000
829	0.00000000
830	0.00000000
831	0.00000000
832	0.00000000
833	0.00000000
834	0.00000000
835	0.00000000
836	0.00000000
837	0.00000000
838	0.00000000
839	0.00000000
840	0.00000000
841	0.00000000
842	0.00000000
843	0.00000000
844	0.00000000
845	0.00000000
846	0.00000000
847	0.00000000
848	0.00000000
849	0.00000000
850	0.00000000
851	0.00000000
852	0.00000000
853	0.00000000
854	0.00000000
855	0.00000000
856	0.00000000
857	0.00000000
858	0.00000000
859	0.00000000
860	0.00000000
861	0.00000000
862	0.00000000
863	0.00000000
864	0.00000000
865	0.00000000
866	0.00000000
867	0.00000000
868	0.00000000
869	0.00000000
870	0.00000000
871	0.00000000
872	0.00000000
873	0.00000000
874	0.00000000
875	0.00000000
876	0.00000000
877	0.00000000
878	0.00000000
879	0.00000000
880	0.00000000
881	0.00000000
882	0.00000000
883	0.00000000
884	0.00000000
885	0.00000000
886	0.00000000
887	0.00000000
888	0.00000000
889	0.00000000
890	0.00000000
891	0.00000000
892	0.00000000
893	0.00000000
894	0.00000000
895	0.00000000
896	0.00000000
897	0.00000000
898	0.00000000
899	0.00000000
900	0.00000000
901	0.00000000
902	0.00000000
903	0.00000000
904	0.00000000
905	0.00000000
906	0.00000000
907	0.00000000
908	0.00000000
909	0.00000000
910	0.00000000
911	0.00000000
912	0.00000000
913	0.00000000
914	0.00000000
915	0.00000000
916	0.00000000
917	0.00000000
918	0.00000000
919	0.00000000
920	0.00000000
921	0.00000000
922	0.00000000
923	0.00000000
924	0.00000000
925	0.00000000
926	0.00000000
927	0.00000000
928	0.00000000
929	0.00000000
930	0.00000000
931	0.00000000
932	0.00000000
933	0.00000000
934	0.00000000
935	0.00000000
936	0.00000000
937	0.00000000
938	0.00000000
939	0.00000000
940	0.00000000
941	0.00000000
942	0.00000000
943	0.00000000
944	0.00000000
945	0.00000000
946	0.00000000
947	0.00000000
948	0.00000000
949	0.00000000
950	0.00000000
951	0.00000000
952	0.00000000
953	0.00000000
954	0.00000000
955	0.00000000
956	0.00000000
957	0.00000000
958	0.00000000
959	0.00000000
960	0.00000000
961	0.00000000
962	0.00000000
963	0.00000000
964	0.00000000
965	0.00000000
966	0.00000000
967	0.00000000
968	0.00000000
969	0.00000000
970	0.00000000
971	0.00000000
972	0.00000000
973	0.00000000
974	0.00000000
975	0.00000000
976	0.00000000
977	0.00000000
978	0.00000000
979	0.00000000
980	0.00000000
981	0.00000000
982	0.00000000
983	0.00000000
984	0.00000000
985	0.00000000
986	0.00000000
987	0.00000000
988	0.00000000
989	0.00000000
990	0.00000000
991	0.00000000
992	0.00000000
993	0.00000000
994	0.00000000
995	0.00000000
996	0.00000000
997	0.00000000
998	0.00000000
999	0.00000000
