0	0.00000000
1	0.00000000
2	0.00000000
3	0.00000000
4	0.00000000
5	0.00000000
6	0.00000000
7	0.00000000
8	0.00000000
9	0.00000000
10	0.00000000
11	0.00000000
12	0.00000000
13	0.03164225
14	0.18590403
15	0.12292644
16	0.12566047
17	0.07635803
18	0.06068583
19	0.04852564
20	0.04381195
21	0.03602934
22	0.03140898
23	0.02643361
24	0.02238727
25	0.01901378
26	0.01726467
27	0.01594192
28	0.01555074
29	0.01475000
30	0.01447667
31	0.01425948
32	0.01780872
33	0.02465217
34	0.02716504
35	0.02779143
36	0.02971639
37	0.03006308
38	0.02831889
39	0.02796263
40	0.02709069
41	0.02732163
42	0.02660170
43	0.02678080
44	0.02627055
45	0.02619455
46	0.02603278
47	0.02497672
48	0.02420128
49	0.02306922
50	0.02225007
51	0.02137133
52	0.02052354
53	0.01990775
54	0.01915147
55	0.01917353
56	0.01932347
57	0.01930372
58	0.01905978
59	0.01889638
60	0.01862538
61	0.01831935
62	0.01797768
63	0.01797266
64	0.01798195
65	0.01766203
66	0.01738010
67	0.01683841
68	0.01616170
69	0.01585570
70	0.01525098
71	0.01480260
72	0.01433364
73	0.01384065
74	0.01335387
75	0.01289486
76	0.01251056
77	0.01217111
78	0.01195956
79	0.01179541
80	0.01164694
81	0.01136870
82	0.01121929
83	0.01096560
84	0.01067923
85	0.01048905
86	0.01018216
87	0.00993304
88	0.00963959
89	0.00931139
90	0.00897373
91	0.00869545
92	0.00839480
93	0.00814089
94	0.00784843
95	0.00761466
96	0.00737581
97	0.00712970
98	0.00688807
99	0.00666590
100	0.00645470
101	0.00625986
102	0.00610602
103	0.00598156
104	0.00581074
105	0.00566868
106	0.00551556
107	0.00533744
108	0.00517556
109	0.00500710
110	0.00483959
111	0.00468745
112	0.00454224
113	0.00439800
114	0.00425794
115	0.00411897
116	0.00398980
117	0.00386434
118	0.00374149
119	0.00362421
120	0.00350965
121	0.00339979
122	0.00329350
123	0.00319074
124	0.00309283
125	0.00300043
126	0.00291101
127	0.00282413
128	0.00273357
129	0.00265425
130	0.00256894
131	0.00249028
132	0.00241253
133	0.00233765
134	0.00226508
135	0.00219462
136	0.00212638
137	0.00206027
138	0.00199615
139	0.00193401
140	0.00187380
141	0.00181547
142	0.00175896
143	0.00170423
144	0.00165121
145	0.00159985
146	0.00155011
147	0.00150193
148	0.00145528
149	0.00141011
150	0.00136638
151	0.00132401
152	0.00128296
153	0.00124317
154	0.00120461
155	0.00116724
156	0.00113102
157	0.00109593
158	0.00106192
159	0.00102896
160	0.00099703
161	0.00096608
162	0.00093609
163	0.00090704
164	0.00087888
165	0.00085159
166	0.00082515
167	0.00079953
168	0.00077471
169	0.00075066
170	0.00072735
171	0.00070477
172	0.00068289
173	0.00066168
174	0.00064114
175	0.00062124
176	0.00060195
177	0.00058327
178	0.00056516
179	0.00054762
180	0.00053062
181	0.00051415
182	0.00049819
183	0.00048272
184	0.00046774
185	0.00045322
186	0.00043915
187	0.00042552
188	0.00041231
189	0.00039951
190	0.00038711
191	0.00037509
192	0.00036345
193	0.00035216
194	0.00034123
195	0.00033064
196	0.00032037
197	0.00031043
198	0.00030079
199	0.00029145
200	0.00028241
201	0.00027364
202	0.00026515
203	0.00025691
204	0.00024894
205	0.00024121
206	0.00023372
207	0.00022647
208	0.00021944
209	0.00021262
210	0.00020602
211	0.00019963
212	0.00019343
213	0.00018743
214	0.00018161
215	0.00017597
216	0.00017051
217	0.00016522
218	0.00016009
219	0.00015512
220	0.00015030
221	0.00014564
222	0.00014111
223	0.00013673
224	0.00013249
225	0.00012838
226	0.00012439
227	0.00012053
228	0.00011679
229	0.00011316
230	0.00010965
231	0.00010625
232	0.00010295
233	0.00009975
234	0.00009666
235	0.00009365
236	0.00009075
237	0.00008793
238	0.00008520
239	0.00008256
240	0.00007999
241	0.00007751
242	0.00007510
243	0.00007277
244	0.00007051
245	0.00006832
246	0.00006620
247	0.00006415
248	0.00006216
249	0.00006023
250	0.00005836
251	0.00005655
252	0.00005479
253	0.00005309
254	0.00005144
255	0.00004984
256	0.00004830
257	0.00004680
258	0.00004535
259	0.00004394
260	0.00004257
261	0.00004125
262	0.00003997
263	0.00003873
264	0.00003753
265	0.00003636
266	0.00003523
267	0.00003414
268	0.00003308
269	0.00003205
270	0.00003106
271	0.00003009
272	0.00002916
273	0.00002826
274	0.00002738
275	0.00002653
276	0.00002570
277	0.00002491
278	0.00002413
279	0.00002338
280	0.00002266
281	0.00002196
282	0.00002127
283	0.00002061
284	0.00001997
285	0.00001935
286	0.00001875
287	0.00001817
288	0.00001761
289	0.00001706
290	0.00001653
291	0.00001602
292	0.00001552
293	0.00001504
294	0.00001457
295	0.00001412
296	0.00001368
297	0.00001326
298	0.00001284
299	0.00001245
300	0.00001206
301	0.00001168
302	0.00001132
303	0.00001097
304	0.00001063
305	0.00001030
306	0.00000998
307	0.00000967
308	0.00000937
309	0.00000908
310	0.00000880
311	0.00000852
312	0.00000826
313	0.00000800
314	0.00000776
315	0.00000751
316	0.00000728
317	0.00000706
318	0.00000684
319	0.00000662
320	0.00000642
321	0.00000622
322	0.00000603
323	0.00000584
324	0.00000566
325	0.00000548
326	0.00000531
327	0.00000515
328	0.00000499
329	0.00000483
330	0.00000468
331	0.00000454
332	0.00000440
333	0.00000426
334	0.00000413
335	0.00000400
336	0.00000388
337	0.00000375
338	0.00000364
339	0.00000353
340	0.00000342
341	0.00000331
342	0.00000321
343	0.00000311
344	0.00000301
345	0.00000292
346	0.00000283
347	0.00000274
348	0.00000265
349	0.00000257
350	0.00000249
351	0.00000241
352	0.00000234
353	0.00000227
354	0.00000220
355	0.00000213
356	0.00000206
357	0.00000200
358	0.00000194
359	0.00000188
360	0.00000182
361	0.00000176
362	0.00000171
363	0.00000165
364	0.00000160
365	0.00000155
366	0.00000150
367	0.00000146
368	0.00000141
369	0.00000137
370	0.00000133
371	0.00000129
372	0.00000125
373	0.00000121
374	0.00000117
375	0.00000113
376	0.00000110
377	0.00000106
378	0.00000103
379	0.00000100
380	0.00000097
381	0.00000094
382	0.00000091
383	0.00000088
384	0.00000085
385	0.00000083
386	0.00000080
387	0.00000078
388	0.00000075
389	0.00000073
390	0.00000071
391	0.00000068
392	0.00000066
393	0.00000064
394	0.00000062
395	0.00000060
396	0.00000058
397	0.00000057
398	0.00000055
399	0.00000053
400	0.00000051
401	0.00000050
402	0.00000048
403	0.00000047
404	0.00000045
405	0.00000044
406	0.00000043
407	0.00000041
408	0.00000040
409	0.00000039
410	0.00000038
411	0.00000036
412	0.00000035
413	0.00000034
414	0.00000033
415	0.00000032
416	0.00000031
417	0.00000030
418	0.00000029
419	0.00000028
420	0.00000027
421	0.00000027
422	0.00000026
423	0.00000025
424	0.00000024
425	0.00000023
426	0.00000023
427	0.00000022
428	0.00000021
429	0.00000021
430	0.00000020
431	0.00000019
432	0.00000019
433	0.00000018
434	0.00000018
435	0.00000017
436	0.00000017
437	0.00000016
438	0.00000016
439	0.00000015
440	0.00000015
441	0.00000014
442	0.00000014
443	0.00000013
444	0.00000013
445	0.00000012
446	0.00000012
447	0.00000012
448	0.00000011
449	0.00000011
450	0.00000011
451	0.00000010
452	0.00000010
453	0.00000010
454	0.00000009
455	0.00000009
456	0.00000009
457	0.00000009
458	0.00000008
459	0.00000008
460	0.00000008
461	0.00000008
462	0.00000007
463	0.00000007
464	0.00000007
465	0.00000007
466	0.00000006
467	0.00000006
468	0.00000006
469	0.00000006
470	0.00000006
471	0.00000005
472	0.00000005
473	0.00000005
474	0.00000005
475	0.00000005
476	0.00000005
477	0.00000005
478	0.00000004
479	0.00000004
480	0.00000004
481	0.00000004
482	0.00000004
483	0.00000004
484	0.00000004
485	0.00000004
486	0.00000003
487	0.00000003
488	0.00000003
489	0.00000003
490	0.00000003
491	0.00000003
492	0.00000003
493	0.00000003
494	0.00000003
495	0.00000003
496	0.00000002
497	0.00000002
498	0.00000002
499	0.00000002
500	0.00000002
501	0.00000002
502	0.00000002
503	0.00000002
504	0.00000002
505	0.00000002
506	0.00000002
507	0.00000002
508	0.00000002
509	0.00000002
510	0.00000002
511	0.00000002
512	0.00000002
513	0.00000001
514	0.00000001
515	0.00000001
516	0.00000001
517	0.00000001
518	0.00000001
519	0.00000001
520	0.00000001
521	0.00000001
522	0.00000001
523	0.00000001
524	0.00000001
525	0.00000001
526	0.00000001
527	0.00000001
528	0.00000001
529	0.00000001
530	0.00000001
531	0.00000001
532	0.00000001
533	0.00000001
534	0.00000001
535	0.00000001
536	0.00000001
537	0.00000001
538	0.00000001
539	0.00000001
540	0.00000001
541	0.00000001
542	0.00000001
543	0.00000001
544	0.00000001
545	0.00000001
546	0.00000001
547	0.00000000
548	0.00000000
549	0.00000000
550	0.00000000
551	0.00000000
552	0.00000000
553	0.00000000
554	0.00000000
555	0.00000000
556	0.00000000
557	0.00000000
558	0.00000000
559	0.00000000
560	0.00000000
561	0.00000000
562	0.00000000
563	0.00000000
564	0.00000000
565	0.00000000
566	0.00000000
567	0.00000000
568	0.00000000
569	0.00000000
570	0.00000000
571	0.00000000
572	0.00000000
573	0.00000000
574	0.00000000
575	0.00000000
576	0.00000000
577	0.00000000
578	0.00000000
579	0.00000000
580	0.00000000
581	0.00000000
582	0.00000000
583	0.00000000
584	0.00000000
585	0.00000000
586	0.00000000
587	0.00000000
588	0.00000000
589	0.00000000
590	0.00000000
591	0.00000000
592	0.00000000
593	0.00000000
594	0.00000000
595	0.00000000
596	0.00000000
597	0.00000000
598	0.00000000
599	0.00000000
600	0.00000000
601	0.00000000
602	0.00000000
603	0.00000000
604	0.00000000
605	0.00000000
606	0.00000000
607	0.00000000
608	0.00000000
609	0.00000000
610	0.00000000
611	0.00000000
612	0.00000000
613	0.00000000
614	0.00000000
615	0.00000000
616	0.00000000
617	0.00000000
618	0.00000000
619	0.00000000
620	0.00000000
621	0.00000000
622	0.00000000
623	0.00000000
624	0.00000000
625	0.00000000
626	0.00000000
627	0.00000000
628	0.00000000
629	0.00000000
630	0.00000000
631	0.00000000
632	0.00000000
633	0.00000000
634	0.00000000
635	0.00000000
636	0.00000000
637	0.00000000
638	0.00000000
639	0.00000000
640	0.00000000
641	0.00000000
642	0.00000000
643	0.00000000
644	0.00000000
645	0.00000000
646	0.00000000
647	0.00000000
648	0.00000000
649	0.00000000
650	0.00000000
651	0.00000000
652	0.00000000
653	0.00000000
654	0.00000000
655	0.00000000
656	0.00000000
657	0.00000000
658	0.00000000
659	0.00000000
660	0.00000000
661	0.00000000
662	0.00000000
663	0.00000000
664	0.00000000
665	0.00000000
666	0.00000000
667	0.00000000
668	0.00000000
669	0.00000000
670	0.00000000
671	0.00000000
672	0.00000000
673	0.00000000
674	0.00000000
675	0.00000000
676	0.00000000
677	0.00000000
678	0.00000000
679	0.00000000
680	0.00000000
681	0.00000000
682	0.00000000
683	0.00000000
684	0.00000000
685	0.00000000
686	0.00000000
687	0.00000000
688	0.00000000
689	0.00000000
690	0.00000000
691	0.00000000
692	0.00000000
693	0.00000000
694	0.00000000
695	0.00000000
696	0.00000000
697	0.00000000
698	0.00000000
699	0.00000000
700	0.00000000
701	0.00000000
702	0.00000000
703	0.00000000
704	0.00000000
705	0.00000000
706	0.00000000
707	0.00000000
708	0.00000000
709	0.00000000
710	0.00000000
711	0.00000000
712	0.00000000
713	0.00000000
714	0.00000000
715	0.00000000
716	0.00000000
717	0.00000000
718	0.00000000
719	0.00000000
720	0.00000000
721	0.00000000
722	0.00000000
723	0.00000000
724	0.00000000
725	0.00000000
726	0.00000000
727	0.00000000
728	0.00000000
729	0.00000000
730	0.00000000
731	0.00000000
732	0.00000000
733	0.00000000
734	0.00000000
735	0.00000000
736	0.00000000
737	0.00000000
738	0.00000000
739	0.00000000
740	0.00000000
741	0.00000000
742	0.00000000
743	0.00000000
744	0.00000000
745	0.00000000
746	0.00000000
747	0.00000000
748	0.00000000
749	0.00000000
750	0.00000000
751	0.00000000
752	0.00000000
753	0.00000000
754	0.00000000
755	0.00000000
756	0.00000000
757	0.00000000
758	0.00000000
759	0.00000000
760	0.00000000
761	0.00000000
762	0.00000000
763	0.00000000
764	0.00000000
765	0.00000000
766	0.00000000
767	0.00000000
768	0.00000000
769	0.00000000
770	0.00000000
771	0.00000000
772	0.00000000
773	0.00000000
774	0.00000000
775	0.00000000
776	0.00000000
777	0.00000000
778	0.00000000
779	0.00000000
780	0.00000000
781	0.00000000
782	0.00000000
783	0.00000000
784	0.00000000
785	0.00000000
786	0.00000000
787	0.00000000
788	0.00000000
789	0.00000000
790	0.00000000
791	0.00000000
792	0.00000000
793	0.00000000
794	0.00000000
795	0.00000000
796	0.00000000
797	0.00000000
798	0.00000000
799	0.00000000
800	0.00000000
801	0.00000000
802	0.00000000
803	0.00000000
804	0.00000000
805	0.00000000
806	0.00000000
807	0.00000000
808	0.00000000
809	0.00000000
810	0.00000000
811	0.00000000
812	0.00000000
813	0.00000000
814	0.00000000
815	0.00000000
816	0.00000000
817	0.00000000
818	0.00000000
819	0.00000000
820	0.00000000
821	0.00000000
822	0.00000000
823	0.00000000
824	0.00000000
825	0.00000000
826	0.00000000
827	0.00000000
828	0.00000000
829	0.00000000
830	0.00000000
831	0.00000000
832	0.00000000
833	0.00000000
834	0.00000000
835	0.00000000
836	0.00000000
837	0.00000000
838	0.00000000
839	0.00000000
840	0.00000000
841	0.00000000
842	0.00000000
843	0.00000000
844	0.00000000
845	0.00000000
846	0.00000000
847	0.00000000
848	0.00000000
849	0.00000000
850	0.00000000
851	0.00000000
852	0.00000000
853	0.00000000
854	0.00000000
855	0.00000000
856	0.00000000
857	0.00000000
858	0.00000000
859	0.00000000
860	0.00000000
861	0.00000000
862	0.00000000
863	0.00000000
864	0.00000000
865	0.00000000
866	0.00000000
867	0.00000000
868	0.00000000
869	0.00000000
870	0.00000000
871	0.00000000
872	0.00000000
873	0.00000000
874	0.00000000
875	0.00000000
876	0.00000000
877	0.00000000
878	0.00000000
879	0.00000000
880	0.00000000
881	0.00000000
882	0.00000000
883	0.00000000
884	0.00000000
885	0.00000000
886	0.00000000
887	0.00000000
888	0.00000000
889	0.00000000
890	0.00000000
891	0.00000000
892	0.00000000
893	0.00000000
894	0.00000000
895	0.00000000
896	0.00000000
897	0.00000000
898	0.00000000
899	0.00000000
900	0.00000000
901	0.00000000
902	0.00000000
903	0.00000000
904	0.00000000
905	0.00000000
906	0.00000000
907	0.00000000
908	0.00000000
909	0.00000000
910	0.00000000
911	0.00000000
912	0.00000000
913	0.00000000
914	0.00000000
915	0.00000000
916	0.00000000
917	0.00000000
918	0.00000000
919	0.00000000
920	0.00000000
921	0.00000000
922	0.00000000
923	0.00000000
924	0.00000000
925	0.00000000
926	0.00000000
927	0.00000000
928	0.00000000
929	0.00000000
930	0.00000000
931	0.00000000
932	0.00000000
933	0.00000000
934	0.00000000
935	0.00000000
936	0.00000000
937	0.00000000
938	0.00000000
939	0.00000000
940	0.00000000
941	0.00000000
942	0.00000000
943	0.00000000
944	0.00000000
945	0.00000000
946	0.00000000
947	0.00000000
948	0.00000000
949	0.00000000
950	0.00000000
951	0.00000000
952	0.00000000
953	0.00000000
954	0.00000000
955	0.00000000
956	0.00000000
957	0.00000000
958	0.00000000
959	0.00000000
960	0.00000000
961	0.00000000
962	0.00000000
963	0.00000000
964	0.00000000
965	0.00000000
966	0.00000000
967	0.00000000
968	0.00000000
969	0.00000000
970	0.00000000
971	0.00000000
972	0.00000000
973	0.00000000
974	0.00000000
975	0.00000000
976	0.00000000
977	0.00000000
978	0.00000000
979	0.00000000
980	0.00000000
981	0.00000000
982	0.00000000
983	0.00000000
984	0.00000000
985	0.00000000
986	0.00000000
987	0.00000000
988	0.00000000
989	0.00000000
990	0.00000000
991	0.00000000
992	0.00000000
993	0.00000000
994	0.00000000
995	0.00000000
996	0.00000000
997	0.00000000
998	0.00000000
999	0.00000000
