0	0.00000000
1	0.00000000
2	0.00000000
3	0.00000000
4	0.00000000
5	0.00000000
6	0.00000000
7	0.00000000
8	0.00000000
9	0.00000000
10	0.00000000
11	0.00000000
12	0.00000000
13	0.00460876
14	0.03131884
15	0.02613796
16	0.03031126
17	0.02783318
18	0.03472167
19	0.03944489
20	0.04240679
21	0.04001142
22	0.03669368
23	0.03230206
24	0.02927799
25	0.02639983
26	0.02418855
27	0.02215055
28	0.02137084
29	0.02013772
30	0.01905059
31	0.01857422
32	0.02134627
33	0.02430184
34	0.02573136
35	0.02807080
36	0.02906375
37	0.02850938
38	0.02752372
39	0.02747189
40	0.02640051
41	0.02594523
42	0.02553705
43	0.02499480
44	0.02442165
45	0.02410225
46	0.02370800
47	0.02311947
48	0.02290533
49	0.02243059
50	0.02178969
51	0.02138460
52	0.02053449
53	0.01993377
54	0.01927894
55	0.01934729
56	0.01952755
57	0.01929549
58	0.01906887
59	0.01860581
60	0.01805053
61	0.01749907
62	0.01705952
63	0.01682302
64	0.01663286
65	0.01656086
66	0.01626133
67	0.01585206
68	0.01549318
69	0.01507408
70	0.01469306
71	0.01424301
72	0.01391042
73	0.01343731
74	0.01303304
75	0.01252839
76	0.01214952
77	0.01181492
78	0.01162552
79	0.01145017
80	0.01112909
81	0.01089498
82	0.01063788
83	0.01028971
84	0.01006006
85	0.00984573
86	0.00957835
87	0.00935334
88	0.00904841
89	0.00882121
90	0.00852872
91	0.00826849
92	0.00799896
93	0.00773453
94	0.00748058
95	0.00723901
96	0.00701288
97	0.00678291
98	0.00655562
99	0.00634667
100	0.00614968
101	0.00598418
102	0.00584714
103	0.00569759
104	0.00551604
105	0.00535744
106	0.00519443
107	0.00502526
108	0.00486852
109	0.00472494
110	0.00456894
111	0.00443540
112	0.00430025
113	0.00416440
114	0.00402968
115	0.00390425
116	0.00377964
117	0.00366108
118	0.00354634
119	0.00343682
120	0.00332766
121	0.00322375
122	0.00312302
123	0.00302552
124	0.00293431
125	0.00284773
126	0.00275822
127	0.00267510
128	0.00258976
129	0.00251018
130	0.00243173
131	0.00235633
132	0.00228325
133	0.00221256
134	0.00214392
135	0.00207746
136	0.00201300
137	0.00195052
138	0.00188991
139	0.00183116
140	0.00177423
141	0.00171908
142	0.00166565
143	0.00161388
144	0.00156372
145	0.00151513
146	0.00146804
147	0.00142244
148	0.00137829
149	0.00133553
150	0.00129410
151	0.00125394
152	0.00121503
153	0.00117732
154	0.00114077
155	0.00110537
156	0.00107106
157	0.00103781
158	0.00100560
159	0.00097439
160	0.00094415
161	0.00091484
162	0.00088644
163	0.00085893
164	0.00083226
165	0.00080643
166	0.00078139
167	0.00075713
168	0.00073363
169	0.00071085
170	0.00068878
171	0.00066740
172	0.00064668
173	0.00062660
174	0.00060715
175	0.00058830
176	0.00057004
177	0.00055235
178	0.00053520
179	0.00051859
180	0.00050249
181	0.00048689
182	0.00047177
183	0.00045713
184	0.00044294
185	0.00042919
186	0.00041587
187	0.00040296
188	0.00039045
189	0.00037833
190	0.00036658
191	0.00035520
192	0.00034418
193	0.00033349
194	0.00032314
195	0.00031311
196	0.00030339
197	0.00029397
198	0.00028484
199	0.00027600
200	0.00026743
201	0.00025913
202	0.00025109
203	0.00024329
204	0.00023574
205	0.00022842
206	0.00022133
207	0.00021446
208	0.00020780
209	0.00020135
210	0.00019510
211	0.00018904
212	0.00018318
213	0.00017749
214	0.00017198
215	0.00016664
216	0.00016147
217	0.00015646
218	0.00015160
219	0.00014689
220	0.00014233
221	0.00013791
222	0.00013363
223	0.00012948
224	0.00012547
225	0.00012157
226	0.00011780
227	0.00011414
228	0.00011060
229	0.00010716
230	0.00010384
231	0.00010061
232	0.00009749
233	0.00009446
234	0.00009153
235	0.00008869
236	0.00008594
237	0.00008327
238	0.00008068
239	0.00007818
240	0.00007575
241	0.00007340
242	0.00007112
243	0.00006891
244	0.00006677
245	0.00006470
246	0.00006269
247	0.00006075
248	0.00005886
249	0.00005703
250	0.00005526
251	0.00005355
252	0.00005189
253	0.00005028
254	0.00004871
255	0.00004720
256	0.00004574
257	0.00004432
258	0.00004294
259	0.00004161
260	0.00004032
261	0.00003907
262	0.00003785
263	0.00003668
264	0.00003554
265	0.00003444
266	0.00003337
267	0.00003233
268	0.00003133
269	0.00003035
270	0.00002941
271	0.00002850
272	0.00002761
273	0.00002676
274	0.00002593
275	0.00002512
276	0.00002434
277	0.00002359
278	0.00002285
279	0.00002214
280	0.00002146
281	0.00002079
282	0.00002015
283	0.00001952
284	0.00001891
285	0.00001833
286	0.00001776
287	0.00001721
288	0.00001667
289	0.00001616
290	0.00001565
291	0.00001517
292	0.00001470
293	0.00001424
294	0.00001380
295	0.00001337
296	0.00001296
297	0.00001255
298	0.00001216
299	0.00001179
300	0.00001142
301	0.00001107
302	0.00001072
303	0.00001039
304	0.00001007
305	0.00000975
306	0.00000945
307	0.00000916
308	0.00000887
309	0.00000860
310	0.00000833
311	0.00000807
312	0.00000782
313	0.00000758
314	0.00000734
315	0.00000712
316	0.00000689
317	0.00000668
318	0.00000647
319	0.00000627
320	0.00000608
321	0.00000589
322	0.00000571
323	0.00000553
324	0.00000536
325	0.00000519
326	0.00000503
327	0.00000487
328	0.00000472
329	0.00000458
330	0.00000443
331	0.00000430
332	0.00000416
333	0.00000403
334	0.00000391
335	0.00000379
336	0.00000367
337	0.00000356
338	0.00000345
339	0.00000334
340	0.00000323
341	0.00000313
342	0.00000304
343	0.00000294
344	0.00000285
345	0.00000276
346	0.00000268
347	0.00000259
348	0.00000251
349	0.00000244
350	0.00000236
351	0.00000229
352	0.00000222
353	0.00000215
354	0.00000208
355	0.00000202
356	0.00000195
357	0.00000189
358	0.00000183
359	0.00000178
360	0.00000172
361	0.00000167
362	0.00000162
363	0.00000157
364	0.00000152
365	0.00000147
366	0.00000142
367	0.00000138
368	0.00000134
369	0.00000130
370	0.00000126
371	0.00000122
372	0.00000118
373	0.00000114
374	0.00000111
375	0.00000107
376	0.00000104
377	0.00000101
378	0.00000098
379	0.00000095
380	0.00000092
381	0.00000089
382	0.00000086
383	0.00000083
384	0.00000081
385	0.00000078
386	0.00000076
387	0.00000073
388	0.00000071
389	0.00000069
390	0.00000067
391	0.00000065
392	0.00000063
393	0.00000061
394	0.00000059
395	0.00000057
396	0.00000055
397	0.00000054
398	0.00000052
399	0.00000050
400	0.00000049
401	0.00000047
402	0.00000046
403	0.00000044
404	0.00000043
405	0.00000042
406	0.00000040
407	0.00000039
408	0.00000038
409	0.00000037
410	0.00000036
411	0.00000034
412	0.00000033
413	0.00000032
414	0.00000031
415	0.00000030
416	0.00000029
417	0.00000029
418	0.00000028
419	0.00000027
420	0.00000026
421	0.00000025
422	0.00000024
423	0.00000024
424	0.00000023
425	0.00000022
426	0.00000021
427	0.00000021
428	0.00000020
429	0.00000020
430	0.00000019
431	0.00000018
432	0.00000018
433	0.00000017
434	0.00000017
435	0.00000016
436	0.00000016
437	0.00000015
438	0.00000015
439	0.00000014
440	0.00000014
441	0.00000013
442	0.00000013
443	0.00000013
444	0.00000012
445	0.00000012
446	0.00000011
447	0.00000011
448	0.00000011
449	0.00000010
450	0.00000010
451	0.00000010
452	0.00000009
453	0.00000009
454	0.00000009
455	0.00000009
456	0.00000008
457	0.00000008
458	0.00000008
459	0.00000008
460	0.00000007
461	0.00000007
462	0.00000007
463	0.00000007
464	0.00000006
465	0.00000006
466	0.00000006
467	0.00000006
468	0.00000006
469	0.00000006
470	0.00000005
471	0.00000005
472	0.00000005
473	0.00000005
474	0.00000005
475	0.00000005
476	0.00000004
477	0.00000004
478	0.00000004
479	0.00000004
480	0.00000004
481	0.00000004
482	0.00000004
483	0.00000004
484	0.00000003
485	0.00000003
486	0.00000003
487	0.00000003
488	0.00000003
489	0.00000003
490	0.00000003
491	0.00000003
492	0.00000003
493	0.00000003
494	0.00000003
495	0.00000002
496	0.00000002
497	0.00000002
498	0.00000002
499	0.00000002
500	0.00000002
501	0.00000002
502	0.00000002
503	0.00000002
504	0.00000002
505	0.00000002
506	0.00000002
507	0.00000002
508	0.00000002
509	0.00000002
510	0.00000002
511	0.00000001
512	0.00000001
513	0.00000001
514	0.00000001
515	0.00000001
516	0.00000001
517	0.00000001
518	0.00000001
519	0.00000001
520	0.00000001
521	0.00000001
522	0.00000001
523	0.00000001
524	0.00000001
525	0.00000001
526	0.00000001
527	0.00000001
528	0.00000001
529	0.00000001
530	0.00000001
531	0.00000001
532	0.00000001
533	0.00000001
534	0.00000001
535	0.00000001
536	0.00000001
537	0.00000001
538	0.00000001
539	0.00000001
540	0.00000001
541	0.00000001
542	0.00000001
543	0.00000001
544	0.00000001
545	0.00000001
546	0.00000000
547	0.00000000
548	0.00000000
549	0.00000000
550	0.00000000
551	0.00000000
552	0.00000000
553	0.00000000
554	0.00000000
555	0.00000000
556	0.00000000
557	0.00000000
558	0.00000000
559	0.00000000
560	0.00000000
561	0.00000000
562	0.00000000
563	0.00000000
564	0.00000000
565	0.00000000
566	0.00000000
567	0.00000000
568	0.00000000
569	0.00000000
570	0.00000000
571	0.00000000
572	0.00000000
573	0.00000000
574	0.00000000
575	0.00000000
576	0.00000000
577	0.00000000
578	0.00000000
579	0.00000000
580	0.00000000
581	0.00000000
582	0.00000000
583	0.00000000
584	0.00000000
585	0.00000000
586	0.00000000
587	0.00000000
588	0.00000000
589	0.00000000
590	0.00000000
591	0.00000000
592	0.00000000
593	0.00000000
594	0.00000000
595	0.00000000
596	0.00000000
597	0.00000000
598	0.00000000
599	0.00000000
600	0.00000000
601	0.00000000
602	0.00000000
603	0.00000000
604	0.00000000
605	0.00000000
606	0.00000000
607	0.00000000
608	0.00000000
609	0.00000000
610	0.00000000
611	0.00000000
612	0.00000000
613	0.00000000
614	0.00000000
615	0.00000000
616	0.00000000
617	0.00000000
618	0.00000000
619	0.00000000
620	0.00000000
621	0.00000000
622	0.00000000
623	0.00000000
624	0.00000000
625	0.00000000
626	0.00000000
627	0.00000000
628	0.00000000
629	0.00000000
630	0.00000000
631	0.00000000
632	0.00000000
633	0.00000000
634	0.00000000
635	0.00000000
636	0.00000000
637	0.00000000
638	0.00000000
639	0.00000000
640	0.00000000
641	0.00000000
642	0.00000000
643	0.00000000
644	0.00000000
645	0.00000000
646	0.00000000
647	0.00000000
648	0.00000000
649	0.00000000
650	0.00000000
651	0.00000000
652	0.00000000
653	0.00000000
654	0.00000000
655	0.00000000
656	0.00000000
657	0.00000000
658	0.00000000
659	0.00000000
660	0.00000000
661	0.00000000
662	0.00000000
663	0.00000000
664	0.00000000
665	0.00000000
666	0.00000000
667	0.00000000
668	0.00000000
669	0.00000000
670	0.00000000
671	0.00000000
672	0.00000000
673	0.00000000
674	0.00000000
675	0.00000000
676	0.00000000
677	0.00000000
678	0.00000000
679	0.00000000
680	0.00000000
681	0.00000000
682	0.00000000
683	0.00000000
684	0.00000000
685	0.00000000
686	0.00000000
687	0.00000000
688	0.00000000
689	0.00000000
690	0.00000000
691	0.00000000
692	0.00000000
693	0.00000000
694	0.00000000
695	0.00000000
696	0.00000000
697	0.00000000
698	0.00000000
699	0.00000000
700	0.00000000
701	0.00000000
702	0.00000000
703	0.00000000
704	0.00000000
705	0.00000000
706	0.00000000
707	0.00000000
708	0.00000000
709	0.00000000
710	0.00000000
711	0.00000000
712	0.00000000
713	0.00000000
714	0.00000000
715	0.00000000
716	0.00000000
717	0.00000000
718	0.00000000
719	0.00000000
720	0.00000000
721	0.00000000
722	0.00000000
723	0.00000000
724	0.00000000
725	0.00000000
726	0.00000000
727	0.00000000
728	0.00000000
729	0.00000000
730	0.00000000
731	0.00000000
732	0.00000000
733	0.00000000
734	0.00000000
735	0.00000000
736	0.00000000
737	0.00000000
738	0.00000000
739	0.00000000
740	0.00000000
741	0.00000000
742	0.00000000
743	0.00000000
744	0.00000000
745	0.00000000
746	0.00000000
747	0.00000000
748	0.00000000
749	0.00000000
750	0.00000000
751	0.00000000
752	0.00000000
753	0.00000000
754	0.00000000
755	0.00000000
756	0.00000000
757	0.00000000
758	0.00000000
759	0.00000000
760	0.00000000
761	0.00000000
762	0.00000000
763	0.00000000
764	0.00000000
765	0.00000000
766	0.00000000
767	0.00000000
768	0.00000000
769	0.00000000
770	0.00000000
771	0.00000000
772	0.00000000
773	0.00000000
774	0.00000000
775	0.00000000
776	0.00000000
777	0.00000000
778	0.00000000
779	0.00000000
780	0.00000000
781	0.00000000
782	0.00000000
783	0.00000000
784	0.00000000
785	0.00000000
786	0.00000000
787	0.00000000
788	0.00000000
789	0.00000000
790	0.00000000
791	0.00000000
792	0.00000000
793	0.00000000
794	0.00000000
795	0.00000000
796	0.00000000
797	0.00000000
798	0.00000000
799	0.00000000
800	0.00000000
801	0.00000000
802	0.00000000
803	0.00000000
804	0.00000000
805	0.00000000
806	0.00000000
807	0.00000000
808	0.00000000
809	0.00000000
810	0.00000000
811	0.00000000
812	0.00000000
813	0.00000000
814	0.00000000
815	0.00000000
816	0.00000000
817	0.00000000
818	0.00000000
819	0.00000000
820	0.00000000
821	0.00000000
822	0.00000000
823	0.00000000
824	0.00000000
825	0.00000000
826	0.00000000
827	0.00000000
828	0.00000000
829	0.00000000
830	0.00000000
831	0.00000000
832	0.00000000
833	0.00000000
834	0.00000000
835	0.00000000
836	0.00000000
837	0.00000000
838	0.00000000
839	0.00000000
840	0.00000000
841	0.00000000
842	0.00000000
843	0.00000000
844	0.00000000
845	0.00000000
846	0.00000000
847	0.00000000
848	0.00000000
849	0.00000000
850	0.00000000
851	0.00000000
852	0.00000000
853	0.00000000
854	0.00000000
855	0.00000000
856	0.00000000
857	0.00000000
858	0.00000000
859	0.00000000
860	0.00000000
861	0.00000000
862	0.00000000
863	0.00000000
864	0.00000000
865	0.00000000
866	0.00000000
867	0.00000000
868	0.00000000
869	0.00000000
870	0.00000000
871	0.00000000
872	0.00000000
873	0.00000000
874	0.00000000
875	0.00000000
876	0.00000000
877	0.00000000
878	0.00000000
879	0.00000000
880	0.00000000
881	0.00000000
882	0.00000000
883	0.00000000
884	0.00000000
885	0.00000000
886	0.00000000
887	0.00000000
888	0.00000000
889	0.00000000
890	0.00000000
891	0.00000000
892	0.00000000
893	0.00000000
894	0.00000000
895	0.00000000
896	0.00000000
897	0.00000000
898	0.00000000
899	0.00000000
900	0.00000000
901	0.00000000
902	0.00000000
903	0.00000000
904	0.00000000
905	0.00000000
906	0.00000000
907	0.00000000
908	0.00000000
909	0.00000000
910	0.00000000
911	0.00000000
912	0.00000000
913	0.00000000
914	0.00000000
915	0.00000000
916	0.00000000
917	0.00000000
918	0.00000000
919	0.00000000
920	0.00000000
921	0.00000000
922	0.00000000
923	0.00000000
924	0.00000000
925	0.00000000
926	0.00000000
927	0.00000000
928	0.00000000
929	0.00000000
930	0.00000000
931	0.00000000
932	0.00000000
933	0.00000000
934	0.00000000
935	0.00000000
936	0.00000000
937	0.00000000
938	0.00000000
939	0.00000000
940	0.00000000
941	0.00000000
942	0.00000000
943	0.00000000
944	0.00000000
945	0.00000000
946	0.00000000
947	0.00000000
948	0.00000000
949	0.00000000
950	0.00000000
951	0.00000000
952	0.00000000
953	0.00000000
954	0.00000000
955	0.00000000
956	0.00000000
957	0.00000000
958	0.00000000
959	0.00000000
960	0.00000000
961	0.00000000
962	0.00000000
963	0.00000000
964	0.00000000
965	0.00000000
966	0.00000000
967	0.00000000
968	0.00000000
969	0.00000000
970	0.00000000
971	0.00000000
972	0.00000000
973	0.00000000
974	0.00000000
975	0.00000000
976	0.00000000
977	0.00000000
978	0.00000000
979	0.00000000
980	0.00000000
981	0.00000000
982	0.00000000
983	0.00000000
984	0.00000000
985	0.00000000
986	0.00000000
987	0.00000000
988	0.00000000
989	0.00000000
990	0.00000000
991	0.00000000
992	0.00000000
993	0.00000000
994	0.00000000
995	0.00000000
996	0.00000000
997	0.00000000
998	0.00000000
999	0.00000000
