0	0.00000000
1	0.00000000
2	0.00000000
3	0.00000000
4	0.00000000
5	0.00000000
6	0.00000000
7	0.00000000
8	0.00000000
9	0.00000000
10	0.00000000
11	0.00000000
12	0.00000000
13	0.00796833
14	0.05302904
15	0.04319172
16	0.04688609
17	0.03747585
18	0.03969002
19	0.04128654
20	0.04237661
21	0.03752254
22	0.03425548
23	0.02991377
24	0.02652212
25	0.02364574
26	0.02200696
27	0.02049423
28	0.01979587
29	0.01864280
30	0.01792940
31	0.01745191
32	0.02093886
33	0.02485326
34	0.02574013
35	0.02789900
36	0.02940969
37	0.02882996
38	0.02799159
39	0.02781325
40	0.02685164
41	0.02665679
42	0.02596901
43	0.02563660
44	0.02504519
45	0.02468826
46	0.02446166
47	0.02364840
48	0.02321336
49	0.02257770
50	0.02187689
51	0.02124743
52	0.02049538
53	0.01987325
54	0.01920825
55	0.01944923
56	0.01949166
57	0.01926900
58	0.01923089
59	0.01879917
60	0.01832548
61	0.01781518
62	0.01744976
63	0.01725032
64	0.01707668
65	0.01688646
66	0.01658915
67	0.01613140
68	0.01563467
69	0.01529449
70	0.01487158
71	0.01442908
72	0.01404440
73	0.01359156
74	0.01317192
75	0.01266598
76	0.01230815
77	0.01194699
78	0.01175947
79	0.01159649
80	0.01132633
81	0.01104262
82	0.01083826
83	0.01053982
84	0.01027495
85	0.01005321
86	0.00977627
87	0.00953733
88	0.00924696
89	0.00897702
90	0.00869019
91	0.00841461
92	0.00812756
93	0.00787081
94	0.00760358
95	0.00735609
96	0.00713556
97	0.00689655
98	0.00666703
99	0.00645868
100	0.00625586
101	0.00608076
102	0.00594313
103	0.00579963
104	0.00561967
105	0.00546851
106	0.00529991
107	0.00513049
108	0.00497066
109	0.00481629
110	0.00466187
111	0.00451792
112	0.00438059
113	0.00424506
114	0.00410710
115	0.00397500
116	0.00385099
117	0.00373012
118	0.00361285
119	0.00350011
120	0.00338985
121	0.00328403
122	0.00318159
123	0.00308227
124	0.00298824
125	0.00290075
126	0.00281115
127	0.00272652
128	0.00263925
129	0.00255865
130	0.00247844
131	0.00240175
132	0.00232719
133	0.00225502
134	0.00218511
135	0.00211726
136	0.00205151
137	0.00198781
138	0.00192601
139	0.00186612
140	0.00180808
141	0.00175186
142	0.00169739
143	0.00164462
144	0.00159350
145	0.00154398
146	0.00149599
147	0.00144952
148	0.00140452
149	0.00136095
150	0.00131873
151	0.00127782
152	0.00123818
153	0.00119976
154	0.00116252
155	0.00112644
156	0.00109148
157	0.00105761
158	0.00102478
159	0.00099298
160	0.00096215
161	0.00093229
162	0.00090335
163	0.00087531
164	0.00084814
165	0.00082181
166	0.00079629
167	0.00077157
168	0.00074762
169	0.00072441
170	0.00070192
171	0.00068012
172	0.00065901
173	0.00063855
174	0.00061873
175	0.00059952
176	0.00058091
177	0.00056288
178	0.00054540
179	0.00052847
180	0.00051207
181	0.00049617
182	0.00048077
183	0.00046584
184	0.00045138
185	0.00043737
186	0.00042379
187	0.00041064
188	0.00039789
189	0.00038554
190	0.00037357
191	0.00036197
192	0.00035074
193	0.00033985
194	0.00032930
195	0.00031908
196	0.00030917
197	0.00029957
198	0.00029027
199	0.00028126
200	0.00027253
201	0.00026407
202	0.00025587
203	0.00024793
204	0.00024023
205	0.00023278
206	0.00022555
207	0.00021855
208	0.00021176
209	0.00020519
210	0.00019882
211	0.00019265
212	0.00018667
213	0.00018087
214	0.00017526
215	0.00016982
216	0.00016455
217	0.00015944
218	0.00015449
219	0.00014969
220	0.00014505
221	0.00014054
222	0.00013618
223	0.00013195
224	0.00012786
225	0.00012389
226	0.00012004
227	0.00011632
228	0.00011270
229	0.00010921
230	0.00010582
231	0.00010253
232	0.00009935
233	0.00009626
234	0.00009328
235	0.00009038
236	0.00008757
237	0.00008486
238	0.00008222
239	0.00007967
240	0.00007720
241	0.00007480
242	0.00007248
243	0.00007023
244	0.00006805
245	0.00006594
246	0.00006389
247	0.00006191
248	0.00005998
249	0.00005812
250	0.00005632
251	0.00005457
252	0.00005287
253	0.00005123
254	0.00004964
255	0.00004810
256	0.00004661
257	0.00004516
258	0.00004376
259	0.00004240
260	0.00004109
261	0.00003981
262	0.00003857
263	0.00003738
264	0.00003622
265	0.00003509
266	0.00003400
267	0.00003295
268	0.00003192
269	0.00003093
270	0.00002997
271	0.00002904
272	0.00002814
273	0.00002727
274	0.00002642
275	0.00002560
276	0.00002481
277	0.00002404
278	0.00002329
279	0.00002257
280	0.00002187
281	0.00002119
282	0.00002053
283	0.00001989
284	0.00001927
285	0.00001868
286	0.00001810
287	0.00001754
288	0.00001699
289	0.00001646
290	0.00001595
291	0.00001546
292	0.00001498
293	0.00001451
294	0.00001406
295	0.00001363
296	0.00001320
297	0.00001279
298	0.00001240
299	0.00001201
300	0.00001164
301	0.00001128
302	0.00001093
303	0.00001059
304	0.00001026
305	0.00000994
306	0.00000963
307	0.00000933
308	0.00000904
309	0.00000876
310	0.00000849
311	0.00000823
312	0.00000797
313	0.00000772
314	0.00000748
315	0.00000725
316	0.00000703
317	0.00000681
318	0.00000660
319	0.00000639
320	0.00000619
321	0.00000600
322	0.00000582
323	0.00000563
324	0.00000546
325	0.00000529
326	0.00000513
327	0.00000497
328	0.00000481
329	0.00000466
330	0.00000452
331	0.00000438
332	0.00000424
333	0.00000411
334	0.00000398
335	0.00000386
336	0.00000374
337	0.00000362
338	0.00000351
339	0.00000340
340	0.00000330
341	0.00000319
342	0.00000309
343	0.00000300
344	0.00000291
345	0.00000282
346	0.00000273
347	0.00000264
348	0.00000256
349	0.00000248
350	0.00000240
351	0.00000233
352	0.00000226
353	0.00000219
354	0.00000212
355	0.00000205
356	0.00000199
357	0.00000193
358	0.00000187
359	0.00000181
360	0.00000175
361	0.00000170
362	0.00000165
363	0.00000160
364	0.00000155
365	0.00000150
366	0.00000145
367	0.00000141
368	0.00000136
369	0.00000132
370	0.00000128
371	0.00000124
372	0.00000120
373	0.00000116
374	0.00000113
375	0.00000109
376	0.00000106
377	0.00000103
378	0.00000099
379	0.00000096
380	0.00000093
381	0.00000090
382	0.00000088
383	0.00000085
384	0.00000082
385	0.00000080
386	0.00000077
387	0.00000075
388	0.00000073
389	0.00000070
390	0.00000068
391	0.00000066
392	0.00000064
393	0.00000062
394	0.00000060
395	0.00000058
396	0.00000056
397	0.00000055
398	0.00000053
399	0.00000051
400	0.00000050
401	0.00000048
402	0.00000047
403	0.00000045
404	0.00000044
405	0.00000042
406	0.00000041
407	0.00000040
408	0.00000039
409	0.00000037
410	0.00000036
411	0.00000035
412	0.00000034
413	0.00000033
414	0.00000032
415	0.00000031
416	0.00000030
417	0.00000029
418	0.00000028
419	0.00000027
420	0.00000026
421	0.00000026
422	0.00000025
423	0.00000024
424	0.00000023
425	0.00000023
426	0.00000022
427	0.00000021
428	0.00000021
429	0.00000020
430	0.00000019
431	0.00000019
432	0.00000018
433	0.00000018
434	0.00000017
435	0.00000016
436	0.00000016
437	0.00000015
438	0.00000015
439	0.00000015
440	0.00000014
441	0.00000014
442	0.00000013
443	0.00000013
444	0.00000012
445	0.00000012
446	0.00000012
447	0.00000011
448	0.00000011
449	0.00000011
450	0.00000010
451	0.00000010
452	0.00000010
453	0.00000009
454	0.00000009
455	0.00000009
456	0.00000008
457	0.00000008
458	0.00000008
459	0.00000008
460	0.00000007
461	0.00000007
462	0.00000007
463	0.00000007
464	0.00000007
465	0.00000006
466	0.00000006
467	0.00000006
468	0.00000006
469	0.00000006
470	0.00000005
471	0.00000005
472	0.00000005
473	0.00000005
474	0.00000005
475	0.00000005
476	0.00000005
477	0.00000004
478	0.00000004
479	0.00000004
480	0.00000004
481	0.00000004
482	0.00000004
483	0.00000004
484	0.00000004
485	0.00000003
486	0.00000003
487	0.00000003
488	0.00000003
489	0.00000003
490	0.00000003
491	0.00000003
492	0.00000003
493	0.00000003
494	0.00000003
495	0.00000002
496	0.00000002
497	0.00000002
498	0.00000002
499	0.00000002
500	0.00000002
501	0.00000002
502	0.00000002
503	0.00000002
504	0.00000002
505	0.00000002
506	0.00000002
507	0.00000002
508	0.00000002
509	0.00000002
510	0.00000002
511	0.00000002
512	0.00000001
513	0.00000001
514	0.00000001
515	0.00000001
516	0.00000001
517	0.00000001
518	0.00000001
519	0.00000001
520	0.00000001
521	0.00000001
522	0.00000001
523	0.00000001
524	0.00000001
525	0.00000001
526	0.00000001
527	0.00000001
528	0.00000001
529	0.00000001
530	0.00000001
531	0.00000001
532	0.00000001
533	0.00000001
534	0.00000001
535	0.00000001
536	0.00000001
537	0.00000001
538	0.00000001
539	0.00000001
540	0.00000001
541	0.00000001
542	0.00000001
543	0.00000001
544	0.00000001
545	0.00000001
546	0.00000000
547	0.00000000
548	0.00000000
549	0.00000000
550	0.00000000
551	0.00000000
552	0.00000000
553	0.00000000
554	0.00000000
555	0.00000000
556	0.00000000
557	0.00000000
558	0.00000000
559	0.00000000
560	0.00000000
561	0.00000000
562	0.00000000
563	0.00000000
564	0.00000000
565	0.00000000
566	0.00000000
567	0.00000000
568	0.00000000
569	0.00000000
570	0.00000000
571	0.00000000
572	0.00000000
573	0.00000000
574	0.00000000
575	0.00000000
576	0.00000000
577	0.00000000
578	0.00000000
579	0.00000000
580	0.00000000
581	0.00000000
582	0.00000000
583	0.00000000
584	0.00000000
585	0.00000000
586	0.00000000
587	0.00000000
588	0.00000000
589	0.00000000
590	0.00000000
591	0.00000000
592	0.00000000
593	0.00000000
594	0.00000000
595	0.00000000
596	0.00000000
597	0.00000000
598	0.00000000
599	0.00000000
600	0.00000000
601	0.00000000
602	0.00000000
603	0.00000000
604	0.00000000
605	0.00000000
606	0.00000000
607	0.00000000
608	0.00000000
609	0.00000000
610	0.00000000
611	0.00000000
612	0.00000000
613	0.00000000
614	0.00000000
615	0.00000000
616	0.00000000
617	0.00000000
618	0.00000000
619	0.00000000
620	0.00000000
621	0.00000000
622	0.00000000
623	0.00000000
624	0.00000000
625	0.00000000
626	0.00000000
627	0.00000000
628	0.00000000
629	0.00000000
630	0.00000000
631	0.00000000
632	0.00000000
633	0.00000000
634	0.00000000
635	0.00000000
636	0.00000000
637	0.00000000
638	0.00000000
639	0.00000000
640	0.00000000
641	0.00000000
642	0.00000000
643	0.00000000
644	0.00000000
645	0.00000000
646	0.00000000
647	0.00000000
648	0.00000000
649	0.00000000
650	0.00000000
651	0.00000000
652	0.00000000
653	0.00000000
654	0.00000000
655	0.00000000
656	0.00000000
657	0.00000000
658	0.00000000
659	0.00000000
660	0.00000000
661	0.00000000
662	0.00000000
663	0.00000000
664	0.00000000
665	0.00000000
666	0.00000000
667	0.00000000
668	0.00000000
669	0.00000000
670	0.00000000
671	0.00000000
672	0.00000000
673	0.00000000
674	0.00000000
675	0.00000000
676	0.00000000
677	0.00000000
678	0.00000000
679	0.00000000
680	0.00000000
681	0.00000000
682	0.00000000
683	0.00000000
684	0.00000000
685	0.00000000
686	0.00000000
687	0.00000000
688	0.00000000
689	0.00000000
690	0.00000000
691	0.00000000
692	0.00000000
693	0.00000000
694	0.00000000
695	0.00000000
696	0.00000000
697	0.00000000
698	0.00000000
699	0.00000000
700	0.00000000
701	0.00000000
702	0.00000000
703	0.00000000
704	0.00000000
705	0.00000000
706	0.00000000
707	0.00000000
708	0.00000000
709	0.00000000
710	0.00000000
711	0.00000000
712	0.00000000
713	0.00000000
714	0.00000000
715	0.00000000
716	0.00000000
717	0.00000000
718	0.00000000
719	0.00000000
720	0.00000000
721	0.00000000
722	0.00000000
723	0.00000000
724	0.00000000
725	0.00000000
726	0.00000000
727	0.00000000
728	0.00000000
729	0.00000000
730	0.00000000
731	0.00000000
732	0.00000000
733	0.00000000
734	0.00000000
735	0.00000000
736	0.00000000
737	0.00000000
738	0.00000000
739	0.00000000
740	0.00000000
741	0.00000000
742	0.00000000
743	0.00000000
744	0.00000000
745	0.00000000
746	0.00000000
747	0.00000000
748	0.00000000
749	0.00000000
750	0.00000000
751	0.00000000
752	0.00000000
753	0.00000000
754	0.00000000
755	0.00000000
756	0.00000000
757	0.00000000
758	0.00000000
759	0.00000000
760	0.00000000
761	0.00000000
762	0.00000000
763	0.00000000
764	0.00000000
765	0.00000000
766	0.00000000
767	0.00000000
768	0.00000000
769	0.00000000
770	0.00000000
771	0.00000000
772	0.00000000
773	0.00000000
774	0.00000000
775	0.00000000
776	0.00000000
777	0.00000000
778	0.00000000
779	0.00000000
780	0.00000000
781	0.00000000
782	0.00000000
783	0.00000000
784	0.00000000
785	0.00000000
786	0.00000000
787	0.00000000
788	0.00000000
789	0.00000000
790	0.00000000
791	0.00000000
792	0.00000000
793	0.00000000
794	0.00000000
795	0.00000000
796	0.00000000
797	0.00000000
798	0.00000000
799	0.00000000
800	0.00000000
801	0.00000000
802	0.00000000
803	0.00000000
804	0.00000000
805	0.00000000
806	0.00000000
807	0.00000000
808	0.00000000
809	0.00000000
810	0.00000000
811	0.00000000
812	0.00000000
813	0.00000000
814	0.00000000
815	0.00000000
816	0.00000000
817	0.00000000
818	0.00000000
819	0.00000000
820	0.00000000
821	0.00000000
822	0.00000000
823	0.00000000
824	0.00000000
825	0.00000000
826	0.00000000
827	0.00000000
828	0.00000000
829	0.00000000
830	0.00000000
831	0.00000000
832	0.00000000
833	0.00000000
834	0.00000000
835	0.00000000
836	0.00000000
837	0.00000000
838	0.00000000
839	0.00000000
840	0.00000000
841	0.00000000
842	0.00000000
843	0.00000000
844	0.00000000
845	0.00000000
846	0.00000000
847	0.00000000
848	0.00000000
849	0.00000000
850	0.00000000
851	0.00000000
852	0.00000000
853	0.00000000
854	0.00000000
855	0.00000000
856	0.00000000
857	0.00000000
858	0.00000000
859	0.00000000
860	0.00000000
861	0.00000000
862	0.00000000
863	0.00000000
864	0.00000000
865	0.00000000
866	0.00000000
867	0.00000000
868	0.00000000
869	0.00000000
870	0.00000000
871	0.00000000
872	0.00000000
873	0.00000000
874	0.00000000
875	0.00000000
876	0.00000000
877	0.00000000
878	0.00000000
879	0.00000000
880	0.00000000
881	0.00000000
882	0.00000000
883	0.00000000
884	0.00000000
885	0.00000000
886	0.00000000
887	0.00000000
888	0.00000000
889	0.00000000
890	0.00000000
891	0.00000000
892	0.00000000
893	0.00000000
894	0.00000000
895	0.00000000
896	0.00000000
897	0.00000000
898	0.00000000
899	0.00000000
900	0.00000000
901	0.00000000
902	0.00000000
903	0.00000000
904	0.00000000
905	0.00000000
906	0.00000000
907	0.00000000
908	0.00000000
909	0.00000000
910	0.00000000
911	0.00000000
912	0.00000000
913	0.00000000
914	0.00000000
915	0.00000000
916	0.00000000
917	0.00000000
918	0.00000000
919	0.00000000
920	0.00000000
921	0.00000000
922	0.00000000
923	0.00000000
924	0.00000000
925	0.00000000
926	0.00000000
927	0.00000000
928	0.00000000
929	0.00000000
930	0.00000000
931	0.00000000
932	0.00000000
933	0.00000000
934	0.00000000
935	0.00000000
936	0.00000000
937	0.00000000
938	0.00000000
939	0.00000000
940	0.00000000
941	0.00000000
942	0.00000000
943	0.00000000
944	0.00000000
945	0.00000000
946	0.00000000
947	0.00000000
948	0.00000000
949	0.00000000
950	0.00000000
951	0.00000000
952	0.00000000
953	0.00000000
954	0.00000000
955	0.00000000
956	0.00000000
957	0.00000000
958	0.00000000
959	0.00000000
960	0.00000000
961	0.00000000
962	0.00000000
963	0.00000000
964	0.00000000
965	0.00000000
966	0.00000000
967	0.00000000
968	0.00000000
969	0.00000000
970	0.00000000
971	0.00000000
972	0.00000000
973	0.00000000
974	0.00000000
975	0.00000000
976	0.00000000
977	0.00000000
978	0.00000000
979	0.00000000
980	0.00000000
981	0.00000000
982	0.00000000
983	0.00000000
984	0.00000000
985	0.00000000
986	0.00000000
987	0.00000000
988	0.00000000
989	0.00000000
990	0.00000000
991	0.00000000
992	0.00000000
993	0.00000000
994	0.00000000
995	0.00000000
996	0.00000000
997	0.00000000
998	0.00000000
999	0.00000000
