0	0.00000000
1	0.00000000
2	0.00000000
3	0.00000000
4	0.00000000
5	0.00000000
6	0.00000000
7	0.00000000
8	0.00000000
9	0.00000000
10	0.00000000
11	0.00000000
12	0.00000000
13	0.00323240
14	0.02210867
15	0.01859966
16	0.02607049
17	0.02675536
18	0.03658264
19	0.04213097
20	0.04537905
21	0.04210880
22	0.03937276
23	0.03545157
24	0.03304175
25	0.02999026
26	0.02772780
27	0.02501790
28	0.02380537
29	0.02184909
30	0.02036527
31	0.01912957
32	0.02030749
33	0.02197771
34	0.02332439
35	0.02520391
36	0.02605549
37	0.02604546
38	0.02654308
39	0.02722581
40	0.02662858
41	0.02644010
42	0.02633206
43	0.02574187
44	0.02479665
45	0.02406383
46	0.02341380
47	0.02263771
48	0.02247640
49	0.02203888
50	0.02152052
51	0.02109552
52	0.02039431
53	0.01973656
54	0.01899186
55	0.01892178
56	0.01887897
57	0.01857848
58	0.01828999
59	0.01780358
60	0.01735911
61	0.01710558
62	0.01684138
63	0.01653142
64	0.01631733
65	0.01619201
66	0.01582691
67	0.01543218
68	0.01510180
69	0.01475907
70	0.01436438
71	0.01395542
72	0.01361160
73	0.01316126
74	0.01275063
75	0.01226360
76	0.01187307
77	0.01151426
78	0.01123930
79	0.01103584
80	0.01070682
81	0.01046405
82	0.01021231
83	0.00989517
84	0.00968274
85	0.00956379
86	0.00928867
87	0.00909053
88	0.00881391
89	0.00858527
90	0.00830651
91	0.00801117
92	0.00775697
93	0.00749970
94	0.00724107
95	0.00700615
96	0.00678708
97	0.00656693
98	0.00634583
99	0.00614263
100	0.00594842
101	0.00577901
102	0.00563782
103	0.00548140
104	0.00530947
105	0.00515694
106	0.00499872
107	0.00484908
108	0.00471083
109	0.00457727
110	0.00442157
111	0.00428862
112	0.00415570
113	0.00402235
114	0.00389424
115	0.00377129
116	0.00365221
117	0.00353771
118	0.00342714
119	0.00332066
120	0.00321552
121	0.00311498
122	0.00301753
123	0.00292319
124	0.00283406
125	0.00274920
126	0.00266306
127	0.00258211
128	0.00250040
129	0.00242339
130	0.00234793
131	0.00227546
132	0.00220515
133	0.00213689
134	0.00207059
135	0.00200638
136	0.00194412
137	0.00188377
138	0.00182526
139	0.00176856
140	0.00171360
141	0.00166035
142	0.00160875
143	0.00155877
144	0.00151033
145	0.00146340
146	0.00141792
147	0.00137387
148	0.00133121
149	0.00128989
150	0.00124986
151	0.00121107
152	0.00117347
153	0.00113705
154	0.00110175
155	0.00106756
156	0.00103442
157	0.00100232
158	0.00097121
159	0.00094107
160	0.00091186
161	0.00088355
162	0.00085613
163	0.00082955
164	0.00080380
165	0.00077885
166	0.00075467
167	0.00073125
168	0.00070854
169	0.00068655
170	0.00066523
171	0.00064458
172	0.00062457
173	0.00060518
174	0.00058639
175	0.00056819
176	0.00055055
177	0.00053346
178	0.00051690
179	0.00050085
180	0.00048531
181	0.00047024
182	0.00045564
183	0.00044150
184	0.00042779
185	0.00041451
186	0.00040165
187	0.00038918
188	0.00037710
189	0.00036539
190	0.00035405
191	0.00034306
192	0.00033241
193	0.00032209
194	0.00031209
195	0.00030240
196	0.00029301
197	0.00028392
198	0.00027510
199	0.00026656
200	0.00025829
201	0.00025027
202	0.00024250
203	0.00023497
204	0.00022768
205	0.00022061
206	0.00021376
207	0.00020713
208	0.00020070
209	0.00019447
210	0.00018843
211	0.00018258
212	0.00017691
213	0.00017142
214	0.00016610
215	0.00016094
216	0.00015595
217	0.00015111
218	0.00014642
219	0.00014187
220	0.00013747
221	0.00013320
222	0.00012906
223	0.00012506
224	0.00012118
225	0.00011741
226	0.00011377
227	0.00011024
228	0.00010681
229	0.00010350
230	0.00010029
231	0.00009717
232	0.00009416
233	0.00009123
234	0.00008840
235	0.00008566
236	0.00008300
237	0.00008042
238	0.00007792
239	0.00007551
240	0.00007316
241	0.00007089
242	0.00006869
243	0.00006656
244	0.00006449
245	0.00006249
246	0.00006055
247	0.00005867
248	0.00005685
249	0.00005508
250	0.00005337
251	0.00005172
252	0.00005011
253	0.00004856
254	0.00004705
255	0.00004559
256	0.00004417
257	0.00004280
258	0.00004147
259	0.00004019
260	0.00003894
261	0.00003773
262	0.00003656
263	0.00003542
264	0.00003432
265	0.00003326
266	0.00003223
267	0.00003123
268	0.00003026
269	0.00002932
270	0.00002841
271	0.00002752
272	0.00002667
273	0.00002584
274	0.00002504
275	0.00002426
276	0.00002351
277	0.00002278
278	0.00002207
279	0.00002139
280	0.00002072
281	0.00002008
282	0.00001946
283	0.00001885
284	0.00001827
285	0.00001770
286	0.00001715
287	0.00001662
288	0.00001610
289	0.00001560
290	0.00001512
291	0.00001465
292	0.00001419
293	0.00001375
294	0.00001333
295	0.00001291
296	0.00001251
297	0.00001212
298	0.00001175
299	0.00001138
300	0.00001103
301	0.00001069
302	0.00001036
303	0.00001003
304	0.00000972
305	0.00000942
306	0.00000913
307	0.00000884
308	0.00000857
309	0.00000830
310	0.00000805
311	0.00000780
312	0.00000755
313	0.00000732
314	0.00000709
315	0.00000687
316	0.00000666
317	0.00000645
318	0.00000625
319	0.00000606
320	0.00000587
321	0.00000569
322	0.00000551
323	0.00000534
324	0.00000517
325	0.00000501
326	0.00000486
327	0.00000471
328	0.00000456
329	0.00000442
330	0.00000428
331	0.00000415
332	0.00000402
333	0.00000390
334	0.00000377
335	0.00000366
336	0.00000354
337	0.00000343
338	0.00000333
339	0.00000322
340	0.00000312
341	0.00000303
342	0.00000293
343	0.00000284
344	0.00000275
345	0.00000267
346	0.00000259
347	0.00000251
348	0.00000243
349	0.00000235
350	0.00000228
351	0.00000221
352	0.00000214
353	0.00000207
354	0.00000201
355	0.00000195
356	0.00000189
357	0.00000183
358	0.00000177
359	0.00000172
360	0.00000166
361	0.00000161
362	0.00000156
363	0.00000151
364	0.00000147
365	0.00000142
366	0.00000138
367	0.00000133
368	0.00000129
369	0.00000125
370	0.00000121
371	0.00000118
372	0.00000114
373	0.00000110
374	0.00000107
375	0.00000104
376	0.00000100
377	0.00000097
378	0.00000094
379	0.00000091
380	0.00000088
381	0.00000086
382	0.00000083
383	0.00000081
384	0.00000078
385	0.00000076
386	0.00000073
387	0.00000071
388	0.00000069
389	0.00000067
390	0.00000065
391	0.00000063
392	0.00000061
393	0.00000059
394	0.00000057
395	0.00000055
396	0.00000053
397	0.00000052
398	0.00000050
399	0.00000049
400	0.00000047
401	0.00000046
402	0.00000044
403	0.00000043
404	0.00000042
405	0.00000040
406	0.00000039
407	0.00000038
408	0.00000037
409	0.00000035
410	0.00000034
411	0.00000033
412	0.00000032
413	0.00000031
414	0.00000030
415	0.00000029
416	0.00000028
417	0.00000028
418	0.00000027
419	0.00000026
420	0.00000025
421	0.00000024
422	0.00000024
423	0.00000023
424	0.00000022
425	0.00000021
426	0.00000021
427	0.00000020
428	0.00000019
429	0.00000019
430	0.00000018
431	0.00000018
432	0.00000017
433	0.00000017
434	0.00000016
435	0.00000016
436	0.00000015
437	0.00000015
438	0.00000014
439	0.00000014
440	0.00000013
441	0.00000013
442	0.00000013
443	0.00000012
444	0.00000012
445	0.00000011
446	0.00000011
447	0.00000011
448	0.00000010
449	0.00000010
450	0.00000010
451	0.00000009
452	0.00000009
453	0.00000009
454	0.00000009
455	0.00000008
456	0.00000008
457	0.00000008
458	0.00000008
459	0.00000007
460	0.00000007
461	0.00000007
462	0.00000007
463	0.00000006
464	0.00000006
465	0.00000006
466	0.00000006
467	0.00000006
468	0.00000006
469	0.00000005
470	0.00000005
471	0.00000005
472	0.00000005
473	0.00000005
474	0.00000005
475	0.00000004
476	0.00000004
477	0.00000004
478	0.00000004
479	0.00000004
480	0.00000004
481	0.00000004
482	0.00000004
483	0.00000003
484	0.00000003
485	0.00000003
486	0.00000003
487	0.00000003
488	0.00000003
489	0.00000003
490	0.00000003
491	0.00000003
492	0.00000003
493	0.00000003
494	0.00000002
495	0.00000002
496	0.00000002
497	0.00000002
498	0.00000002
499	0.00000002
500	0.00000002
501	0.00000002
502	0.00000002
503	0.00000002
504	0.00000002
505	0.00000002
506	0.00000002
507	0.00000002
508	0.00000002
509	0.00000002
510	0.00000001
511	0.00000001
512	0.00000001
513	0.00000001
514	0.00000001
515	0.00000001
516	0.00000001
517	0.00000001
518	0.00000001
519	0.00000001
520	0.00000001
521	0.00000001
522	0.00000001
523	0.00000001
524	0.00000001
525	0.00000001
526	0.00000001
527	0.00000001
528	0.00000001
529	0.00000001
530	0.00000001
531	0.00000001
532	0.00000001
533	0.00000001
534	0.00000001
535	0.00000001
536	0.00000001
537	0.00000001
538	0.00000001
539	0.00000001
540	0.00000001
541	0.00000001
542	0.00000001
543	0.00000001
544	0.00000001
545	0.00000000
546	0.00000000
547	0.00000000
548	0.00000000
549	0.00000000
550	0.00000000
551	0.00000000
552	0.00000000
553	0.00000000
554	0.00000000
555	0.00000000
556	0.00000000
557	0.00000000
558	0.00000000
559	0.00000000
560	0.00000000
561	0.00000000
562	0.00000000
563	0.00000000
564	0.00000000
565	0.00000000
566	0.00000000
567	0.00000000
568	0.00000000
569	0.00000000
570	0.00000000
571	0.00000000
572	0.00000000
573	0.00000000
574	0.00000000
575	0.00000000
576	0.00000000
577	0.00000000
578	0.00000000
579	0.00000000
580	0.00000000
581	0.00000000
582	0.00000000
583	0.00000000
584	0.00000000
585	0.00000000
586	0.00000000
587	0.00000000
588	0.00000000
589	0.00000000
590	0.00000000
591	0.00000000
592	0.00000000
593	0.00000000
594	0.00000000
595	0.00000000
596	0.00000000
597	0.00000000
598	0.00000000
599	0.00000000
600	0.00000000
601	0.00000000
602	0.00000000
603	0.00000000
604	0.00000000
605	0.00000000
606	0.00000000
607	0.00000000
608	0.00000000
609	0.00000000
610	0.00000000
611	0.00000000
612	0.00000000
613	0.00000000
614	0.00000000
615	0.00000000
616	0.00000000
617	0.00000000
618	0.00000000
619	0.00000000
620	0.00000000
621	0.00000000
622	0.00000000
623	0.00000000
624	0.00000000
625	0.00000000
626	0.00000000
627	0.00000000
628	0.00000000
629	0.00000000
630	0.00000000
631	0.00000000
632	0.00000000
633	0.00000000
634	0.00000000
635	0.00000000
636	0.00000000
637	0.00000000
638	0.00000000
639	0.00000000
640	0.00000000
641	0.00000000
642	0.00000000
643	0.00000000
644	0.00000000
645	0.00000000
646	0.00000000
647	0.00000000
648	0.00000000
649	0.00000000
650	0.00000000
651	0.00000000
652	0.00000000
653	0.00000000
654	0.00000000
655	0.00000000
656	0.00000000
657	0.00000000
658	0.00000000
659	0.00000000
660	0.00000000
661	0.00000000
662	0.00000000
663	0.00000000
664	0.00000000
665	0.00000000
666	0.00000000
667	0.00000000
668	0.00000000
669	0.00000000
670	0.00000000
671	0.00000000
672	0.00000000
673	0.00000000
674	0.00000000
675	0.00000000
676	0.00000000
677	0.00000000
678	0.00000000
679	0.00000000
680	0.00000000
681	0.00000000
682	0.00000000
683	0.00000000
684	0.00000000
685	0.00000000
686	0.00000000
687	0.00000000
688	0.00000000
689	0.00000000
690	0.00000000
691	0.00000000
692	0.00000000
693	0.00000000
694	0.00000000
695	0.00000000
696	0.00000000
697	0.00000000
698	0.00000000
699	0.00000000
700	0.00000000
701	0.00000000
702	0.00000000
703	0.00000000
704	0.00000000
705	0.00000000
706	0.00000000
707	0.00000000
708	0.00000000
709	0.00000000
710	0.00000000
711	0.00000000
712	0.00000000
713	0.00000000
714	0.00000000
715	0.00000000
716	0.00000000
717	0.00000000
718	0.00000000
719	0.00000000
720	0.00000000
721	0.00000000
722	0.00000000
723	0.00000000
724	0.00000000
725	0.00000000
726	0.00000000
727	0.00000000
728	0.00000000
729	0.00000000
730	0.00000000
731	0.00000000
732	0.00000000
733	0.00000000
734	0.00000000
735	0.00000000
736	0.00000000
737	0.00000000
738	0.00000000
739	0.00000000
740	0.00000000
741	0.00000000
742	0.00000000
743	0.00000000
744	0.00000000
745	0.00000000
746	0.00000000
747	0.00000000
748	0.00000000
749	0.00000000
750	0.00000000
751	0.00000000
752	0.00000000
753	0.00000000
754	0.00000000
755	0.00000000
756	0.00000000
757	0.00000000
758	0.00000000
759	0.00000000
760	0.00000000
761	0.00000000
762	0.00000000
763	0.00000000
764	0.00000000
765	0.00000000
766	0.00000000
767	0.00000000
768	0.00000000
769	0.00000000
770	0.00000000
771	0.00000000
772	0.00000000
773	0.00000000
774	0.00000000
775	0.00000000
776	0.00000000
777	0.00000000
778	0.00000000
779	0.00000000
780	0.00000000
781	0.00000000
782	0.00000000
783	0.00000000
784	0.00000000
785	0.00000000
786	0.00000000
787	0.00000000
788	0.00000000
789	0.00000000
790	0.00000000
791	0.00000000
792	0.00000000
793	0.00000000
794	0.00000000
795	0.00000000
796	0.00000000
797	0.00000000
798	0.00000000
799	0.00000000
800	0.00000000
801	0.00000000
802	0.00000000
803	0.00000000
804	0.00000000
805	0.00000000
806	0.00000000
807	0.00000000
808	0.00000000
809	0.00000000
810	0.00000000
811	0.00000000
812	0.00000000
813	0.00000000
814	0.00000000
815	0.00000000
816	0.00000000
817	0.00000000
818	0.00000000
819	0.00000000
820	0.00000000
821	0.00000000
822	0.00000000
823	0.00000000
824	0.00000000
825	0.00000000
826	0.00000000
827	0.00000000
828	0.00000000
829	0.00000000
830	0.00000000
831	0.00000000
832	0.00000000
833	0.00000000
834	0.00000000
835	0.00000000
836	0.00000000
837	0.00000000
838	0.00000000
839	0.00000000
840	0.00000000
841	0.00000000
842	0.00000000
843	0.00000000
844	0.00000000
845	0.00000000
846	0.00000000
847	0.00000000
848	0.00000000
849	0.00000000
850	0.00000000
851	0.00000000
852	0.00000000
853	0.00000000
854	0.00000000
855	0.00000000
856	0.00000000
857	0.00000000
858	0.00000000
859	0.00000000
860	0.00000000
861	0.00000000
862	0.00000000
863	0.00000000
864	0.00000000
865	0.00000000
866	0.00000000
867	0.00000000
868	0.00000000
869	0.00000000
870	0.00000000
871	0.00000000
872	0.00000000
873	0.00000000
874	0.00000000
875	0.00000000
876	0.00000000
877	0.00000000
878	0.00000000
879	0.00000000
880	0.00000000
881	0.00000000
882	0.00000000
883	0.00000000
884	0.00000000
885	0.00000000
886	0.00000000
887	0.00000000
888	0.00000000
889	0.00000000
890	0.00000000
891	0.00000000
892	0.00000000
893	0.00000000
894	0.00000000
895	0.00000000
896	0.00000000
897	0.00000000
898	0.00000000
899	0.00000000
900	0.00000000
901	0.00000000
902	0.00000000
903	0.00000000
904	0.00000000
905	0.00000000
906	0.00000000
907	0.00000000
908	0.00000000
909	0.00000000
910	0.00000000
911	0.00000000
912	0.00000000
913	0.00000000
914	0.00000000
915	0.00000000
916	0.00000000
917	0.00000000
918	0.00000000
919	0.00000000
920	0.00000000
921	0.00000000
922	0.00000000
923	0.00000000
924	0.00000000
925	0.00000000
926	0.00000000
927	0.00000000
928	0.00000000
929	0.00000000
930	0.00000000
931	0.00000000
932	0.00000000
933	0.00000000
934	0.00000000
935	0.00000000
936	0.00000000
937	0.00000000
938	0.00000000
939	0.00000000
940	0.00000000
941	0.00000000
942	0.00000000
943	0.00000000
944	0.00000000
945	0.00000000
946	0.00000000
947	0.00000000
948	0.00000000
949	0.00000000
950	0.00000000
951	0.00000000
952	0.00000000
953	0.00000000
954	0.00000000
955	0.00000000
956	0.00000000
957	0.00000000
958	0.00000000
959	0.00000000
960	0.00000000
961	0.00000000
962	0.00000000
963	0.00000000
964	0.00000000
965	0.00000000
966	0.00000000
967	0.00000000
968	0.00000000
969	0.00000000
970	0.00000000
971	0.00000000
972	0.00000000
973	0.00000000
974	0.00000000
975	0.00000000
976	0.00000000
977	0.00000000
978	0.00000000
979	0.00000000
980	0.00000000
981	0.00000000
982	0.00000000
983	0.00000000
984	0.00000000
985	0.00000000
986	0.00000000
987	0.00000000
988	0.00000000
989	0.00000000
990	0.00000000
991	0.00000000
992	0.00000000
993	0.00000000
994	0.00000000
995	0.00000000
996	0.00000000
997	0.00000000
998	0.00000000
999	0.00000000
