0	0.00000000
1	0.00000000
2	0.00000000
3	0.00000000
4	0.00000000
5	0.00000000
6	0.00000000
7	0.00000000
8	0.00000000
9	0.00000000
10	0.00000000
11	0.00000000
12	0.00000000
13	0.00381213
14	0.02606320
15	0.02189931
16	0.02980154
17	0.02896699
18	0.03839458
19	0.04265148
20	0.04507980
21	0.04030777
22	0.03739758
23	0.03303509
24	0.03051433
25	0.02787578
26	0.02633992
27	0.02398727
28	0.02302922
29	0.02117779
30	0.01993432
31	0.01896720
32	0.02068172
33	0.02266982
34	0.02399792
35	0.02614440
36	0.02701230
37	0.02676084
38	0.02695086
39	0.02714738
40	0.02650363
41	0.02648076
42	0.02603476
43	0.02557582
44	0.02477814
45	0.02423966
46	0.02366504
47	0.02293947
48	0.02267310
49	0.02219908
50	0.02170001
51	0.02118447
52	0.02048292
53	0.01982899
54	0.01906262
55	0.01904226
56	0.01901919
57	0.01870802
58	0.01852418
59	0.01810327
60	0.01762920
61	0.01726249
62	0.01688142
63	0.01671302
64	0.01647077
65	0.01631271
66	0.01603979
67	0.01563747
68	0.01526787
69	0.01490161
70	0.01454653
71	0.01406366
72	0.01375102
73	0.01325907
74	0.01286629
75	0.01238520
76	0.01200823
77	0.01162652
78	0.01139472
79	0.01117217
80	0.01087843
81	0.01060117
82	0.01039183
83	0.01006369
84	0.00983150
85	0.00966791
86	0.00941597
87	0.00919162
88	0.00893062
89	0.00870657
90	0.00841500
91	0.00811561
92	0.00785713
93	0.00759722
94	0.00733691
95	0.00709631
96	0.00688458
97	0.00665026
98	0.00643170
99	0.00622951
100	0.00603292
101	0.00586234
102	0.00572388
103	0.00556146
104	0.00538927
105	0.00523869
106	0.00507515
107	0.00492132
108	0.00477532
109	0.00463782
110	0.00448880
111	0.00434558
112	0.00421470
113	0.00408137
114	0.00395185
115	0.00382426
116	0.00370500
117	0.00358895
118	0.00347775
119	0.00336898
120	0.00326220
121	0.00316022
122	0.00306140
123	0.00296575
124	0.00287517
125	0.00279009
126	0.00270250
127	0.00262025
128	0.00253737
129	0.00245931
130	0.00238249
131	0.00230884
132	0.00223741
133	0.00216814
134	0.00210091
135	0.00203575
136	0.00197257
137	0.00191133
138	0.00185196
139	0.00179442
140	0.00173865
141	0.00168462
142	0.00163227
143	0.00158155
144	0.00153241
145	0.00148479
146	0.00143865
147	0.00139396
148	0.00135068
149	0.00130876
150	0.00126815
151	0.00122879
152	0.00119065
153	0.00115369
154	0.00111788
155	0.00108318
156	0.00104957
157	0.00101699
158	0.00098543
159	0.00095484
160	0.00092520
161	0.00089649
162	0.00086866
163	0.00084169
164	0.00081557
165	0.00079025
166	0.00076572
167	0.00074195
168	0.00071891
169	0.00069659
170	0.00067497
171	0.00065401
172	0.00063371
173	0.00061404
174	0.00059497
175	0.00057650
176	0.00055861
177	0.00054127
178	0.00052446
179	0.00050818
180	0.00049241
181	0.00047712
182	0.00046231
183	0.00044796
184	0.00043405
185	0.00042058
186	0.00040752
187	0.00039487
188	0.00038261
189	0.00037074
190	0.00035923
191	0.00034808
192	0.00033727
193	0.00032680
194	0.00031666
195	0.00030683
196	0.00029730
197	0.00028807
198	0.00027913
199	0.00027047
200	0.00026207
201	0.00025393
202	0.00024605
203	0.00023841
204	0.00023101
205	0.00022384
206	0.00021689
207	0.00021016
208	0.00020363
209	0.00019731
210	0.00019119
211	0.00018525
212	0.00017950
213	0.00017393
214	0.00016853
215	0.00016330
216	0.00015823
217	0.00015332
218	0.00014856
219	0.00014395
220	0.00013948
221	0.00013515
222	0.00013095
223	0.00012689
224	0.00012295
225	0.00011913
226	0.00011543
227	0.00011185
228	0.00010838
229	0.00010501
230	0.00010175
231	0.00009859
232	0.00009553
233	0.00009257
234	0.00008969
235	0.00008691
236	0.00008421
237	0.00008160
238	0.00007907
239	0.00007661
240	0.00007423
241	0.00007193
242	0.00006970
243	0.00006753
244	0.00006544
245	0.00006340
246	0.00006144
247	0.00005953
248	0.00005768
249	0.00005589
250	0.00005416
251	0.00005247
252	0.00005084
253	0.00004927
254	0.00004774
255	0.00004626
256	0.00004482
257	0.00004343
258	0.00004208
259	0.00004077
260	0.00003951
261	0.00003828
262	0.00003709
263	0.00003594
264	0.00003483
265	0.00003374
266	0.00003270
267	0.00003168
268	0.00003070
269	0.00002975
270	0.00002882
271	0.00002793
272	0.00002706
273	0.00002622
274	0.00002541
275	0.00002462
276	0.00002385
277	0.00002311
278	0.00002240
279	0.00002170
280	0.00002103
281	0.00002037
282	0.00001974
283	0.00001913
284	0.00001853
285	0.00001796
286	0.00001740
287	0.00001686
288	0.00001634
289	0.00001583
290	0.00001534
291	0.00001486
292	0.00001440
293	0.00001396
294	0.00001352
295	0.00001310
296	0.00001270
297	0.00001230
298	0.00001192
299	0.00001155
300	0.00001119
301	0.00001084
302	0.00001051
303	0.00001018
304	0.00000986
305	0.00000956
306	0.00000926
307	0.00000897
308	0.00000870
309	0.00000843
310	0.00000816
311	0.00000791
312	0.00000767
313	0.00000743
314	0.00000720
315	0.00000697
316	0.00000676
317	0.00000655
318	0.00000634
319	0.00000615
320	0.00000596
321	0.00000577
322	0.00000559
323	0.00000542
324	0.00000525
325	0.00000509
326	0.00000493
327	0.00000478
328	0.00000463
329	0.00000448
330	0.00000435
331	0.00000421
332	0.00000408
333	0.00000395
334	0.00000383
335	0.00000371
336	0.00000360
337	0.00000348
338	0.00000338
339	0.00000327
340	0.00000317
341	0.00000307
342	0.00000298
343	0.00000288
344	0.00000279
345	0.00000271
346	0.00000262
347	0.00000254
348	0.00000246
349	0.00000239
350	0.00000231
351	0.00000224
352	0.00000217
353	0.00000210
354	0.00000204
355	0.00000198
356	0.00000191
357	0.00000185
358	0.00000180
359	0.00000174
360	0.00000169
361	0.00000163
362	0.00000158
363	0.00000153
364	0.00000149
365	0.00000144
366	0.00000140
367	0.00000135
368	0.00000131
369	0.00000127
370	0.00000123
371	0.00000119
372	0.00000116
373	0.00000112
374	0.00000108
375	0.00000105
376	0.00000102
377	0.00000099
378	0.00000096
379	0.00000093
380	0.00000090
381	0.00000087
382	0.00000084
383	0.00000082
384	0.00000079
385	0.00000077
386	0.00000074
387	0.00000072
388	0.00000070
389	0.00000068
390	0.00000066
391	0.00000063
392	0.00000061
393	0.00000060
394	0.00000058
395	0.00000056
396	0.00000054
397	0.00000053
398	0.00000051
399	0.00000049
400	0.00000048
401	0.00000046
402	0.00000045
403	0.00000043
404	0.00000042
405	0.00000041
406	0.00000040
407	0.00000038
408	0.00000037
409	0.00000036
410	0.00000035
411	0.00000034
412	0.00000033
413	0.00000032
414	0.00000031
415	0.00000030
416	0.00000029
417	0.00000028
418	0.00000027
419	0.00000026
420	0.00000025
421	0.00000025
422	0.00000024
423	0.00000023
424	0.00000022
425	0.00000022
426	0.00000021
427	0.00000020
428	0.00000020
429	0.00000019
430	0.00000019
431	0.00000018
432	0.00000017
433	0.00000017
434	0.00000016
435	0.00000016
436	0.00000015
437	0.00000015
438	0.00000014
439	0.00000014
440	0.00000014
441	0.00000013
442	0.00000013
443	0.00000012
444	0.00000012
445	0.00000012
446	0.00000011
447	0.00000011
448	0.00000011
449	0.00000010
450	0.00000010
451	0.00000010
452	0.00000009
453	0.00000009
454	0.00000009
455	0.00000008
456	0.00000008
457	0.00000008
458	0.00000008
459	0.00000007
460	0.00000007
461	0.00000007
462	0.00000007
463	0.00000007
464	0.00000006
465	0.00000006
466	0.00000006
467	0.00000006
468	0.00000006
469	0.00000005
470	0.00000005
471	0.00000005
472	0.00000005
473	0.00000005
474	0.00000005
475	0.00000004
476	0.00000004
477	0.00000004
478	0.00000004
479	0.00000004
480	0.00000004
481	0.00000004
482	0.00000004
483	0.00000003
484	0.00000003
485	0.00000003
486	0.00000003
487	0.00000003
488	0.00000003
489	0.00000003
490	0.00000003
491	0.00000003
492	0.00000003
493	0.00000003
494	0.00000002
495	0.00000002
496	0.00000002
497	0.00000002
498	0.00000002
499	0.00000002
500	0.00000002
501	0.00000002
502	0.00000002
503	0.00000002
504	0.00000002
505	0.00000002
506	0.00000002
507	0.00000002
508	0.00000002
509	0.00000002
510	0.00000001
511	0.00000001
512	0.00000001
513	0.00000001
514	0.00000001
515	0.00000001
516	0.00000001
517	0.00000001
518	0.00000001
519	0.00000001
520	0.00000001
521	0.00000001
522	0.00000001
523	0.00000001
524	0.00000001
525	0.00000001
526	0.00000001
527	0.00000001
528	0.00000001
529	0.00000001
530	0.00000001
531	0.00000001
532	0.00000001
533	0.00000001
534	0.00000001
535	0.00000001
536	0.00000001
537	0.00000001
538	0.00000001
539	0.00000001
540	0.00000001
541	0.00000001
542	0.00000001
543	0.00000001
544	0.00000001
545	0.00000000
546	0.00000000
547	0.00000000
548	0.00000000
549	0.00000000
550	0.00000000
551	0.00000000
552	0.00000000
553	0.00000000
554	0.00000000
555	0.00000000
556	0.00000000
557	0.00000000
558	0.00000000
559	0.00000000
560	0.00000000
561	0.00000000
562	0.00000000
563	0.00000000
564	0.00000000
565	0.00000000
566	0.00000000
567	0.00000000
568	0.00000000
569	0.00000000
570	0.00000000
571	0.00000000
572	0.00000000
573	0.00000000
574	0.00000000
575	0.00000000
576	0.00000000
577	0.00000000
578	0.00000000
579	0.00000000
580	0.00000000
581	0.00000000
582	0.00000000
583	0.00000000
584	0.00000000
585	0.00000000
586	0.00000000
587	0.00000000
588	0.00000000
589	0.00000000
590	0.00000000
591	0.00000000
592	0.00000000
593	0.00000000
594	0.00000000
595	0.00000000
596	0.00000000
597	0.00000000
598	0.00000000
599	0.00000000
600	0.00000000
601	0.00000000
602	0.00000000
603	0.00000000
604	0.00000000
605	0.00000000
606	0.00000000
607	0.00000000
608	0.00000000
609	0.00000000
610	0.00000000
611	0.00000000
612	0.00000000
613	0.00000000
614	0.00000000
615	0.00000000
616	0.00000000
617	0.00000000
618	0.00000000
619	0.00000000
620	0.00000000
621	0.00000000
622	0.00000000
623	0.00000000
624	0.00000000
625	0.00000000
626	0.00000000
627	0.00000000
628	0.00000000
629	0.00000000
630	0.00000000
631	0.00000000
632	0.00000000
633	0.00000000
634	0.00000000
635	0.00000000
636	0.00000000
637	0.00000000
638	0.00000000
639	0.00000000
640	0.00000000
641	0.00000000
642	0.00000000
643	0.00000000
644	0.00000000
645	0.00000000
646	0.00000000
647	0.00000000
648	0.00000000
649	0.00000000
650	0.00000000
651	0.00000000
652	0.00000000
653	0.00000000
654	0.00000000
655	0.00000000
656	0.00000000
657	0.00000000
658	0.00000000
659	0.00000000
660	0.00000000
661	0.00000000
662	0.00000000
663	0.00000000
664	0.00000000
665	0.00000000
666	0.00000000
667	0.00000000
668	0.00000000
669	0.00000000
670	0.00000000
671	0.00000000
672	0.00000000
673	0.00000000
674	0.00000000
675	0.00000000
676	0.00000000
677	0.00000000
678	0.00000000
679	0.00000000
680	0.00000000
681	0.00000000
682	0.00000000
683	0.00000000
684	0.00000000
685	0.00000000
686	0.00000000
687	0.00000000
688	0.00000000
689	0.00000000
690	0.00000000
691	0.00000000
692	0.00000000
693	0.00000000
694	0.00000000
695	0.00000000
696	0.00000000
697	0.00000000
698	0.00000000
699	0.00000000
700	0.00000000
701	0.00000000
702	0.00000000
703	0.00000000
704	0.00000000
705	0.00000000
706	0.00000000
707	0.00000000
708	0.00000000
709	0.00000000
710	0.00000000
711	0.00000000
712	0.00000000
713	0.00000000
714	0.00000000
715	0.00000000
716	0.00000000
717	0.00000000
718	0.00000000
719	0.00000000
720	0.00000000
721	0.00000000
722	0.00000000
723	0.00000000
724	0.00000000
725	0.00000000
726	0.00000000
727	0.00000000
728	0.00000000
729	0.00000000
730	0.00000000
731	0.00000000
732	0.00000000
733	0.00000000
734	0.00000000
735	0.00000000
736	0.00000000
737	0.00000000
738	0.00000000
739	0.00000000
740	0.00000000
741	0.00000000
742	0.00000000
743	0.00000000
744	0.00000000
745	0.00000000
746	0.00000000
747	0.00000000
748	0.00000000
749	0.00000000
750	0.00000000
751	0.00000000
752	0.00000000
753	0.00000000
754	0.00000000
755	0.00000000
756	0.00000000
757	0.00000000
758	0.00000000
759	0.00000000
760	0.00000000
761	0.00000000
762	0.00000000
763	0.00000000
764	0.00000000
765	0.00000000
766	0.00000000
767	0.00000000
768	0.00000000
769	0.00000000
770	0.00000000
771	0.00000000
772	0.00000000
773	0.00000000
774	0.00000000
775	0.00000000
776	0.00000000
777	0.00000000
778	0.00000000
779	0.00000000
780	0.00000000
781	0.00000000
782	0.00000000
783	0.00000000
784	0.00000000
785	0.00000000
786	0.00000000
787	0.00000000
788	0.00000000
789	0.00000000
790	0.00000000
791	0.00000000
792	0.00000000
793	0.00000000
794	0.00000000
795	0.00000000
796	0.00000000
797	0.00000000
798	0.00000000
799	0.00000000
800	0.00000000
801	0.00000000
802	0.00000000
803	0.00000000
804	0.00000000
805	0.00000000
806	0.00000000
807	0.00000000
808	0.00000000
809	0.00000000
810	0.00000000
811	0.00000000
812	0.00000000
813	0.00000000
814	0.00000000
815	0.00000000
816	0.00000000
817	0.00000000
818	0.00000000
819	0.00000000
820	0.00000000
821	0.00000000
822	0.00000000
823	0.00000000
824	0.00000000
825	0.00000000
826	0.00000000
827	0.00000000
828	0.00000000
829	0.00000000
830	0.00000000
831	0.00000000
832	0.00000000
833	0.00000000
834	0.00000000
835	0.00000000
836	0.00000000
837	0.00000000
838	0.00000000
839	0.00000000
840	0.00000000
841	0.00000000
842	0.00000000
843	0.00000000
844	0.00000000
845	0.00000000
846	0.00000000
847	0.00000000
848	0.00000000
849	0.00000000
850	0.00000000
851	0.00000000
852	0.00000000
853	0.00000000
854	0.00000000
855	0.00000000
856	0.00000000
857	0.00000000
858	0.00000000
859	0.00000000
860	0.00000000
861	0.00000000
862	0.00000000
863	0.00000000
864	0.00000000
865	0.00000000
866	0.00000000
867	0.00000000
868	0.00000000
869	0.00000000
870	0.00000000
871	0.00000000
872	0.00000000
873	0.00000000
874	0.00000000
875	0.00000000
876	0.00000000
877	0.00000000
878	0.00000000
879	0.00000000
880	0.00000000
881	0.00000000
882	0.00000000
883	0.00000000
884	0.00000000
885	0.00000000
886	0.00000000
887	0.00000000
888	0.00000000
889	0.00000000
890	0.00000000
891	0.00000000
892	0.00000000
893	0.00000000
894	0.00000000
895	0.00000000
896	0.00000000
897	0.00000000
898	0.00000000
899	0.00000000
900	0.00000000
901	0.00000000
902	0.00000000
903	0.00000000
904	0.00000000
905	0.00000000
906	0.00000000
907	0.00000000
908	0.00000000
909	0.00000000
910	0.00000000
911	0.00000000
912	0.00000000
913	0.00000000
914	0.00000000
915	0.00000000
916	0.00000000
917	0.00000000
918	0.00000000
919	0.00000000
920	0.00000000
921	0.00000000
922	0.00000000
923	0.00000000
924	0.00000000
925	0.00000000
926	0.00000000
927	0.00000000
928	0.00000000
929	0.00000000
930	0.00000000
931	0.00000000
932	0.00000000
933	0.00000000
934	0.00000000
935	0.00000000
936	0.00000000
937	0.00000000
938	0.00000000
939	0.00000000
940	0.00000000
941	0.00000000
942	0.00000000
943	0.00000000
944	0.00000000
945	0.00000000
946	0.00000000
947	0.00000000
948	0.00000000
949	0.00000000
950	0.00000000
951	0.00000000
952	0.00000000
953	0.00000000
954	0.00000000
955	0.00000000
956	0.00000000
957	0.00000000
958	0.00000000
959	0.00000000
960	0.00000000
961	0.00000000
962	0.00000000
963	0.00000000
964	0.00000000
965	0.00000000
966	0.00000000
967	0.00000000
968	0.00000000
969	0.00000000
970	0.00000000
971	0.00000000
972	0.00000000
973	0.00000000
974	0.00000000
975	0.00000000
976	0.00000000
977	0.00000000
978	0.00000000
979	0.00000000
980	0.00000000
981	0.00000000
982	0.00000000
983	0.00000000
984	0.00000000
985	0.00000000
986	0.00000000
987	0.00000000
988	0.00000000
989	0.00000000
990	0.00000000
991	0.00000000
992	0.00000000
993	0.00000000
994	0.00000000
995	0.00000000
996	0.00000000
997	0.00000000
998	0.00000000
999	0.00000000
