0	0.00000000
1	0.00000000
2	0.00000000
3	0.00000000
4	0.00000000
5	0.00000000
6	0.00000000
7	0.00000000
8	0.00000000
9	0.00000000
10	0.00000000
11	0.00000000
12	0.00000000
13	0.00369639
14	0.02528733
15	0.02123329
16	0.02764194
17	0.02667590
18	0.03552332
19	0.04080534
20	0.04419160
21	0.04059607
22	0.03853910
23	0.03416757
24	0.03121071
25	0.02827914
26	0.02630086
27	0.02397231
28	0.02294287
29	0.02115406
30	0.01991490
31	0.01905513
32	0.02075715
33	0.02278774
34	0.02425125
35	0.02644878
36	0.02719422
37	0.02695270
38	0.02694579
39	0.02703470
40	0.02641691
41	0.02620183
42	0.02595720
43	0.02532717
44	0.02467440
45	0.02413326
46	0.02362830
47	0.02290272
48	0.02263346
49	0.02225202
50	0.02173496
51	0.02117657
52	0.02056339
53	0.01984592
54	0.01904821
55	0.01912077
56	0.01908862
57	0.01877825
58	0.01857542
59	0.01811206
60	0.01758473
61	0.01718509
62	0.01683449
63	0.01661357
64	0.01644724
65	0.01629275
66	0.01598816
67	0.01561338
68	0.01523283
69	0.01491392
70	0.01452303
71	0.01407376
72	0.01371747
73	0.01324432
74	0.01285079
75	0.01237555
76	0.01200096
77	0.01162431
78	0.01137947
79	0.01119130
80	0.01087507
81	0.01060575
82	0.01038740
83	0.01005118
84	0.00981038
85	0.00965312
86	0.00939328
87	0.00918269
88	0.00891012
89	0.00868255
90	0.00839953
91	0.00809543
92	0.00785423
93	0.00759176
94	0.00732765
95	0.00709280
96	0.00687141
97	0.00664338
98	0.00642580
99	0.00622072
100	0.00602544
101	0.00585662
102	0.00572192
103	0.00555527
104	0.00538506
105	0.00523116
106	0.00506835
107	0.00491211
108	0.00476728
109	0.00462840
110	0.00447854
111	0.00434126
112	0.00420998
113	0.00407311
114	0.00394679
115	0.00381887
116	0.00369949
117	0.00358356
118	0.00347176
119	0.00336355
120	0.00325735
121	0.00315558
122	0.00305688
123	0.00296143
124	0.00287169
125	0.00278660
126	0.00269864
127	0.00261662
128	0.00253367
129	0.00245569
130	0.00237901
131	0.00230543
132	0.00223406
133	0.00216489
134	0.00209775
135	0.00203272
136	0.00196964
137	0.00190850
138	0.00184923
139	0.00179178
140	0.00173610
141	0.00168215
142	0.00162987
143	0.00157923
144	0.00153015
145	0.00148261
146	0.00143654
147	0.00139191
148	0.00134870
149	0.00130685
150	0.00126630
151	0.00122699
152	0.00118891
153	0.00115201
154	0.00111625
155	0.00108160
156	0.00104803
157	0.00101550
158	0.00098398
159	0.00095344
160	0.00092385
161	0.00089517
162	0.00086739
163	0.00084046
164	0.00081437
165	0.00078909
166	0.00076459
167	0.00074086
168	0.00071786
169	0.00069557
170	0.00067398
171	0.00065305
172	0.00063278
173	0.00061314
174	0.00059410
175	0.00057566
176	0.00055779
177	0.00054047
178	0.00052370
179	0.00050744
180	0.00049169
181	0.00047642
182	0.00046163
183	0.00044730
184	0.00043342
185	0.00041996
186	0.00040693
187	0.00039429
188	0.00038205
189	0.00037019
190	0.00035870
191	0.00034757
192	0.00033678
193	0.00032632
194	0.00031619
195	0.00030638
196	0.00029687
197	0.00028765
198	0.00027872
199	0.00027007
200	0.00026168
201	0.00025356
202	0.00024569
203	0.00023806
204	0.00023067
205	0.00022351
206	0.00021657
207	0.00020985
208	0.00020334
209	0.00019702
210	0.00019091
211	0.00018498
212	0.00017924
213	0.00017367
214	0.00016828
215	0.00016306
216	0.00015800
217	0.00015309
218	0.00014834
219	0.00014374
220	0.00013927
221	0.00013495
222	0.00013076
223	0.00012670
224	0.00012277
225	0.00011896
226	0.00011526
227	0.00011169
228	0.00010822
229	0.00010486
230	0.00010160
231	0.00009845
232	0.00009539
233	0.00009243
234	0.00008956
235	0.00008678
236	0.00008409
237	0.00008148
238	0.00007895
239	0.00007650
240	0.00007412
241	0.00007182
242	0.00006959
243	0.00006743
244	0.00006534
245	0.00006331
246	0.00006135
247	0.00005944
248	0.00005760
249	0.00005581
250	0.00005408
251	0.00005240
252	0.00005077
253	0.00004919
254	0.00004767
255	0.00004619
256	0.00004475
257	0.00004336
258	0.00004202
259	0.00004071
260	0.00003945
261	0.00003823
262	0.00003704
263	0.00003589
264	0.00003477
265	0.00003370
266	0.00003265
267	0.00003164
268	0.00003065
269	0.00002970
270	0.00002878
271	0.00002789
272	0.00002702
273	0.00002618
274	0.00002537
275	0.00002458
276	0.00002382
277	0.00002308
278	0.00002236
279	0.00002167
280	0.00002100
281	0.00002034
282	0.00001971
283	0.00001910
284	0.00001851
285	0.00001793
286	0.00001738
287	0.00001684
288	0.00001631
289	0.00001581
290	0.00001532
291	0.00001484
292	0.00001438
293	0.00001393
294	0.00001350
295	0.00001308
296	0.00001268
297	0.00001228
298	0.00001190
299	0.00001153
300	0.00001117
301	0.00001083
302	0.00001049
303	0.00001017
304	0.00000985
305	0.00000954
306	0.00000925
307	0.00000896
308	0.00000868
309	0.00000841
310	0.00000815
311	0.00000790
312	0.00000765
313	0.00000742
314	0.00000719
315	0.00000696
316	0.00000675
317	0.00000654
318	0.00000633
319	0.00000614
320	0.00000595
321	0.00000576
322	0.00000558
323	0.00000541
324	0.00000524
325	0.00000508
326	0.00000492
327	0.00000477
328	0.00000462
329	0.00000448
330	0.00000434
331	0.00000420
332	0.00000407
333	0.00000395
334	0.00000382
335	0.00000371
336	0.00000359
337	0.00000348
338	0.00000337
339	0.00000327
340	0.00000317
341	0.00000307
342	0.00000297
343	0.00000288
344	0.00000279
345	0.00000270
346	0.00000262
347	0.00000254
348	0.00000246
349	0.00000238
350	0.00000231
351	0.00000224
352	0.00000217
353	0.00000210
354	0.00000204
355	0.00000197
356	0.00000191
357	0.00000185
358	0.00000179
359	0.00000174
360	0.00000168
361	0.00000163
362	0.00000158
363	0.00000153
364	0.00000148
365	0.00000144
366	0.00000139
367	0.00000135
368	0.00000131
369	0.00000127
370	0.00000123
371	0.00000119
372	0.00000115
373	0.00000112
374	0.00000108
375	0.00000105
376	0.00000102
377	0.00000099
378	0.00000095
379	0.00000093
380	0.00000090
381	0.00000087
382	0.00000084
383	0.00000082
384	0.00000079
385	0.00000077
386	0.00000074
387	0.00000072
388	0.00000070
389	0.00000068
390	0.00000065
391	0.00000063
392	0.00000061
393	0.00000060
394	0.00000058
395	0.00000056
396	0.00000054
397	0.00000052
398	0.00000051
399	0.00000049
400	0.00000048
401	0.00000046
402	0.00000045
403	0.00000043
404	0.00000042
405	0.00000041
406	0.00000039
407	0.00000038
408	0.00000037
409	0.00000036
410	0.00000035
411	0.00000034
412	0.00000033
413	0.00000032
414	0.00000031
415	0.00000030
416	0.00000029
417	0.00000028
418	0.00000027
419	0.00000026
420	0.00000025
421	0.00000025
422	0.00000024
423	0.00000023
424	0.00000022
425	0.00000022
426	0.00000021
427	0.00000020
428	0.00000020
429	0.00000019
430	0.00000019
431	0.00000018
432	0.00000017
433	0.00000017
434	0.00000016
435	0.00000016
436	0.00000015
437	0.00000015
438	0.00000014
439	0.00000014
440	0.00000014
441	0.00000013
442	0.00000013
443	0.00000012
444	0.00000012
445	0.00000012
446	0.00000011
447	0.00000011
448	0.00000011
449	0.00000010
450	0.00000010
451	0.00000010
452	0.00000009
453	0.00000009
454	0.00000009
455	0.00000008
456	0.00000008
457	0.00000008
458	0.00000008
459	0.00000007
460	0.00000007
461	0.00000007
462	0.00000007
463	0.00000007
464	0.00000006
465	0.00000006
466	0.00000006
467	0.00000006
468	0.00000006
469	0.00000005
470	0.00000005
471	0.00000005
472	0.00000005
473	0.00000005
474	0.00000005
475	0.00000004
476	0.00000004
477	0.00000004
478	0.00000004
479	0.00000004
480	0.00000004
481	0.00000004
482	0.00000004
483	0.00000003
484	0.00000003
485	0.00000003
486	0.00000003
487	0.00000003
488	0.00000003
489	0.00000003
490	0.00000003
491	0.00000003
492	0.00000003
493	0.00000003
494	0.00000002
495	0.00000002
496	0.00000002
497	0.00000002
498	0.00000002
499	0.00000002
500	0.00000002
501	0.00000002
502	0.00000002
503	0.00000002
504	0.00000002
505	0.00000002
506	0.00000002
507	0.00000002
508	0.00000002
509	0.00000002
510	0.00000001
511	0.00000001
512	0.00000001
513	0.00000001
514	0.00000001
515	0.00000001
516	0.00000001
517	0.00000001
518	0.00000001
519	0.00000001
520	0.00000001
521	0.00000001
522	0.00000001
523	0.00000001
524	0.00000001
525	0.00000001
526	0.00000001
527	0.00000001
528	0.00000001
529	0.00000001
530	0.00000001
531	0.00000001
532	0.00000001
533	0.00000001
534	0.00000001
535	0.00000001
536	0.00000001
537	0.00000001
538	0.00000001
539	0.00000001
540	0.00000001
541	0.00000001
542	0.00000001
543	0.00000001
544	0.00000001
545	0.00000000
546	0.00000000
547	0.00000000
548	0.00000000
549	0.00000000
550	0.00000000
551	0.00000000
552	0.00000000
553	0.00000000
554	0.00000000
555	0.00000000
556	0.00000000
557	0.00000000
558	0.00000000
559	0.00000000
560	0.00000000
561	0.00000000
562	0.00000000
563	0.00000000
564	0.00000000
565	0.00000000
566	0.00000000
567	0.00000000
568	0.00000000
569	0.00000000
570	0.00000000
571	0.00000000
572	0.00000000
573	0.00000000
574	0.00000000
575	0.00000000
576	0.00000000
577	0.00000000
578	0.00000000
579	0.00000000
580	0.00000000
581	0.00000000
582	0.00000000
583	0.00000000
584	0.00000000
585	0.00000000
586	0.00000000
587	0.00000000
588	0.00000000
589	0.00000000
590	0.00000000
591	0.00000000
592	0.00000000
593	0.00000000
594	0.00000000
595	0.00000000
596	0.00000000
597	0.00000000
598	0.00000000
599	0.00000000
600	0.00000000
601	0.00000000
602	0.00000000
603	0.00000000
604	0.00000000
605	0.00000000
606	0.00000000
607	0.00000000
608	0.00000000
609	0.00000000
610	0.00000000
611	0.00000000
612	0.00000000
613	0.00000000
614	0.00000000
615	0.00000000
616	0.00000000
617	0.00000000
618	0.00000000
619	0.00000000
620	0.00000000
621	0.00000000
622	0.00000000
623	0.00000000
624	0.00000000
625	0.00000000
626	0.00000000
627	0.00000000
628	0.00000000
629	0.00000000
630	0.00000000
631	0.00000000
632	0.00000000
633	0.00000000
634	0.00000000
635	0.00000000
636	0.00000000
637	0.00000000
638	0.00000000
639	0.00000000
640	0.00000000
641	0.00000000
642	0.00000000
643	0.00000000
644	0.00000000
645	0.00000000
646	0.00000000
647	0.00000000
648	0.00000000
649	0.00000000
650	0.00000000
651	0.00000000
652	0.00000000
653	0.00000000
654	0.00000000
655	0.00000000
656	0.00000000
657	0.00000000
658	0.00000000
659	0.00000000
660	0.00000000
661	0.00000000
662	0.00000000
663	0.00000000
664	0.00000000
665	0.00000000
666	0.00000000
667	0.00000000
668	0.00000000
669	0.00000000
670	0.00000000
671	0.00000000
672	0.00000000
673	0.00000000
674	0.00000000
675	0.00000000
676	0.00000000
677	0.00000000
678	0.00000000
679	0.00000000
680	0.00000000
681	0.00000000
682	0.00000000
683	0.00000000
684	0.00000000
685	0.00000000
686	0.00000000
687	0.00000000
688	0.00000000
689	0.00000000
690	0.00000000
691	0.00000000
692	0.00000000
693	0.00000000
694	0.00000000
695	0.00000000
696	0.00000000
697	0.00000000
698	0.00000000
699	0.00000000
700	0.00000000
701	0.00000000
702	0.00000000
703	0.00000000
704	0.00000000
705	0.00000000
706	0.00000000
707	0.00000000
708	0.00000000
709	0.00000000
710	0.00000000
711	0.00000000
712	0.00000000
713	0.00000000
714	0.00000000
715	0.00000000
716	0.00000000
717	0.00000000
718	0.00000000
719	0.00000000
720	0.00000000
721	0.00000000
722	0.00000000
723	0.00000000
724	0.00000000
725	0.00000000
726	0.00000000
727	0.00000000
728	0.00000000
729	0.00000000
730	0.00000000
731	0.00000000
732	0.00000000
733	0.00000000
734	0.00000000
735	0.00000000
736	0.00000000
737	0.00000000
738	0.00000000
739	0.00000000
740	0.00000000
741	0.00000000
742	0.00000000
743	0.00000000
744	0.00000000
745	0.00000000
746	0.00000000
747	0.00000000
748	0.00000000
749	0.00000000
750	0.00000000
751	0.00000000
752	0.00000000
753	0.00000000
754	0.00000000
755	0.00000000
756	0.00000000
757	0.00000000
758	0.00000000
759	0.00000000
760	0.00000000
761	0.00000000
762	0.00000000
763	0.00000000
764	0.00000000
765	0.00000000
766	0.00000000
767	0.00000000
768	0.00000000
769	0.00000000
770	0.00000000
771	0.00000000
772	0.00000000
773	0.00000000
774	0.00000000
775	0.00000000
776	0.00000000
777	0.00000000
778	0.00000000
779	0.00000000
780	0.00000000
781	0.00000000
782	0.00000000
783	0.00000000
784	0.00000000
785	0.00000000
786	0.00000000
787	0.00000000
788	0.00000000
789	0.00000000
790	0.00000000
791	0.00000000
792	0.00000000
793	0.00000000
794	0.00000000
795	0.00000000
796	0.00000000
797	0.00000000
798	0.00000000
799	0.00000000
800	0.00000000
801	0.00000000
802	0.00000000
803	0.00000000
804	0.00000000
805	0.00000000
806	0.00000000
807	0.00000000
808	0.00000000
809	0.00000000
810	0.00000000
811	0.00000000
812	0.00000000
813	0.00000000
814	0.00000000
815	0.00000000
816	0.00000000
817	0.00000000
818	0.00000000
819	0.00000000
820	0.00000000
821	0.00000000
822	0.00000000
823	0.00000000
824	0.00000000
825	0.00000000
826	0.00000000
827	0.00000000
828	0.00000000
829	0.00000000
830	0.00000000
831	0.00000000
832	0.00000000
833	0.00000000
834	0.00000000
835	0.00000000
836	0.00000000
837	0.00000000
838	0.00000000
839	0.00000000
840	0.00000000
841	0.00000000
842	0.00000000
843	0.00000000
844	0.00000000
845	0.00000000
846	0.00000000
847	0.00000000
848	0.00000000
849	0.00000000
850	0.00000000
851	0.00000000
852	0.00000000
853	0.00000000
854	0.00000000
855	0.00000000
856	0.00000000
857	0.00000000
858	0.00000000
859	0.00000000
860	0.00000000
861	0.00000000
862	0.00000000
863	0.00000000
864	0.00000000
865	0.00000000
866	0.00000000
867	0.00000000
868	0.00000000
869	0.00000000
870	0.00000000
871	0.00000000
872	0.00000000
873	0.00000000
874	0.00000000
875	0.00000000
876	0.00000000
877	0.00000000
878	0.00000000
879	0.00000000
880	0.00000000
881	0.00000000
882	0.00000000
883	0.00000000
884	0.00000000
885	0.00000000
886	0.00000000
887	0.00000000
888	0.00000000
889	0.00000000
890	0.00000000
891	0.00000000
892	0.00000000
893	0.00000000
894	0.00000000
895	0.00000000
896	0.00000000
897	0.00000000
898	0.00000000
899	0.00000000
900	0.00000000
901	0.00000000
902	0.00000000
903	0.00000000
904	0.00000000
905	0.00000000
906	0.00000000
907	0.00000000
908	0.00000000
909	0.00000000
910	0.00000000
911	0.00000000
912	0.00000000
913	0.00000000
914	0.00000000
915	0.00000000
916	0.00000000
917	0.00000000
918	0.00000000
919	0.00000000
920	0.00000000
921	0.00000000
922	0.00000000
923	0.00000000
924	0.00000000
925	0.00000000
926	0.00000000
927	0.00000000
928	0.00000000
929	0.00000000
930	0.00000000
931	0.00000000
932	0.00000000
933	0.00000000
934	0.00000000
935	0.00000000
936	0.00000000
937	0.00000000
938	0.00000000
939	0.00000000
940	0.00000000
941	0.00000000
942	0.00000000
943	0.00000000
944	0.00000000
945	0.00000000
946	0.00000000
947	0.00000000
948	0.00000000
949	0.00000000
950	0.00000000
951	0.00000000
952	0.00000000
953	0.00000000
954	0.00000000
955	0.00000000
956	0.00000000
957	0.00000000
958	0.00000000
959	0.00000000
960	0.00000000
961	0.00000000
962	0.00000000
963	0.00000000
964	0.00000000
965	0.00000000
966	0.00000000
967	0.00000000
968	0.00000000
969	0.00000000
970	0.00000000
971	0.00000000
972	0.00000000
973	0.00000000
974	0.00000000
975	0.00000000
976	0.00000000
977	0.00000000
978	0.00000000
979	0.00000000
980	0.00000000
981	0.00000000
982	0.00000000
983	0.00000000
984	0.00000000
985	0.00000000
986	0.00000000
987	0.00000000
988	0.00000000
989	0.00000000
990	0.00000000
991	0.00000000
992	0.00000000
993	0.00000000
994	0.00000000
995	0.00000000
996	0.00000000
997	0.00000000
998	0.00000000
999	0.00000000
