0	0.00000000
1	0.00000000
2	0.00000000
3	0.00000000
4	0.00000000
5	0.00000000
6	0.00000000
7	0.00000000
8	0.00000000
9	0.00000000
10	0.00000000
11	0.00000000
12	0.00000000
13	0.00485973
14	0.03339702
15	0.02847673
16	0.03246566
17	0.02923772
18	0.03591484
19	0.04015467
20	0.04309653
21	0.03885449
22	0.03628594
23	0.03100934
24	0.02745109
25	0.02442020
26	0.02312760
27	0.02157951
28	0.02087018
29	0.01949109
30	0.01880287
31	0.01838124
32	0.02133606
33	0.02438794
34	0.02563676
35	0.02824841
36	0.02942286
37	0.02876968
38	0.02777581
39	0.02745354
40	0.02651689
41	0.02631388
42	0.02558187
43	0.02525193
44	0.02461440
45	0.02428060
46	0.02419454
47	0.02332198
48	0.02295158
49	0.02247714
50	0.02188101
51	0.02141172
52	0.02059699
53	0.02002879
54	0.01937930
55	0.01953512
56	0.01954867
57	0.01925366
58	0.01916300
59	0.01873967
60	0.01816172
61	0.01761369
62	0.01716643
63	0.01696476
64	0.01684231
65	0.01660571
66	0.01644418
67	0.01599054
68	0.01554336
69	0.01520197
70	0.01482847
71	0.01434789
72	0.01400554
73	0.01351611
74	0.01313071
75	0.01262842
76	0.01230258
77	0.01189446
78	0.01172763
79	0.01152369
80	0.01124969
81	0.01095473
82	0.01075789
83	0.01043936
84	0.01015470
85	0.00992097
86	0.00965824
87	0.00943352
88	0.00915392
89	0.00888569
90	0.00863244
91	0.00833605
92	0.00806287
93	0.00782331
94	0.00754062
95	0.00728888
96	0.00709027
97	0.00684268
98	0.00661399
99	0.00641003
100	0.00620769
101	0.00604120
102	0.00590991
103	0.00574431
104	0.00556467
105	0.00541889
106	0.00524425
107	0.00507356
108	0.00491509
109	0.00476599
110	0.00461788
111	0.00447272
112	0.00434062
113	0.00420779
114	0.00407031
115	0.00393813
116	0.00381773
117	0.00369764
118	0.00358232
119	0.00347071
120	0.00336052
121	0.00325558
122	0.00315388
123	0.00305546
124	0.00296230
125	0.00287712
126	0.00278600
127	0.00270122
128	0.00261560
129	0.00253525
130	0.00245583
131	0.00237963
132	0.00230577
133	0.00223425
134	0.00216504
135	0.00209790
136	0.00203280
137	0.00196967
138	0.00190847
139	0.00184916
140	0.00179168
141	0.00173598
142	0.00168203
143	0.00162976
144	0.00157911
145	0.00153004
146	0.00148250
147	0.00143645
148	0.00139187
149	0.00134869
150	0.00130685
151	0.00126630
152	0.00122700
153	0.00118892
154	0.00115202
155	0.00111626
156	0.00108161
157	0.00104805
158	0.00101551
159	0.00098399
160	0.00095345
161	0.00092386
162	0.00089518
163	0.00086739
164	0.00084046
165	0.00081437
166	0.00078909
167	0.00076459
168	0.00074085
169	0.00071785
170	0.00069557
171	0.00067397
172	0.00065305
173	0.00063278
174	0.00061313
175	0.00059410
176	0.00057566
177	0.00055779
178	0.00054047
179	0.00052369
180	0.00050744
181	0.00049169
182	0.00047642
183	0.00046163
184	0.00044730
185	0.00043342
186	0.00041996
187	0.00040693
188	0.00039429
189	0.00038205
190	0.00037019
191	0.00035870
192	0.00034757
193	0.00033678
194	0.00032632
195	0.00031619
196	0.00030638
197	0.00029687
198	0.00028765
199	0.00027872
200	0.00027007
201	0.00026168
202	0.00025356
203	0.00024569
204	0.00023806
205	0.00023067
206	0.00022351
207	0.00021657
208	0.00020985
209	0.00020334
210	0.00019702
211	0.00019091
212	0.00018498
213	0.00017924
214	0.00017367
215	0.00016828
216	0.00016306
217	0.00015800
218	0.00015309
219	0.00014834
220	0.00014374
221	0.00013927
222	0.00013495
223	0.00013076
224	0.00012670
225	0.00012277
226	0.00011896
227	0.00011526
228	0.00011169
229	0.00010822
230	0.00010486
231	0.00010160
232	0.00009845
233	0.00009539
234	0.00009243
235	0.00008956
236	0.00008678
237	0.00008409
238	0.00008148
239	0.00007895
240	0.00007650
241	0.00007412
242	0.00007182
243	0.00006959
244	0.00006743
245	0.00006534
246	0.00006331
247	0.00006135
248	0.00005944
249	0.00005760
250	0.00005581
251	0.00005408
252	0.00005240
253	0.00005077
254	0.00004919
255	0.00004767
256	0.00004619
257	0.00004475
258	0.00004336
259	0.00004202
260	0.00004071
261	0.00003945
262	0.00003823
263	0.00003704
264	0.00003589
265	0.00003477
266	0.00003370
267	0.00003265
268	0.00003164
269	0.00003065
270	0.00002970
271	0.00002878
272	0.00002789
273	0.00002702
274	0.00002618
275	0.00002537
276	0.00002458
277	0.00002382
278	0.00002308
279	0.00002236
280	0.00002167
281	0.00002100
282	0.00002034
283	0.00001971
284	0.00001910
285	0.00001851
286	0.00001793
287	0.00001738
288	0.00001684
289	0.00001631
290	0.00001581
291	0.00001532
292	0.00001484
293	0.00001438
294	0.00001393
295	0.00001350
296	0.00001308
297	0.00001268
298	0.00001228
299	0.00001190
300	0.00001153
301	0.00001117
302	0.00001083
303	0.00001049
304	0.00001017
305	0.00000985
306	0.00000954
307	0.00000925
308	0.00000896
309	0.00000868
310	0.00000841
311	0.00000815
312	0.00000790
313	0.00000765
314	0.00000742
315	0.00000719
316	0.00000696
317	0.00000675
318	0.00000654
319	0.00000633
320	0.00000614
321	0.00000595
322	0.00000576
323	0.00000558
324	0.00000541
325	0.00000524
326	0.00000508
327	0.00000492
328	0.00000477
329	0.00000462
330	0.00000448
331	0.00000434
332	0.00000420
333	0.00000407
334	0.00000395
335	0.00000382
336	0.00000371
337	0.00000359
338	0.00000348
339	0.00000337
340	0.00000327
341	0.00000317
342	0.00000307
343	0.00000297
344	0.00000288
345	0.00000279
346	0.00000270
347	0.00000262
348	0.00000254
349	0.00000246
350	0.00000238
351	0.00000231
352	0.00000224
353	0.00000217
354	0.00000210
355	0.00000204
356	0.00000197
357	0.00000191
358	0.00000185
359	0.00000179
360	0.00000174
361	0.00000168
362	0.00000163
363	0.00000158
364	0.00000153
365	0.00000148
366	0.00000144
367	0.00000139
368	0.00000135
369	0.00000131
370	0.00000127
371	0.00000123
372	0.00000119
373	0.00000115
374	0.00000112
375	0.00000108
376	0.00000105
377	0.00000102
378	0.00000099
379	0.00000095
380	0.00000093
381	0.00000090
382	0.00000087
383	0.00000084
384	0.00000082
385	0.00000079
386	0.00000077
387	0.00000074
388	0.00000072
389	0.00000070
390	0.00000068
391	0.00000065
392	0.00000063
393	0.00000061
394	0.00000060
395	0.00000058
396	0.00000056
397	0.00000054
398	0.00000052
399	0.00000051
400	0.00000049
401	0.00000048
402	0.00000046
403	0.00000045
404	0.00000043
405	0.00000042
406	0.00000041
407	0.00000039
408	0.00000038
409	0.00000037
410	0.00000036
411	0.00000035
412	0.00000034
413	0.00000033
414	0.00000032
415	0.00000031
416	0.00000030
417	0.00000029
418	0.00000028
419	0.00000027
420	0.00000026
421	0.00000025
422	0.00000025
423	0.00000024
424	0.00000023
425	0.00000022
426	0.00000022
427	0.00000021
428	0.00000020
429	0.00000020
430	0.00000019
431	0.00000019
432	0.00000018
433	0.00000017
434	0.00000017
435	0.00000016
436	0.00000016
437	0.00000015
438	0.00000015
439	0.00000014
440	0.00000014
441	0.00000014
442	0.00000013
443	0.00000013
444	0.00000012
445	0.00000012
446	0.00000012
447	0.00000011
448	0.00000011
449	0.00000011
450	0.00000010
451	0.00000010
452	0.00000010
453	0.00000009
454	0.00000009
455	0.00000009
456	0.00000008
457	0.00000008
458	0.00000008
459	0.00000008
460	0.00000007
461	0.00000007
462	0.00000007
463	0.00000007
464	0.00000007
465	0.00000006
466	0.00000006
467	0.00000006
468	0.00000006
469	0.00000006
470	0.00000005
471	0.00000005
472	0.00000005
473	0.00000005
474	0.00000005
475	0.00000005
476	0.00000004
477	0.00000004
478	0.00000004
479	0.00000004
480	0.00000004
481	0.00000004
482	0.00000004
483	0.00000004
484	0.00000003
485	0.00000003
486	0.00000003
487	0.00000003
488	0.00000003
489	0.00000003
490	0.00000003
491	0.00000003
492	0.00000003
493	0.00000003
494	0.00000003
495	0.00000002
496	0.00000002
497	0.00000002
498	0.00000002
499	0.00000002
500	0.00000002
501	0.00000002
502	0.00000002
503	0.00000002
504	0.00000002
505	0.00000002
506	0.00000002
507	0.00000002
508	0.00000002
509	0.00000002
510	0.00000002
511	0.00000001
512	0.00000001
513	0.00000001
514	0.00000001
515	0.00000001
516	0.00000001
517	0.00000001
518	0.00000001
519	0.00000001
520	0.00000001
521	0.00000001
522	0.00000001
523	0.00000001
524	0.00000001
525	0.00000001
526	0.00000001
527	0.00000001
528	0.00000001
529	0.00000001
530	0.00000001
531	0.00000001
532	0.00000001
533	0.00000001
534	0.00000001
535	0.00000001
536	0.00000001
537	0.00000001
538	0.00000001
539	0.00000001
540	0.00000001
541	0.00000001
542	0.00000001
543	0.00000001
544	0.00000001
545	0.00000001
546	0.00000000
547	0.00000000
548	0.00000000
549	0.00000000
550	0.00000000
551	0.00000000
552	0.00000000
553	0.00000000
554	0.00000000
555	0.00000000
556	0.00000000
557	0.00000000
558	0.00000000
559	0.00000000
560	0.00000000
561	0.00000000
562	0.00000000
563	0.00000000
564	0.00000000
565	0.00000000
566	0.00000000
567	0.00000000
568	0.00000000
569	0.00000000
570	0.00000000
571	0.00000000
572	0.00000000
573	0.00000000
574	0.00000000
575	0.00000000
576	0.00000000
577	0.00000000
578	0.00000000
579	0.00000000
580	0.00000000
581	0.00000000
582	0.00000000
583	0.00000000
584	0.00000000
585	0.00000000
586	0.00000000
587	0.00000000
588	0.00000000
589	0.00000000
590	0.00000000
591	0.00000000
592	0.00000000
593	0.00000000
594	0.00000000
595	0.00000000
596	0.00000000
597	0.00000000
598	0.00000000
599	0.00000000
600	0.00000000
601	0.00000000
602	0.00000000
603	0.00000000
604	0.00000000
605	0.00000000
606	0.00000000
607	0.00000000
608	0.00000000
609	0.00000000
610	0.00000000
611	0.00000000
612	0.00000000
613	0.00000000
614	0.00000000
615	0.00000000
616	0.00000000
617	0.00000000
618	0.00000000
619	0.00000000
620	0.00000000
621	0.00000000
622	0.00000000
623	0.00000000
624	0.00000000
625	0.00000000
626	0.00000000
627	0.00000000
628	0.00000000
629	0.00000000
630	0.00000000
631	0.00000000
632	0.00000000
633	0.00000000
634	0.00000000
635	0.00000000
636	0.00000000
637	0.00000000
638	0.00000000
639	0.00000000
640	0.00000000
641	0.00000000
642	0.00000000
643	0.00000000
644	0.00000000
645	0.00000000
646	0.00000000
647	0.00000000
648	0.00000000
649	0.00000000
650	0.00000000
651	0.00000000
652	0.00000000
653	0.00000000
654	0.00000000
655	0.00000000
656	0.00000000
657	0.00000000
658	0.00000000
659	0.00000000
660	0.00000000
661	0.00000000
662	0.00000000
663	0.00000000
664	0.00000000
665	0.00000000
666	0.00000000
667	0.00000000
668	0.00000000
669	0.00000000
670	0.00000000
671	0.00000000
672	0.00000000
673	0.00000000
674	0.00000000
675	0.00000000
676	0.00000000
677	0.00000000
678	0.00000000
679	0.00000000
680	0.00000000
681	0.00000000
682	0.00000000
683	0.00000000
684	0.00000000
685	0.00000000
686	0.00000000
687	0.00000000
688	0.00000000
689	0.00000000
690	0.00000000
691	0.00000000
692	0.00000000
693	0.00000000
694	0.00000000
695	0.00000000
696	0.00000000
697	0.00000000
698	0.00000000
699	0.00000000
700	0.00000000
701	0.00000000
702	0.00000000
703	0.00000000
704	0.00000000
705	0.00000000
706	0.00000000
707	0.00000000
708	0.00000000
709	0.00000000
710	0.00000000
711	0.00000000
712	0.00000000
713	0.00000000
714	0.00000000
715	0.00000000
716	0.00000000
717	0.00000000
718	0.00000000
719	0.00000000
720	0.00000000
721	0.00000000
722	0.00000000
723	0.00000000
724	0.00000000
725	0.00000000
726	0.00000000
727	0.00000000
728	0.00000000
729	0.00000000
730	0.00000000
731	0.00000000
732	0.00000000
733	0.00000000
734	0.00000000
735	0.00000000
736	0.00000000
737	0.00000000
738	0.00000000
739	0.00000000
740	0.00000000
741	0.00000000
742	0.00000000
743	0.00000000
744	0.00000000
745	0.00000000
746	0.00000000
747	0.00000000
748	0.00000000
749	0.00000000
750	0.00000000
751	0.00000000
752	0.00000000
753	0.00000000
754	0.00000000
755	0.00000000
756	0.00000000
757	0.00000000
758	0.00000000
759	0.00000000
760	0.00000000
761	0.00000000
762	0.00000000
763	0.00000000
764	0.00000000
765	0.00000000
766	0.00000000
767	0.00000000
768	0.00000000
769	0.00000000
770	0.00000000
771	0.00000000
772	0.00000000
773	0.00000000
774	0.00000000
775	0.00000000
776	0.00000000
777	0.00000000
778	0.00000000
779	0.00000000
780	0.00000000
781	0.00000000
782	0.00000000
783	0.00000000
784	0.00000000
785	0.00000000
786	0.00000000
787	0.00000000
788	0.00000000
789	0.00000000
790	0.00000000
791	0.00000000
792	0.00000000
793	0.00000000
794	0.00000000
795	0.00000000
796	0.00000000
797	0.00000000
798	0.00000000
799	0.00000000
800	0.00000000
801	0.00000000
802	0.00000000
803	0.00000000
804	0.00000000
805	0.00000000
806	0.00000000
807	0.00000000
808	0.00000000
809	0.00000000
810	0.00000000
811	0.00000000
812	0.00000000
813	0.00000000
814	0.00000000
815	0.00000000
816	0.00000000
817	0.00000000
818	0.00000000
819	0.00000000
820	0.00000000
821	0.00000000
822	0.00000000
823	0.00000000
824	0.00000000
825	0.00000000
826	0.00000000
827	0.00000000
828	0.00000000
829	0.00000000
830	0.00000000
831	0.00000000
832	0.00000000
833	0.00000000
834	0.00000000
835	0.00000000
836	0.00000000
837	0.00000000
838	0.00000000
839	0.00000000
840	0.00000000
841	0.00000000
842	0.00000000
843	0.00000000
844	0.00000000
845	0.00000000
846	0.00000000
847	0.00000000
848	0.00000000
849	0.00000000
850	0.00000000
851	0.00000000
852	0.00000000
853	0.00000000
854	0.00000000
855	0.00000000
856	0.00000000
857	0.00000000
858	0.00000000
859	0.00000000
860	0.00000000
861	0.00000000
862	0.00000000
863	0.00000000
864	0.00000000
865	0.00000000
866	0.00000000
867	0.00000000
868	0.00000000
869	0.00000000
870	0.00000000
871	0.00000000
872	0.00000000
873	0.00000000
874	0.00000000
875	0.00000000
876	0.00000000
877	0.00000000
878	0.00000000
879	0.00000000
880	0.00000000
881	0.00000000
882	0.00000000
883	0.00000000
884	0.00000000
885	0.00000000
886	0.00000000
887	0.00000000
888	0.00000000
889	0.00000000
890	0.00000000
891	0.00000000
892	0.00000000
893	0.00000000
894	0.00000000
895	0.00000000
896	0.00000000
897	0.00000000
898	0.00000000
899	0.00000000
900	0.00000000
901	0.00000000
902	0.00000000
903	0.00000000
904	0.00000000
905	0.00000000
906	0.00000000
907	0.00000000
908	0.00000000
909	0.00000000
910	0.00000000
911	0.00000000
912	0.00000000
913	0.00000000
914	0.00000000
915	0.00000000
916	0.00000000
917	0.00000000
918	0.00000000
919	0.00000000
920	0.00000000
921	0.00000000
922	0.00000000
923	0.00000000
924	0.00000000
925	0.00000000
926	0.00000000
927	0.00000000
928	0.00000000
929	0.00000000
930	0.00000000
931	0.00000000
932	0.00000000
933	0.00000000
934	0.00000000
935	0.00000000
936	0.00000000
937	0.00000000
938	0.00000000
939	0.00000000
940	0.00000000
941	0.00000000
942	0.00000000
943	0.00000000
944	0.00000000
945	0.00000000
946	0.00000000
947	0.00000000
948	0.00000000
949	0.00000000
950	0.00000000
951	0.00000000
952	0.00000000
953	0.00000000
954	0.00000000
955	0.00000000
956	0.00000000
957	0.00000000
958	0.00000000
959	0.00000000
960	0.00000000
961	0.00000000
962	0.00000000
963	0.00000000
964	0.00000000
965	0.00000000
966	0.00000000
967	0.00000000
968	0.00000000
969	0.00000000
970	0.00000000
971	0.00000000
972	0.00000000
973	0.00000000
974	0.00000000
975	0.00000000
976	0.00000000
977	0.00000000
978	0.00000000
979	0.00000000
980	0.00000000
981	0.00000000
982	0.00000000
983	0.00000000
984	0.00000000
985	0.00000000
986	0.00000000
987	0.00000000
988	0.00000000
989	0.00000000
990	0.00000000
991	0.00000000
992	0.00000000
993	0.00000000
994	0.00000000
995	0.00000000
996	0.00000000
997	0.00000000
998	0.00000000
999	0.00000000
