0	0.00000000
1	0.00000000
2	0.00000000
3	0.00000000
4	0.00000000
5	0.00000000
6	0.00000000
7	0.00000000
8	0.00000000
9	0.00000000
10	0.00000000
11	0.00000000
12	0.00000000
13	0.00621154
14	0.04166046
15	0.03426379
16	0.03855262
17	0.03279876
18	0.03770005
19	0.04065467
20	0.04257947
21	0.03870097
22	0.03526364
23	0.03097750
24	0.02788135
25	0.02516506
26	0.02317594
27	0.02139828
28	0.02063503
29	0.01945467
30	0.01853238
31	0.01802579
32	0.02124743
33	0.02455431
34	0.02555681
35	0.02785445
36	0.02906083
37	0.02849396
38	0.02770582
39	0.02769427
40	0.02666654
41	0.02636680
42	0.02578113
43	0.02535602
44	0.02475338
45	0.02438279
46	0.02403773
47	0.02335543
48	0.02304571
49	0.02248332
50	0.02176926
51	0.02128639
52	0.02047655
53	0.01987505
54	0.01921550
55	0.01935709
56	0.01947398
57	0.01925929
58	0.01915314
59	0.01867310
60	0.01816958
61	0.01765336
62	0.01724640
63	0.01703911
64	0.01683230
65	0.01672531
66	0.01637625
67	0.01596516
68	0.01554843
69	0.01516110
70	0.01476159
71	0.01431271
72	0.01396833
73	0.01350498
74	0.01308270
75	0.01257948
76	0.01220975
77	0.01186226
78	0.01167637
79	0.01150227
80	0.01121298
81	0.01095569
82	0.01071741
83	0.01039680
84	0.01015283
85	0.00994031
86	0.00966740
87	0.00943624
88	0.00913820
89	0.00889121
90	0.00859541
91	0.00833137
92	0.00805190
93	0.00779173
94	0.00752810
95	0.00728791
96	0.00706304
97	0.00682950
98	0.00660094
99	0.00639346
100	0.00619509
101	0.00602293
102	0.00588698
103	0.00574121
104	0.00556073
105	0.00540516
106	0.00523906
107	0.00507156
108	0.00491347
109	0.00476501
110	0.00460940
111	0.00447080
112	0.00433451
113	0.00419902
114	0.00406260
115	0.00393424
116	0.00380973
117	0.00369030
118	0.00357453
119	0.00346347
120	0.00335416
121	0.00324943
122	0.00314798
123	0.00304969
124	0.00295728
125	0.00287019
126	0.00278081
127	0.00269707
128	0.00261085
129	0.00253090
130	0.00245168
131	0.00237575
132	0.00230205
133	0.00223076
134	0.00216154
135	0.00209447
136	0.00202947
137	0.00196646
138	0.00190533
139	0.00184609
140	0.00178869
141	0.00173308
142	0.00167920
143	0.00162700
144	0.00157643
145	0.00152745
146	0.00147997
147	0.00143400
148	0.00138949
149	0.00134638
150	0.00130461
151	0.00126414
152	0.00122491
153	0.00118690
154	0.00115006
155	0.00111437
156	0.00107978
157	0.00104627
158	0.00101379
159	0.00098233
160	0.00095184
161	0.00092229
162	0.00089366
163	0.00086592
164	0.00083904
165	0.00081299
166	0.00078776
167	0.00076330
168	0.00073960
169	0.00071664
170	0.00069439
171	0.00067283
172	0.00065195
173	0.00063171
174	0.00061210
175	0.00059309
176	0.00057468
177	0.00055684
178	0.00053956
179	0.00052281
180	0.00050658
181	0.00049085
182	0.00047561
183	0.00046085
184	0.00044654
185	0.00043268
186	0.00041925
187	0.00040624
188	0.00039363
189	0.00038141
190	0.00036957
191	0.00035809
192	0.00034698
193	0.00033621
194	0.00032577
195	0.00031566
196	0.00030586
197	0.00029636
198	0.00028716
199	0.00027825
200	0.00026961
201	0.00026124
202	0.00025313
203	0.00024527
204	0.00023766
205	0.00023028
206	0.00022313
207	0.00021621
208	0.00020949
209	0.00020299
210	0.00019669
211	0.00019058
212	0.00018467
213	0.00017893
214	0.00017338
215	0.00016800
216	0.00016278
217	0.00015773
218	0.00015283
219	0.00014809
220	0.00014349
221	0.00013904
222	0.00013472
223	0.00013054
224	0.00012649
225	0.00012256
226	0.00011876
227	0.00011507
228	0.00011150
229	0.00010804
230	0.00010468
231	0.00010143
232	0.00009828
233	0.00009523
234	0.00009228
235	0.00008941
236	0.00008664
237	0.00008395
238	0.00008134
239	0.00007882
240	0.00007637
241	0.00007400
242	0.00007170
243	0.00006948
244	0.00006732
245	0.00006523
246	0.00006320
247	0.00006124
248	0.00005934
249	0.00005750
250	0.00005571
251	0.00005398
252	0.00005231
253	0.00005068
254	0.00004911
255	0.00004759
256	0.00004611
257	0.00004468
258	0.00004329
259	0.00004195
260	0.00004064
261	0.00003938
262	0.00003816
263	0.00003698
264	0.00003583
265	0.00003472
266	0.00003364
267	0.00003259
268	0.00003158
269	0.00003060
270	0.00002965
271	0.00002873
272	0.00002784
273	0.00002698
274	0.00002614
275	0.00002533
276	0.00002454
277	0.00002378
278	0.00002304
279	0.00002232
280	0.00002163
281	0.00002096
282	0.00002031
283	0.00001968
284	0.00001907
285	0.00001848
286	0.00001790
287	0.00001735
288	0.00001681
289	0.00001629
290	0.00001578
291	0.00001529
292	0.00001482
293	0.00001436
294	0.00001391
295	0.00001348
296	0.00001306
297	0.00001266
298	0.00001226
299	0.00001188
300	0.00001151
301	0.00001116
302	0.00001081
303	0.00001047
304	0.00001015
305	0.00000983
306	0.00000953
307	0.00000923
308	0.00000895
309	0.00000867
310	0.00000840
311	0.00000814
312	0.00000789
313	0.00000764
314	0.00000740
315	0.00000717
316	0.00000695
317	0.00000674
318	0.00000653
319	0.00000632
320	0.00000613
321	0.00000594
322	0.00000575
323	0.00000557
324	0.00000540
325	0.00000523
326	0.00000507
327	0.00000491
328	0.00000476
329	0.00000461
330	0.00000447
331	0.00000433
332	0.00000420
333	0.00000407
334	0.00000394
335	0.00000382
336	0.00000370
337	0.00000358
338	0.00000347
339	0.00000337
340	0.00000326
341	0.00000316
342	0.00000306
343	0.00000297
344	0.00000287
345	0.00000279
346	0.00000270
347	0.00000262
348	0.00000253
349	0.00000246
350	0.00000238
351	0.00000231
352	0.00000223
353	0.00000216
354	0.00000210
355	0.00000203
356	0.00000197
357	0.00000191
358	0.00000185
359	0.00000179
360	0.00000174
361	0.00000168
362	0.00000163
363	0.00000158
364	0.00000153
365	0.00000148
366	0.00000144
367	0.00000139
368	0.00000135
369	0.00000131
370	0.00000127
371	0.00000123
372	0.00000119
373	0.00000115
374	0.00000112
375	0.00000108
376	0.00000105
377	0.00000102
378	0.00000098
379	0.00000095
380	0.00000092
381	0.00000090
382	0.00000087
383	0.00000084
384	0.00000081
385	0.00000079
386	0.00000076
387	0.00000074
388	0.00000072
389	0.00000070
390	0.00000067
391	0.00000065
392	0.00000063
393	0.00000061
394	0.00000059
395	0.00000058
396	0.00000056
397	0.00000054
398	0.00000052
399	0.00000051
400	0.00000049
401	0.00000048
402	0.00000046
403	0.00000045
404	0.00000043
405	0.00000042
406	0.00000041
407	0.00000039
408	0.00000038
409	0.00000037
410	0.00000036
411	0.00000035
412	0.00000034
413	0.00000033
414	0.00000032
415	0.00000031
416	0.00000030
417	0.00000029
418	0.00000028
419	0.00000027
420	0.00000026
421	0.00000025
422	0.00000025
423	0.00000024
424	0.00000023
425	0.00000022
426	0.00000022
427	0.00000021
428	0.00000020
429	0.00000020
430	0.00000019
431	0.00000018
432	0.00000018
433	0.00000017
434	0.00000017
435	0.00000016
436	0.00000016
437	0.00000015
438	0.00000015
439	0.00000014
440	0.00000014
441	0.00000013
442	0.00000013
443	0.00000013
444	0.00000012
445	0.00000012
446	0.00000012
447	0.00000011
448	0.00000011
449	0.00000010
450	0.00000010
451	0.00000010
452	0.00000010
453	0.00000009
454	0.00000009
455	0.00000009
456	0.00000008
457	0.00000008
458	0.00000008
459	0.00000008
460	0.00000007
461	0.00000007
462	0.00000007
463	0.00000007
464	0.00000007
465	0.00000006
466	0.00000006
467	0.00000006
468	0.00000006
469	0.00000006
470	0.00000005
471	0.00000005
472	0.00000005
473	0.00000005
474	0.00000005
475	0.00000005
476	0.00000004
477	0.00000004
478	0.00000004
479	0.00000004
480	0.00000004
481	0.00000004
482	0.00000004
483	0.00000004
484	0.00000003
485	0.00000003
486	0.00000003
487	0.00000003
488	0.00000003
489	0.00000003
490	0.00000003
491	0.00000003
492	0.00000003
493	0.00000003
494	0.00000003
495	0.00000002
496	0.00000002
497	0.00000002
498	0.00000002
499	0.00000002
500	0.00000002
501	0.00000002
502	0.00000002
503	0.00000002
504	0.00000002
505	0.00000002
506	0.00000002
507	0.00000002
508	0.00000002
509	0.00000002
510	0.00000002
511	0.00000001
512	0.00000001
513	0.00000001
514	0.00000001
515	0.00000001
516	0.00000001
517	0.00000001
518	0.00000001
519	0.00000001
520	0.00000001
521	0.00000001
522	0.00000001
523	0.00000001
524	0.00000001
525	0.00000001
526	0.00000001
527	0.00000001
528	0.00000001
529	0.00000001
530	0.00000001
531	0.00000001
532	0.00000001
533	0.00000001
534	0.00000001
535	0.00000001
536	0.00000001
537	0.00000001
538	0.00000001
539	0.00000001
540	0.00000001
541	0.00000001
542	0.00000001
543	0.00000001
544	0.00000001
545	0.00000001
546	0.00000000
547	0.00000000
548	0.00000000
549	0.00000000
550	0.00000000
551	0.00000000
552	0.00000000
553	0.00000000
554	0.00000000
555	0.00000000
556	0.00000000
557	0.00000000
558	0.00000000
559	0.00000000
560	0.00000000
561	0.00000000
562	0.00000000
563	0.00000000
564	0.00000000
565	0.00000000
566	0.00000000
567	0.00000000
568	0.00000000
569	0.00000000
570	0.00000000
571	0.00000000
572	0.00000000
573	0.00000000
574	0.00000000
575	0.00000000
576	0.00000000
577	0.00000000
578	0.00000000
579	0.00000000
580	0.00000000
581	0.00000000
582	0.00000000
583	0.00000000
584	0.00000000
585	0.00000000
586	0.00000000
587	0.00000000
588	0.00000000
589	0.00000000
590	0.00000000
591	0.00000000
592	0.00000000
593	0.00000000
594	0.00000000
595	0.00000000
596	0.00000000
597	0.00000000
598	0.00000000
599	0.00000000
600	0.00000000
601	0.00000000
602	0.00000000
603	0.00000000
604	0.00000000
605	0.00000000
606	0.00000000
607	0.00000000
608	0.00000000
609	0.00000000
610	0.00000000
611	0.00000000
612	0.00000000
613	0.00000000
614	0.00000000
615	0.00000000
616	0.00000000
617	0.00000000
618	0.00000000
619	0.00000000
620	0.00000000
621	0.00000000
622	0.00000000
623	0.00000000
624	0.00000000
625	0.00000000
626	0.00000000
627	0.00000000
628	0.00000000
629	0.00000000
630	0.00000000
631	0.00000000
632	0.00000000
633	0.00000000
634	0.00000000
635	0.00000000
636	0.00000000
637	0.00000000
638	0.00000000
639	0.00000000
640	0.00000000
641	0.00000000
642	0.00000000
643	0.00000000
644	0.00000000
645	0.00000000
646	0.00000000
647	0.00000000
648	0.00000000
649	0.00000000
650	0.00000000
651	0.00000000
652	0.00000000
653	0.00000000
654	0.00000000
655	0.00000000
656	0.00000000
657	0.00000000
658	0.00000000
659	0.00000000
660	0.00000000
661	0.00000000
662	0.00000000
663	0.00000000
664	0.00000000
665	0.00000000
666	0.00000000
667	0.00000000
668	0.00000000
669	0.00000000
670	0.00000000
671	0.00000000
672	0.00000000
673	0.00000000
674	0.00000000
675	0.00000000
676	0.00000000
677	0.00000000
678	0.00000000
679	0.00000000
680	0.00000000
681	0.00000000
682	0.00000000
683	0.00000000
684	0.00000000
685	0.00000000
686	0.00000000
687	0.00000000
688	0.00000000
689	0.00000000
690	0.00000000
691	0.00000000
692	0.00000000
693	0.00000000
694	0.00000000
695	0.00000000
696	0.00000000
697	0.00000000
698	0.00000000
699	0.00000000
700	0.00000000
701	0.00000000
702	0.00000000
703	0.00000000
704	0.00000000
705	0.00000000
706	0.00000000
707	0.00000000
708	0.00000000
709	0.00000000
710	0.00000000
711	0.00000000
712	0.00000000
713	0.00000000
714	0.00000000
715	0.00000000
716	0.00000000
717	0.00000000
718	0.00000000
719	0.00000000
720	0.00000000
721	0.00000000
722	0.00000000
723	0.00000000
724	0.00000000
725	0.00000000
726	0.00000000
727	0.00000000
728	0.00000000
729	0.00000000
730	0.00000000
731	0.00000000
732	0.00000000
733	0.00000000
734	0.00000000
735	0.00000000
736	0.00000000
737	0.00000000
738	0.00000000
739	0.00000000
740	0.00000000
741	0.00000000
742	0.00000000
743	0.00000000
744	0.00000000
745	0.00000000
746	0.00000000
747	0.00000000
748	0.00000000
749	0.00000000
750	0.00000000
751	0.00000000
752	0.00000000
753	0.00000000
754	0.00000000
755	0.00000000
756	0.00000000
757	0.00000000
758	0.00000000
759	0.00000000
760	0.00000000
761	0.00000000
762	0.00000000
763	0.00000000
764	0.00000000
765	0.00000000
766	0.00000000
767	0.00000000
768	0.00000000
769	0.00000000
770	0.00000000
771	0.00000000
772	0.00000000
773	0.00000000
774	0.00000000
775	0.00000000
776	0.00000000
777	0.00000000
778	0.00000000
779	0.00000000
780	0.00000000
781	0.00000000
782	0.00000000
783	0.00000000
784	0.00000000
785	0.00000000
786	0.00000000
787	0.00000000
788	0.00000000
789	0.00000000
790	0.00000000
791	0.00000000
792	0.00000000
793	0.00000000
794	0.00000000
795	0.00000000
796	0.00000000
797	0.00000000
798	0.00000000
799	0.00000000
800	0.00000000
801	0.00000000
802	0.00000000
803	0.00000000
804	0.00000000
805	0.00000000
806	0.00000000
807	0.00000000
808	0.00000000
809	0.00000000
810	0.00000000
811	0.00000000
812	0.00000000
813	0.00000000
814	0.00000000
815	0.00000000
816	0.00000000
817	0.00000000
818	0.00000000
819	0.00000000
820	0.00000000
821	0.00000000
822	0.00000000
823	0.00000000
824	0.00000000
825	0.00000000
826	0.00000000
827	0.00000000
828	0.00000000
829	0.00000000
830	0.00000000
831	0.00000000
832	0.00000000
833	0.00000000
834	0.00000000
835	0.00000000
836	0.00000000
837	0.00000000
838	0.00000000
839	0.00000000
840	0.00000000
841	0.00000000
842	0.00000000
843	0.00000000
844	0.00000000
845	0.00000000
846	0.00000000
847	0.00000000
848	0.00000000
849	0.00000000
850	0.00000000
851	0.00000000
852	0.00000000
853	0.00000000
854	0.00000000
855	0.00000000
856	0.00000000
857	0.00000000
858	0.00000000
859	0.00000000
860	0.00000000
861	0.00000000
862	0.00000000
863	0.00000000
864	0.00000000
865	0.00000000
866	0.00000000
867	0.00000000
868	0.00000000
869	0.00000000
870	0.00000000
871	0.00000000
872	0.00000000
873	0.00000000
874	0.00000000
875	0.00000000
876	0.00000000
877	0.00000000
878	0.00000000
879	0.00000000
880	0.00000000
881	0.00000000
882	0.00000000
883	0.00000000
884	0.00000000
885	0.00000000
886	0.00000000
887	0.00000000
888	0.00000000
889	0.00000000
890	0.00000000
891	0.00000000
892	0.00000000
893	0.00000000
894	0.00000000
895	0.00000000
896	0.00000000
897	0.00000000
898	0.00000000
899	0.00000000
900	0.00000000
901	0.00000000
902	0.00000000
903	0.00000000
904	0.00000000
905	0.00000000
906	0.00000000
907	0.00000000
908	0.00000000
909	0.00000000
910	0.00000000
911	0.00000000
912	0.00000000
913	0.00000000
914	0.00000000
915	0.00000000
916	0.00000000
917	0.00000000
918	0.00000000
919	0.00000000
920	0.00000000
921	0.00000000
922	0.00000000
923	0.00000000
924	0.00000000
925	0.00000000
926	0.00000000
927	0.00000000
928	0.00000000
929	0.00000000
930	0.00000000
931	0.00000000
932	0.00000000
933	0.00000000
934	0.00000000
935	0.00000000
936	0.00000000
937	0.00000000
938	0.00000000
939	0.00000000
940	0.00000000
941	0.00000000
942	0.00000000
943	0.00000000
944	0.00000000
945	0.00000000
946	0.00000000
947	0.00000000
948	0.00000000
949	0.00000000
950	0.00000000
951	0.00000000
952	0.00000000
953	0.00000000
954	0.00000000
955	0.00000000
956	0.00000000
957	0.00000000
958	0.00000000
959	0.00000000
960	0.00000000
961	0.00000000
962	0.00000000
963	0.00000000
964	0.00000000
965	0.00000000
966	0.00000000
967	0.00000000
968	0.00000000
969	0.00000000
970	0.00000000
971	0.00000000
972	0.00000000
973	0.00000000
974	0.00000000
975	0.00000000
976	0.00000000
977	0.00000000
978	0.00000000
979	0.00000000
980	0.00000000
981	0.00000000
982	0.00000000
983	0.00000000
984	0.00000000
985	0.00000000
986	0.00000000
987	0.00000000
988	0.00000000
989	0.00000000
990	0.00000000
991	0.00000000
992	0.00000000
993	0.00000000
994	0.00000000
995	0.00000000
996	0.00000000
997	0.00000000
998	0.00000000
999	0.00000000
