0	0.00000000
1	0.00000000
2	0.00000000
3	0.00000000
4	0.00000000
5	0.00000000
6	0.00000000
7	0.00000000
8	0.00000000
9	0.00000000
10	0.00000000
11	0.00000000
12	0.00000000
13	0.00261963
14	0.01805544
15	0.01527779
16	0.02336400
17	0.02347018
18	0.03463749
19	0.04105678
20	0.04609636
21	0.04331209
22	0.04248652
23	0.03856257
24	0.03612055
25	0.03241721
26	0.02947801
27	0.02616603
28	0.02441602
29	0.02217323
30	0.02045500
31	0.01899264
32	0.01962253
33	0.02071597
34	0.02178544
35	0.02334459
36	0.02420782
37	0.02445456
38	0.02601561
39	0.02678216
40	0.02687228
41	0.02705883
42	0.02684820
43	0.02623694
44	0.02502868
45	0.02384524
46	0.02302834
47	0.02215544
48	0.02197666
49	0.02145084
50	0.02108814
51	0.02060268
52	0.02016266
53	0.01957997
54	0.01887846
55	0.01864261
56	0.01848696
57	0.01806432
58	0.01770885
59	0.01722767
60	0.01686349
61	0.01680650
62	0.01659539
63	0.01632797
64	0.01609496
65	0.01591247
66	0.01548759
67	0.01508322
68	0.01477027
69	0.01445822
70	0.01410818
71	0.01371823
72	0.01342173
73	0.01295237
74	0.01251966
75	0.01203272
76	0.01161744
77	0.01124254
78	0.01095423
79	0.01071100
80	0.01038795
81	0.01014364
82	0.00991333
83	0.00960682
84	0.00944408
85	0.00937398
86	0.00908121
87	0.00887398
88	0.00863754
89	0.00839855
90	0.00810619
91	0.00782060
92	0.00757397
93	0.00731357
94	0.00706637
95	0.00683105
96	0.00661563
97	0.00639472
98	0.00618234
99	0.00598574
100	0.00579459
101	0.00562777
102	0.00548493
103	0.00532573
104	0.00516042
105	0.00501159
106	0.00485652
107	0.00472556
108	0.00459580
109	0.00445766
110	0.00431138
111	0.00417517
112	0.00404889
113	0.00391825
114	0.00379299
115	0.00367297
116	0.00355726
117	0.00344559
118	0.00333845
119	0.00323355
120	0.00313153
121	0.00303357
122	0.00293858
123	0.00284666
124	0.00275933
125	0.00267642
126	0.00259251
127	0.00251320
128	0.00243405
129	0.00235900
130	0.00228570
131	0.00221540
132	0.00214699
133	0.00208053
134	0.00201600
135	0.00195351
136	0.00189289
137	0.00183414
138	0.00177718
139	0.00172199
140	0.00166849
141	0.00161665
142	0.00156642
143	0.00151774
144	0.00147058
145	0.00142488
146	0.00138060
147	0.00133771
148	0.00129617
149	0.00125593
150	0.00121694
151	0.00117916
152	0.00114256
153	0.00110709
154	0.00107272
155	0.00103943
156	0.00100717
157	0.00097591
158	0.00094562
159	0.00091627
160	0.00088783
161	0.00086028
162	0.00083357
163	0.00080770
164	0.00078263
165	0.00075833
166	0.00073479
167	0.00071198
168	0.00068988
169	0.00066846
170	0.00064771
171	0.00062760
172	0.00060812
173	0.00058924
174	0.00057095
175	0.00055322
176	0.00053605
177	0.00051941
178	0.00050328
179	0.00048766
180	0.00047252
181	0.00045785
182	0.00044364
183	0.00042987
184	0.00041652
185	0.00040359
186	0.00039106
187	0.00037893
188	0.00036716
189	0.00035576
190	0.00034472
191	0.00033402
192	0.00032365
193	0.00031360
194	0.00030387
195	0.00029444
196	0.00028529
197	0.00027644
198	0.00026786
199	0.00025954
200	0.00025148
201	0.00024368
202	0.00023611
203	0.00022878
204	0.00022168
205	0.00021480
206	0.00020813
207	0.00020167
208	0.00019541
209	0.00018934
210	0.00018347
211	0.00017777
212	0.00017225
213	0.00016691
214	0.00016172
215	0.00015670
216	0.00015184
217	0.00014713
218	0.00014256
219	0.00013813
220	0.00013384
221	0.00012969
222	0.00012566
223	0.00012176
224	0.00011798
225	0.00011432
226	0.00011077
227	0.00010733
228	0.00010400
229	0.00010077
230	0.00009764
231	0.00009461
232	0.00009168
233	0.00008883
234	0.00008607
235	0.00008340
236	0.00008081
237	0.00007830
238	0.00007587
239	0.00007352
240	0.00007123
241	0.00006902
242	0.00006688
243	0.00006480
244	0.00006279
245	0.00006084
246	0.00005895
247	0.00005712
248	0.00005535
249	0.00005363
250	0.00005197
251	0.00005035
252	0.00004879
253	0.00004728
254	0.00004581
255	0.00004439
256	0.00004301
257	0.00004167
258	0.00004038
259	0.00003913
260	0.00003791
261	0.00003674
262	0.00003559
263	0.00003449
264	0.00003342
265	0.00003238
266	0.00003138
267	0.00003040
268	0.00002946
269	0.00002854
270	0.00002766
271	0.00002680
272	0.00002597
273	0.00002516
274	0.00002438
275	0.00002362
276	0.00002289
277	0.00002218
278	0.00002149
279	0.00002082
280	0.00002018
281	0.00001955
282	0.00001894
283	0.00001836
284	0.00001779
285	0.00001723
286	0.00001670
287	0.00001618
288	0.00001568
289	0.00001519
290	0.00001472
291	0.00001426
292	0.00001382
293	0.00001339
294	0.00001298
295	0.00001257
296	0.00001218
297	0.00001180
298	0.00001144
299	0.00001108
300	0.00001074
301	0.00001041
302	0.00001008
303	0.00000977
304	0.00000947
305	0.00000917
306	0.00000889
307	0.00000861
308	0.00000834
309	0.00000809
310	0.00000783
311	0.00000759
312	0.00000736
313	0.00000713
314	0.00000691
315	0.00000669
316	0.00000648
317	0.00000628
318	0.00000609
319	0.00000590
320	0.00000572
321	0.00000554
322	0.00000537
323	0.00000520
324	0.00000504
325	0.00000488
326	0.00000473
327	0.00000458
328	0.00000444
329	0.00000430
330	0.00000417
331	0.00000404
332	0.00000391
333	0.00000379
334	0.00000368
335	0.00000356
336	0.00000345
337	0.00000334
338	0.00000324
339	0.00000314
340	0.00000304
341	0.00000295
342	0.00000286
343	0.00000277
344	0.00000268
345	0.00000260
346	0.00000252
347	0.00000244
348	0.00000236
349	0.00000229
350	0.00000222
351	0.00000215
352	0.00000208
353	0.00000202
354	0.00000196
355	0.00000190
356	0.00000184
357	0.00000178
358	0.00000172
359	0.00000167
360	0.00000162
361	0.00000157
362	0.00000152
363	0.00000147
364	0.00000143
365	0.00000138
366	0.00000134
367	0.00000130
368	0.00000126
369	0.00000122
370	0.00000118
371	0.00000114
372	0.00000111
373	0.00000107
374	0.00000104
375	0.00000101
376	0.00000098
377	0.00000095
378	0.00000092
379	0.00000089
380	0.00000086
381	0.00000083
382	0.00000081
383	0.00000078
384	0.00000076
385	0.00000074
386	0.00000071
387	0.00000069
388	0.00000067
389	0.00000065
390	0.00000063
391	0.00000061
392	0.00000059
393	0.00000057
394	0.00000055
395	0.00000054
396	0.00000052
397	0.00000050
398	0.00000049
399	0.00000047
400	0.00000046
401	0.00000044
402	0.00000043
403	0.00000042
404	0.00000040
405	0.00000039
406	0.00000038
407	0.00000037
408	0.00000036
409	0.00000035
410	0.00000033
411	0.00000032
412	0.00000031
413	0.00000030
414	0.00000029
415	0.00000029
416	0.00000028
417	0.00000027
418	0.00000026
419	0.00000025
420	0.00000024
421	0.00000024
422	0.00000023
423	0.00000022
424	0.00000022
425	0.00000021
426	0.00000020
427	0.00000020
428	0.00000019
429	0.00000018
430	0.00000018
431	0.00000017
432	0.00000017
433	0.00000016
434	0.00000016
435	0.00000015
436	0.00000015
437	0.00000014
438	0.00000014
439	0.00000013
440	0.00000013
441	0.00000013
442	0.00000012
443	0.00000012
444	0.00000011
445	0.00000011
446	0.00000011
447	0.00000010
448	0.00000010
449	0.00000010
450	0.00000009
451	0.00000009
452	0.00000009
453	0.00000009
454	0.00000008
455	0.00000008
456	0.00000008
457	0.00000008
458	0.00000007
459	0.00000007
460	0.00000007
461	0.00000007
462	0.00000006
463	0.00000006
464	0.00000006
465	0.00000006
466	0.00000006
467	0.00000006
468	0.00000005
469	0.00000005
470	0.00000005
471	0.00000005
472	0.00000005
473	0.00000005
474	0.00000004
475	0.00000004
476	0.00000004
477	0.00000004
478	0.00000004
479	0.00000004
480	0.00000004
481	0.00000004
482	0.00000003
483	0.00000003
484	0.00000003
485	0.00000003
486	0.00000003
487	0.00000003
488	0.00000003
489	0.00000003
490	0.00000003
491	0.00000003
492	0.00000003
493	0.00000002
494	0.00000002
495	0.00000002
496	0.00000002
497	0.00000002
498	0.00000002
499	0.00000002
500	0.00000002
501	0.00000002
502	0.00000002
503	0.00000002
504	0.00000002
505	0.00000002
506	0.00000002
507	0.00000002
508	0.00000002
509	0.00000001
510	0.00000001
511	0.00000001
512	0.00000001
513	0.00000001
514	0.00000001
515	0.00000001
516	0.00000001
517	0.00000001
518	0.00000001
519	0.00000001
520	0.00000001
521	0.00000001
522	0.00000001
523	0.00000001
524	0.00000001
525	0.00000001
526	0.00000001
527	0.00000001
528	0.00000001
529	0.00000001
530	0.00000001
531	0.00000001
532	0.00000001
533	0.00000001
534	0.00000001
535	0.00000001
536	0.00000001
537	0.00000001
538	0.00000001
539	0.00000001
540	0.00000001
541	0.00000001
542	0.00000001
543	0.00000001
544	0.00000000
545	0.00000000
546	0.00000000
547	0.00000000
548	0.00000000
549	0.00000000
550	0.00000000
551	0.00000000
552	0.00000000
553	0.00000000
554	0.00000000
555	0.00000000
556	0.00000000
557	0.00000000
558	0.00000000
559	0.00000000
560	0.00000000
561	0.00000000
562	0.00000000
563	0.00000000
564	0.00000000
565	0.00000000
566	0.00000000
567	0.00000000
568	0.00000000
569	0.00000000
570	0.00000000
571	0.00000000
572	0.00000000
573	0.00000000
574	0.00000000
575	0.00000000
576	0.00000000
577	0.00000000
578	0.00000000
579	0.00000000
580	0.00000000
581	0.00000000
582	0.00000000
583	0.00000000
584	0.00000000
585	0.00000000
586	0.00000000
587	0.00000000
588	0.00000000
589	0.00000000
590	0.00000000
591	0.00000000
592	0.00000000
593	0.00000000
594	0.00000000
595	0.00000000
596	0.00000000
597	0.00000000
598	0.00000000
599	0.00000000
600	0.00000000
601	0.00000000
602	0.00000000
603	0.00000000
604	0.00000000
605	0.00000000
606	0.00000000
607	0.00000000
608	0.00000000
609	0.00000000
610	0.00000000
611	0.00000000
612	0.00000000
613	0.00000000
614	0.00000000
615	0.00000000
616	0.00000000
617	0.00000000
618	0.00000000
619	0.00000000
620	0.00000000
621	0.00000000
622	0.00000000
623	0.00000000
624	0.00000000
625	0.00000000
626	0.00000000
627	0.00000000
628	0.00000000
629	0.00000000
630	0.00000000
631	0.00000000
632	0.00000000
633	0.00000000
634	0.00000000
635	0.00000000
636	0.00000000
637	0.00000000
638	0.00000000
639	0.00000000
640	0.00000000
641	0.00000000
642	0.00000000
643	0.00000000
644	0.00000000
645	0.00000000
646	0.00000000
647	0.00000000
648	0.00000000
649	0.00000000
650	0.00000000
651	0.00000000
652	0.00000000
653	0.00000000
654	0.00000000
655	0.00000000
656	0.00000000
657	0.00000000
658	0.00000000
659	0.00000000
660	0.00000000
661	0.00000000
662	0.00000000
663	0.00000000
664	0.00000000
665	0.00000000
666	0.00000000
667	0.00000000
668	0.00000000
669	0.00000000
670	0.00000000
671	0.00000000
672	0.00000000
673	0.00000000
674	0.00000000
675	0.00000000
676	0.00000000
677	0.00000000
678	0.00000000
679	0.00000000
680	0.00000000
681	0.00000000
682	0.00000000
683	0.00000000
684	0.00000000
685	0.00000000
686	0.00000000
687	0.00000000
688	0.00000000
689	0.00000000
690	0.00000000
691	0.00000000
692	0.00000000
693	0.00000000
694	0.00000000
695	0.00000000
696	0.00000000
697	0.00000000
698	0.00000000
699	0.00000000
700	0.00000000
701	0.00000000
702	0.00000000
703	0.00000000
704	0.00000000
705	0.00000000
706	0.00000000
707	0.00000000
708	0.00000000
709	0.00000000
710	0.00000000
711	0.00000000
712	0.00000000
713	0.00000000
714	0.00000000
715	0.00000000
716	0.00000000
717	0.00000000
718	0.00000000
719	0.00000000
720	0.00000000
721	0.00000000
722	0.00000000
723	0.00000000
724	0.00000000
725	0.00000000
726	0.00000000
727	0.00000000
728	0.00000000
729	0.00000000
730	0.00000000
731	0.00000000
732	0.00000000
733	0.00000000
734	0.00000000
735	0.00000000
736	0.00000000
737	0.00000000
738	0.00000000
739	0.00000000
740	0.00000000
741	0.00000000
742	0.00000000
743	0.00000000
744	0.00000000
745	0.00000000
746	0.00000000
747	0.00000000
748	0.00000000
749	0.00000000
750	0.00000000
751	0.00000000
752	0.00000000
753	0.00000000
754	0.00000000
755	0.00000000
756	0.00000000
757	0.00000000
758	0.00000000
759	0.00000000
760	0.00000000
761	0.00000000
762	0.00000000
763	0.00000000
764	0.00000000
765	0.00000000
766	0.00000000
767	0.00000000
768	0.00000000
769	0.00000000
770	0.00000000
771	0.00000000
772	0.00000000
773	0.00000000
774	0.00000000
775	0.00000000
776	0.00000000
777	0.00000000
778	0.00000000
779	0.00000000
780	0.00000000
781	0.00000000
782	0.00000000
783	0.00000000
784	0.00000000
785	0.00000000
786	0.00000000
787	0.00000000
788	0.00000000
789	0.00000000
790	0.00000000
791	0.00000000
792	0.00000000
793	0.00000000
794	0.00000000
795	0.00000000
796	0.00000000
797	0.00000000
798	0.00000000
799	0.00000000
800	0.00000000
801	0.00000000
802	0.00000000
803	0.00000000
804	0.00000000
805	0.00000000
806	0.00000000
807	0.00000000
808	0.00000000
809	0.00000000
810	0.00000000
811	0.00000000
812	0.00000000
813	0.00000000
814	0.00000000
815	0.00000000
816	0.00000000
817	0.00000000
818	0.00000000
819	0.00000000
820	0.00000000
821	0.00000000
822	0.00000000
823	0.00000000
824	0.00000000
825	0.00000000
826	0.00000000
827	0.00000000
828	0.00000000
829	0.00000000
830	0.00000000
831	0.00000000
832	0.00000000
833	0.00000000
834	0.00000000
835	0.00000000
836	0.00000000
837	0.00000000
838	0.00000000
839	0.00000000
840	0.00000000
841	0.00000000
842	0.00000000
843	0.00000000
844	0.00000000
845	0.00000000
846	0.00000000
847	0.00000000
848	0.00000000
849	0.00000000
850	0.00000000
851	0.00000000
852	0.00000000
853	0.00000000
854	0.00000000
855	0.00000000
856	0.00000000
857	0.00000000
858	0.00000000
859	0.00000000
860	0.00000000
861	0.00000000
862	0.00000000
863	0.00000000
864	0.00000000
865	0.00000000
866	0.00000000
867	0.00000000
868	0.00000000
869	0.00000000
870	0.00000000
871	0.00000000
872	0.00000000
873	0.00000000
874	0.00000000
875	0.00000000
876	0.00000000
877	0.00000000
878	0.00000000
879	0.00000000
880	0.00000000
881	0.00000000
882	0.00000000
883	0.00000000
884	0.00000000
885	0.00000000
886	0.00000000
887	0.00000000
888	0.00000000
889	0.00000000
890	0.00000000
891	0.00000000
892	0.00000000
893	0.00000000
894	0.00000000
895	0.00000000
896	0.00000000
897	0.00000000
898	0.00000000
899	0.00000000
900	0.00000000
901	0.00000000
902	0.00000000
903	0.00000000
904	0.00000000
905	0.00000000
906	0.00000000
907	0.00000000
908	0.00000000
909	0.00000000
910	0.00000000
911	0.00000000
912	0.00000000
913	0.00000000
914	0.00000000
915	0.00000000
916	0.00000000
917	0.00000000
918	0.00000000
919	0.00000000
920	0.00000000
921	0.00000000
922	0.00000000
923	0.00000000
924	0.00000000
925	0.00000000
926	0.00000000
927	0.00000000
928	0.00000000
929	0.00000000
930	0.00000000
931	0.00000000
932	0.00000000
933	0.00000000
934	0.00000000
935	0.00000000
936	0.00000000
937	0.00000000
938	0.00000000
939	0.00000000
940	0.00000000
941	0.00000000
942	0.00000000
943	0.00000000
944	0.00000000
945	0.00000000
946	0.00000000
947	0.00000000
948	0.00000000
949	0.00000000
950	0.00000000
951	0.00000000
952	0.00000000
953	0.00000000
954	0.00000000
955	0.00000000
956	0.00000000
957	0.00000000
958	0.00000000
959	0.00000000
960	0.00000000
961	0.00000000
962	0.00000000
963	0.00000000
964	0.00000000
965	0.00000000
966	0.00000000
967	0.00000000
968	0.00000000
969	0.00000000
970	0.00000000
971	0.00000000
972	0.00000000
973	0.00000000
974	0.00000000
975	0.00000000
976	0.00000000
977	0.00000000
978	0.00000000
979	0.00000000
980	0.00000000
981	0.00000000
982	0.00000000
983	0.00000000
984	0.00000000
985	0.00000000
986	0.00000000
987	0.00000000
988	0.00000000
989	0.00000000
990	0.00000000
991	0.00000000
992	0.00000000
993	0.00000000
994	0.00000000
995	0.00000000
996	0.00000000
997	0.00000000
998	0.00000000
999	0.00000000
