0	0.00000000
1	0.00000000
2	0.00000000
3	0.00000000
4	0.00000000
5	0.00000000
6	0.00000000
7	0.00000000
8	0.00000000
9	0.00000000
10	0.00000000
11	0.00000000
12	0.00000000
13	0.00561465
14	0.03824507
15	0.03218797
16	0.03582137
17	0.03102319
18	0.03631743
19	0.03995359
20	0.04250914
21	0.03833643
22	0.03581629
23	0.03079077
24	0.02733109
25	0.02428620
26	0.02288323
27	0.02134686
28	0.02060652
29	0.01928723
30	0.01861236
31	0.01818398
32	0.02132939
33	0.02457852
34	0.02570116
35	0.02820493
36	0.02948297
37	0.02882278
38	0.02784421
39	0.02752719
40	0.02656789
41	0.02636327
42	0.02563280
43	0.02530449
44	0.02469229
45	0.02436090
46	0.02424515
47	0.02339624
48	0.02300544
49	0.02250668
50	0.02189994
51	0.02138298
52	0.02057844
53	0.01999409
54	0.01935307
55	0.01954273
56	0.01954453
57	0.01926643
58	0.01918918
59	0.01875352
60	0.01819594
61	0.01765083
62	0.01722295
63	0.01702213
64	0.01689451
65	0.01666470
66	0.01648567
67	0.01602329
68	0.01556945
69	0.01523039
70	0.01484007
71	0.01436800
72	0.01401120
73	0.01353149
74	0.01313744
75	0.01263730
76	0.01230596
77	0.01191033
78	0.01173866
79	0.01154866
80	0.01127264
81	0.01098059
82	0.01078210
83	0.01046534
84	0.01018273
85	0.00994735
86	0.00968660
87	0.00945734
88	0.00917422
89	0.00890638
90	0.00864639
91	0.00835617
92	0.00807816
93	0.00783307
94	0.00755678
95	0.00730501
96	0.00710175
97	0.00685608
98	0.00662735
99	0.00642240
100	0.00621937
101	0.00605253
102	0.00591902
103	0.00575820
104	0.00557857
105	0.00543130
106	0.00525724
107	0.00508661
108	0.00492779
109	0.00477761
110	0.00462822
111	0.00448315
112	0.00435040
113	0.00421720
114	0.00407923
115	0.00394714
116	0.00382587
117	0.00370560
118	0.00358984
119	0.00347781
120	0.00336769
121	0.00326254
122	0.00316068
123	0.00306203
124	0.00296862
125	0.00288300
126	0.00279231
127	0.00270726
128	0.00262140
129	0.00254093
130	0.00246131
131	0.00238499
132	0.00231096
133	0.00223928
134	0.00216992
135	0.00210261
136	0.00203735
137	0.00197408
138	0.00191274
139	0.00185329
140	0.00179568
141	0.00173985
142	0.00168577
143	0.00163338
144	0.00158262
145	0.00153344
146	0.00148579
147	0.00143964
148	0.00139496
149	0.00135168
150	0.00130975
151	0.00126911
152	0.00122973
153	0.00119156
154	0.00115458
155	0.00111874
156	0.00108402
157	0.00105037
158	0.00101777
159	0.00098618
160	0.00095557
161	0.00092591
162	0.00089717
163	0.00086932
164	0.00084233
165	0.00081618
166	0.00079084
167	0.00076629
168	0.00074250
169	0.00071945
170	0.00069711
171	0.00067547
172	0.00065450
173	0.00063418
174	0.00061450
175	0.00059542
176	0.00057694
177	0.00055903
178	0.00054167
179	0.00052486
180	0.00050857
181	0.00049278
182	0.00047748
183	0.00046266
184	0.00044830
185	0.00043438
186	0.00042090
187	0.00040783
188	0.00039517
189	0.00038290
190	0.00037102
191	0.00035950
192	0.00034834
193	0.00033753
194	0.00032705
195	0.00031689
196	0.00030706
197	0.00029753
198	0.00028829
199	0.00027934
200	0.00027067
201	0.00026227
202	0.00025412
203	0.00024624
204	0.00023859
205	0.00023118
206	0.00022401
207	0.00021705
208	0.00021032
209	0.00020379
210	0.00019746
211	0.00019133
212	0.00018539
213	0.00017964
214	0.00017406
215	0.00016866
216	0.00016342
217	0.00015835
218	0.00015343
219	0.00014867
220	0.00014405
221	0.00013958
222	0.00013525
223	0.00013105
224	0.00012698
225	0.00012304
226	0.00011922
227	0.00011552
228	0.00011193
229	0.00010846
230	0.00010509
231	0.00010183
232	0.00009867
233	0.00009561
234	0.00009264
235	0.00008976
236	0.00008698
237	0.00008428
238	0.00008166
239	0.00007912
240	0.00007667
241	0.00007429
242	0.00007198
243	0.00006975
244	0.00006758
245	0.00006548
246	0.00006345
247	0.00006148
248	0.00005957
249	0.00005772
250	0.00005593
251	0.00005420
252	0.00005251
253	0.00005088
254	0.00004930
255	0.00004777
256	0.00004629
257	0.00004485
258	0.00004346
259	0.00004211
260	0.00004080
261	0.00003954
262	0.00003831
263	0.00003712
264	0.00003597
265	0.00003485
266	0.00003377
267	0.00003272
268	0.00003171
269	0.00003072
270	0.00002977
271	0.00002884
272	0.00002795
273	0.00002708
274	0.00002624
275	0.00002543
276	0.00002464
277	0.00002387
278	0.00002313
279	0.00002241
280	0.00002172
281	0.00002104
282	0.00002039
283	0.00001976
284	0.00001914
285	0.00001855
286	0.00001797
287	0.00001742
288	0.00001687
289	0.00001635
290	0.00001584
291	0.00001535
292	0.00001487
293	0.00001441
294	0.00001397
295	0.00001353
296	0.00001311
297	0.00001270
298	0.00001231
299	0.00001193
300	0.00001156
301	0.00001120
302	0.00001085
303	0.00001051
304	0.00001019
305	0.00000987
306	0.00000957
307	0.00000927
308	0.00000898
309	0.00000870
310	0.00000843
311	0.00000817
312	0.00000792
313	0.00000767
314	0.00000743
315	0.00000720
316	0.00000698
317	0.00000676
318	0.00000655
319	0.00000635
320	0.00000615
321	0.00000596
322	0.00000578
323	0.00000560
324	0.00000542
325	0.00000525
326	0.00000509
327	0.00000493
328	0.00000478
329	0.00000463
330	0.00000449
331	0.00000435
332	0.00000421
333	0.00000408
334	0.00000396
335	0.00000383
336	0.00000371
337	0.00000360
338	0.00000349
339	0.00000338
340	0.00000327
341	0.00000317
342	0.00000307
343	0.00000298
344	0.00000289
345	0.00000280
346	0.00000271
347	0.00000263
348	0.00000254
349	0.00000246
350	0.00000239
351	0.00000231
352	0.00000224
353	0.00000217
354	0.00000211
355	0.00000204
356	0.00000198
357	0.00000192
358	0.00000186
359	0.00000180
360	0.00000174
361	0.00000169
362	0.00000164
363	0.00000159
364	0.00000154
365	0.00000149
366	0.00000144
367	0.00000140
368	0.00000135
369	0.00000131
370	0.00000127
371	0.00000123
372	0.00000119
373	0.00000116
374	0.00000112
375	0.00000109
376	0.00000105
377	0.00000102
378	0.00000099
379	0.00000096
380	0.00000093
381	0.00000090
382	0.00000087
383	0.00000084
384	0.00000082
385	0.00000079
386	0.00000077
387	0.00000074
388	0.00000072
389	0.00000070
390	0.00000068
391	0.00000066
392	0.00000064
393	0.00000062
394	0.00000060
395	0.00000058
396	0.00000056
397	0.00000054
398	0.00000053
399	0.00000051
400	0.00000049
401	0.00000048
402	0.00000046
403	0.00000045
404	0.00000044
405	0.00000042
406	0.00000041
407	0.00000040
408	0.00000038
409	0.00000037
410	0.00000036
411	0.00000035
412	0.00000034
413	0.00000033
414	0.00000032
415	0.00000031
416	0.00000030
417	0.00000029
418	0.00000028
419	0.00000027
420	0.00000026
421	0.00000025
422	0.00000025
423	0.00000024
424	0.00000023
425	0.00000022
426	0.00000022
427	0.00000021
428	0.00000020
429	0.00000020
430	0.00000019
431	0.00000019
432	0.00000018
433	0.00000017
434	0.00000017
435	0.00000016
436	0.00000016
437	0.00000015
438	0.00000015
439	0.00000014
440	0.00000014
441	0.00000014
442	0.00000013
443	0.00000013
444	0.00000012
445	0.00000012
446	0.00000012
447	0.00000011
448	0.00000011
449	0.00000011
450	0.00000010
451	0.00000010
452	0.00000010
453	0.00000009
454	0.00000009
455	0.00000009
456	0.00000008
457	0.00000008
458	0.00000008
459	0.00000008
460	0.00000007
461	0.00000007
462	0.00000007
463	0.00000007
464	0.00000007
465	0.00000006
466	0.00000006
467	0.00000006
468	0.00000006
469	0.00000006
470	0.00000005
471	0.00000005
472	0.00000005
473	0.00000005
474	0.00000005
475	0.00000005
476	0.00000004
477	0.00000004
478	0.00000004
479	0.00000004
480	0.00000004
481	0.00000004
482	0.00000004
483	0.00000004
484	0.00000003
485	0.00000003
486	0.00000003
487	0.00000003
488	0.00000003
489	0.00000003
490	0.00000003
491	0.00000003
492	0.00000003
493	0.00000003
494	0.00000003
495	0.00000002
496	0.00000002
497	0.00000002
498	0.00000002
499	0.00000002
500	0.00000002
501	0.00000002
502	0.00000002
503	0.00000002
504	0.00000002
505	0.00000002
506	0.00000002
507	0.00000002
508	0.00000002
509	0.00000002
510	0.00000002
511	0.00000001
512	0.00000001
513	0.00000001
514	0.00000001
515	0.00000001
516	0.00000001
517	0.00000001
518	0.00000001
519	0.00000001
520	0.00000001
521	0.00000001
522	0.00000001
523	0.00000001
524	0.00000001
525	0.00000001
526	0.00000001
527	0.00000001
528	0.00000001
529	0.00000001
530	0.00000001
531	0.00000001
532	0.00000001
533	0.00000001
534	0.00000001
535	0.00000001
536	0.00000001
537	0.00000001
538	0.00000001
539	0.00000001
540	0.00000001
541	0.00000001
542	0.00000001
543	0.00000001
544	0.00000001
545	0.00000001
546	0.00000000
547	0.00000000
548	0.00000000
549	0.00000000
550	0.00000000
551	0.00000000
552	0.00000000
553	0.00000000
554	0.00000000
555	0.00000000
556	0.00000000
557	0.00000000
558	0.00000000
559	0.00000000
560	0.00000000
561	0.00000000
562	0.00000000
563	0.00000000
564	0.00000000
565	0.00000000
566	0.00000000
567	0.00000000
568	0.00000000
569	0.00000000
570	0.00000000
571	0.00000000
572	0.00000000
573	0.00000000
574	0.00000000
575	0.00000000
576	0.00000000
577	0.00000000
578	0.00000000
579	0.00000000
580	0.00000000
581	0.00000000
582	0.00000000
583	0.00000000
584	0.00000000
585	0.00000000
586	0.00000000
587	0.00000000
588	0.00000000
589	0.00000000
590	0.00000000
591	0.00000000
592	0.00000000
593	0.00000000
594	0.00000000
595	0.00000000
596	0.00000000
597	0.00000000
598	0.00000000
599	0.00000000
600	0.00000000
601	0.00000000
602	0.00000000
603	0.00000000
604	0.00000000
605	0.00000000
606	0.00000000
607	0.00000000
608	0.00000000
609	0.00000000
610	0.00000000
611	0.00000000
612	0.00000000
613	0.00000000
614	0.00000000
615	0.00000000
616	0.00000000
617	0.00000000
618	0.00000000
619	0.00000000
620	0.00000000
621	0.00000000
622	0.00000000
623	0.00000000
624	0.00000000
625	0.00000000
626	0.00000000
627	0.00000000
628	0.00000000
629	0.00000000
630	0.00000000
631	0.00000000
632	0.00000000
633	0.00000000
634	0.00000000
635	0.00000000
636	0.00000000
637	0.00000000
638	0.00000000
639	0.00000000
640	0.00000000
641	0.00000000
642	0.00000000
643	0.00000000
644	0.00000000
645	0.00000000
646	0.00000000
647	0.00000000
648	0.00000000
649	0.00000000
650	0.00000000
651	0.00000000
652	0.00000000
653	0.00000000
654	0.00000000
655	0.00000000
656	0.00000000
657	0.00000000
658	0.00000000
659	0.00000000
660	0.00000000
661	0.00000000
662	0.00000000
663	0.00000000
664	0.00000000
665	0.00000000
666	0.00000000
667	0.00000000
668	0.00000000
669	0.00000000
670	0.00000000
671	0.00000000
672	0.00000000
673	0.00000000
674	0.00000000
675	0.00000000
676	0.00000000
677	0.00000000
678	0.00000000
679	0.00000000
680	0.00000000
681	0.00000000
682	0.00000000
683	0.00000000
684	0.00000000
685	0.00000000
686	0.00000000
687	0.00000000
688	0.00000000
689	0.00000000
690	0.00000000
691	0.00000000
692	0.00000000
693	0.00000000
694	0.00000000
695	0.00000000
696	0.00000000
697	0.00000000
698	0.00000000
699	0.00000000
700	0.00000000
701	0.00000000
702	0.00000000
703	0.00000000
704	0.00000000
705	0.00000000
706	0.00000000
707	0.00000000
708	0.00000000
709	0.00000000
710	0.00000000
711	0.00000000
712	0.00000000
713	0.00000000
714	0.00000000
715	0.00000000
716	0.00000000
717	0.00000000
718	0.00000000
719	0.00000000
720	0.00000000
721	0.00000000
722	0.00000000
723	0.00000000
724	0.00000000
725	0.00000000
726	0.00000000
727	0.00000000
728	0.00000000
729	0.00000000
730	0.00000000
731	0.00000000
732	0.00000000
733	0.00000000
734	0.00000000
735	0.00000000
736	0.00000000
737	0.00000000
738	0.00000000
739	0.00000000
740	0.00000000
741	0.00000000
742	0.00000000
743	0.00000000
744	0.00000000
745	0.00000000
746	0.00000000
747	0.00000000
748	0.00000000
749	0.00000000
750	0.00000000
751	0.00000000
752	0.00000000
753	0.00000000
754	0.00000000
755	0.00000000
756	0.00000000
757	0.00000000
758	0.00000000
759	0.00000000
760	0.00000000
761	0.00000000
762	0.00000000
763	0.00000000
764	0.00000000
765	0.00000000
766	0.00000000
767	0.00000000
768	0.00000000
769	0.00000000
770	0.00000000
771	0.00000000
772	0.00000000
773	0.00000000
774	0.00000000
775	0.00000000
776	0.00000000
777	0.00000000
778	0.00000000
779	0.00000000
780	0.00000000
781	0.00000000
782	0.00000000
783	0.00000000
784	0.00000000
785	0.00000000
786	0.00000000
787	0.00000000
788	0.00000000
789	0.00000000
790	0.00000000
791	0.00000000
792	0.00000000
793	0.00000000
794	0.00000000
795	0.00000000
796	0.00000000
797	0.00000000
798	0.00000000
799	0.00000000
800	0.00000000
801	0.00000000
802	0.00000000
803	0.00000000
804	0.00000000
805	0.00000000
806	0.00000000
807	0.00000000
808	0.00000000
809	0.00000000
810	0.00000000
811	0.00000000
812	0.00000000
813	0.00000000
814	0.00000000
815	0.00000000
816	0.00000000
817	0.00000000
818	0.00000000
819	0.00000000
820	0.00000000
821	0.00000000
822	0.00000000
823	0.00000000
824	0.00000000
825	0.00000000
826	0.00000000
827	0.00000000
828	0.00000000
829	0.00000000
830	0.00000000
831	0.00000000
832	0.00000000
833	0.00000000
834	0.00000000
835	0.00000000
836	0.00000000
837	0.00000000
838	0.00000000
839	0.00000000
840	0.00000000
841	0.00000000
842	0.00000000
843	0.00000000
844	0.00000000
845	0.00000000
846	0.00000000
847	0.00000000
848	0.00000000
849	0.00000000
850	0.00000000
851	0.00000000
852	0.00000000
853	0.00000000
854	0.00000000
855	0.00000000
856	0.00000000
857	0.00000000
858	0.00000000
859	0.00000000
860	0.00000000
861	0.00000000
862	0.00000000
863	0.00000000
864	0.00000000
865	0.00000000
866	0.00000000
867	0.00000000
868	0.00000000
869	0.00000000
870	0.00000000
871	0.00000000
872	0.00000000
873	0.00000000
874	0.00000000
875	0.00000000
876	0.00000000
877	0.00000000
878	0.00000000
879	0.00000000
880	0.00000000
881	0.00000000
882	0.00000000
883	0.00000000
884	0.00000000
885	0.00000000
886	0.00000000
887	0.00000000
888	0.00000000
889	0.00000000
890	0.00000000
891	0.00000000
892	0.00000000
893	0.00000000
894	0.00000000
895	0.00000000
896	0.00000000
897	0.00000000
898	0.00000000
899	0.00000000
900	0.00000000
901	0.00000000
902	0.00000000
903	0.00000000
904	0.00000000
905	0.00000000
906	0.00000000
907	0.00000000
908	0.00000000
909	0.00000000
910	0.00000000
911	0.00000000
912	0.00000000
913	0.00000000
914	0.00000000
915	0.00000000
916	0.00000000
917	0.00000000
918	0.00000000
919	0.00000000
920	0.00000000
921	0.00000000
922	0.00000000
923	0.00000000
924	0.00000000
925	0.00000000
926	0.00000000
927	0.00000000
928	0.00000000
929	0.00000000
930	0.00000000
931	0.00000000
932	0.00000000
933	0.00000000
934	0.00000000
935	0.00000000
936	0.00000000
937	0.00000000
938	0.00000000
939	0.00000000
940	0.00000000
941	0.00000000
942	0.00000000
943	0.00000000
944	0.00000000
945	0.00000000
946	0.00000000
947	0.00000000
948	0.00000000
949	0.00000000
950	0.00000000
951	0.00000000
952	0.00000000
953	0.00000000
954	0.00000000
955	0.00000000
956	0.00000000
957	0.00000000
958	0.00000000
959	0.00000000
960	0.00000000
961	0.00000000
962	0.00000000
963	0.00000000
964	0.00000000
965	0.00000000
966	0.00000000
967	0.00000000
968	0.00000000
969	0.00000000
970	0.00000000
971	0.00000000
972	0.00000000
973	0.00000000
974	0.00000000
975	0.00000000
976	0.00000000
977	0.00000000
978	0.00000000
979	0.00000000
980	0.00000000
981	0.00000000
982	0.00000000
983	0.00000000
984	0.00000000
985	0.00000000
986	0.00000000
987	0.00000000
988	0.00000000
989	0.00000000
990	0.00000000
991	0.00000000
992	0.00000000
993	0.00000000
994	0.00000000
995	0.00000000
996	0.00000000
997	0.00000000
998	0.00000000
999	0.00000000
