0	0.00000000
1	0.00000000
2	0.00000000
3	0.00000000
4	0.00000000
5	0.00000000
6	0.00000000
7	0.00000000
8	0.00000000
9	0.00000000
10	0.00000000
11	0.00000000
12	0.00000000
13	0.00488329
14	0.03286511
15	0.02710855
16	0.03328114
17	0.03067828
18	0.03800730
19	0.04199060
20	0.04407834
21	0.04007552
22	0.03676913
23	0.03258324
24	0.02984410
25	0.02708846
26	0.02524270
27	0.02308586
28	0.02216537
29	0.02060079
30	0.01943881
31	0.01858864
32	0.02075777
33	0.02335617
34	0.02463975
35	0.02675769
36	0.02779739
37	0.02745802
38	0.02721557
39	0.02748518
40	0.02662834
41	0.02634188
42	0.02603725
43	0.02552894
44	0.02476780
45	0.02430279
46	0.02383923
47	0.02308718
48	0.02284954
49	0.02234751
50	0.02175072
51	0.02124942
52	0.02050321
53	0.01985368
54	0.01913214
55	0.01918037
56	0.01921394
57	0.01896379
58	0.01878468
59	0.01831982
60	0.01782646
61	0.01741961
62	0.01709166
63	0.01682286
64	0.01663266
65	0.01649118
66	0.01618088
67	0.01575859
68	0.01537582
69	0.01501288
70	0.01461359
71	0.01417914
72	0.01382920
73	0.01336305
74	0.01295111
75	0.01246421
76	0.01208506
77	0.01173407
78	0.01149475
79	0.01131564
80	0.01100673
81	0.01075359
82	0.01051599
83	0.01019412
84	0.00995640
85	0.00978317
86	0.00951363
87	0.00929627
88	0.00900988
89	0.00877094
90	0.00848801
91	0.00820085
92	0.00793448
93	0.00767609
94	0.00741335
95	0.00717476
96	0.00695278
97	0.00672557
98	0.00650064
99	0.00629398
100	0.00609650
101	0.00592487
102	0.00578617
103	0.00563325
104	0.00545801
105	0.00530349
106	0.00514100
107	0.00498050
108	0.00483094
109	0.00468983
110	0.00453434
111	0.00439744
112	0.00426191
113	0.00412731
114	0.00399518
115	0.00386812
116	0.00374635
117	0.00362887
118	0.00351530
119	0.00340600
120	0.00329837
121	0.00319533
122	0.00309547
123	0.00299878
124	0.00290756
125	0.00282152
126	0.00273320
127	0.00265062
128	0.00256626
129	0.00248750
130	0.00240980
131	0.00233526
132	0.00226294
133	0.00219287
134	0.00212483
135	0.00205892
136	0.00199501
137	0.00193308
138	0.00187301
139	0.00181480
140	0.00175839
141	0.00170374
142	0.00165078
143	0.00159947
144	0.00154977
145	0.00150161
146	0.00145494
147	0.00140974
148	0.00136598
149	0.00132359
150	0.00128252
151	0.00124272
152	0.00120416
153	0.00116678
154	0.00113057
155	0.00109548
156	0.00106148
157	0.00102854
158	0.00099661
159	0.00096568
160	0.00093571
161	0.00090666
162	0.00087852
163	0.00085125
164	0.00082482
165	0.00079922
166	0.00077441
167	0.00075037
168	0.00072707
169	0.00070450
170	0.00068263
171	0.00066143
172	0.00064090
173	0.00062100
174	0.00060173
175	0.00058305
176	0.00056495
177	0.00054741
178	0.00053041
179	0.00051395
180	0.00049799
181	0.00048254
182	0.00046756
183	0.00045304
184	0.00043898
185	0.00042535
186	0.00041215
187	0.00039935
188	0.00038696
189	0.00037494
190	0.00036330
191	0.00035203
192	0.00034110
193	0.00033051
194	0.00032025
195	0.00031031
196	0.00030068
197	0.00029134
198	0.00028230
199	0.00027353
200	0.00026504
201	0.00025681
202	0.00024884
203	0.00024112
204	0.00023363
205	0.00022638
206	0.00021935
207	0.00021254
208	0.00020594
209	0.00019955
210	0.00019336
211	0.00018735
212	0.00018154
213	0.00017590
214	0.00017044
215	0.00016515
216	0.00016002
217	0.00015506
218	0.00015024
219	0.00014558
220	0.00014106
221	0.00013668
222	0.00013244
223	0.00012833
224	0.00012434
225	0.00012048
226	0.00011674
227	0.00011312
228	0.00010961
229	0.00010621
230	0.00010291
231	0.00009971
232	0.00009662
233	0.00009362
234	0.00009071
235	0.00008790
236	0.00008517
237	0.00008252
238	0.00007996
239	0.00007748
240	0.00007507
241	0.00007274
242	0.00007049
243	0.00006830
244	0.00006618
245	0.00006412
246	0.00006213
247	0.00006020
248	0.00005834
249	0.00005652
250	0.00005477
251	0.00005307
252	0.00005142
253	0.00004983
254	0.00004828
255	0.00004678
256	0.00004533
257	0.00004392
258	0.00004256
259	0.00004124
260	0.00003996
261	0.00003872
262	0.00003751
263	0.00003635
264	0.00003522
265	0.00003413
266	0.00003307
267	0.00003204
268	0.00003105
269	0.00003008
270	0.00002915
271	0.00002824
272	0.00002737
273	0.00002652
274	0.00002569
275	0.00002490
276	0.00002412
277	0.00002338
278	0.00002265
279	0.00002195
280	0.00002127
281	0.00002061
282	0.00001997
283	0.00001935
284	0.00001875
285	0.00001816
286	0.00001760
287	0.00001705
288	0.00001652
289	0.00001601
290	0.00001551
291	0.00001503
292	0.00001457
293	0.00001411
294	0.00001368
295	0.00001325
296	0.00001284
297	0.00001244
298	0.00001205
299	0.00001168
300	0.00001132
301	0.00001097
302	0.00001063
303	0.00001030
304	0.00000998
305	0.00000967
306	0.00000937
307	0.00000908
308	0.00000879
309	0.00000852
310	0.00000826
311	0.00000800
312	0.00000775
313	0.00000751
314	0.00000728
315	0.00000705
316	0.00000683
317	0.00000662
318	0.00000642
319	0.00000622
320	0.00000602
321	0.00000584
322	0.00000566
323	0.00000548
324	0.00000531
325	0.00000514
326	0.00000499
327	0.00000483
328	0.00000468
329	0.00000454
330	0.00000439
331	0.00000426
332	0.00000413
333	0.00000400
334	0.00000387
335	0.00000375
336	0.00000364
337	0.00000352
338	0.00000341
339	0.00000331
340	0.00000321
341	0.00000311
342	0.00000301
343	0.00000292
344	0.00000283
345	0.00000274
346	0.00000265
347	0.00000257
348	0.00000249
349	0.00000241
350	0.00000234
351	0.00000227
352	0.00000220
353	0.00000213
354	0.00000206
355	0.00000200
356	0.00000194
357	0.00000188
358	0.00000182
359	0.00000176
360	0.00000171
361	0.00000165
362	0.00000160
363	0.00000155
364	0.00000150
365	0.00000146
366	0.00000141
367	0.00000137
368	0.00000133
369	0.00000128
370	0.00000124
371	0.00000121
372	0.00000117
373	0.00000113
374	0.00000110
375	0.00000106
376	0.00000103
377	0.00000100
378	0.00000097
379	0.00000094
380	0.00000091
381	0.00000088
382	0.00000085
383	0.00000083
384	0.00000080
385	0.00000078
386	0.00000075
387	0.00000073
388	0.00000071
389	0.00000068
390	0.00000066
391	0.00000064
392	0.00000062
393	0.00000060
394	0.00000058
395	0.00000057
396	0.00000055
397	0.00000053
398	0.00000051
399	0.00000050
400	0.00000048
401	0.00000047
402	0.00000045
403	0.00000044
404	0.00000043
405	0.00000041
406	0.00000040
407	0.00000039
408	0.00000038
409	0.00000036
410	0.00000035
411	0.00000034
412	0.00000033
413	0.00000032
414	0.00000031
415	0.00000030
416	0.00000029
417	0.00000028
418	0.00000027
419	0.00000027
420	0.00000026
421	0.00000025
422	0.00000024
423	0.00000023
424	0.00000023
425	0.00000022
426	0.00000021
427	0.00000021
428	0.00000020
429	0.00000019
430	0.00000019
431	0.00000018
432	0.00000018
433	0.00000017
434	0.00000017
435	0.00000016
436	0.00000016
437	0.00000015
438	0.00000015
439	0.00000014
440	0.00000014
441	0.00000013
442	0.00000013
443	0.00000012
444	0.00000012
445	0.00000012
446	0.00000011
447	0.00000011
448	0.00000011
449	0.00000010
450	0.00000010
451	0.00000010
452	0.00000009
453	0.00000009
454	0.00000009
455	0.00000009
456	0.00000008
457	0.00000008
458	0.00000008
459	0.00000008
460	0.00000007
461	0.00000007
462	0.00000007
463	0.00000007
464	0.00000006
465	0.00000006
466	0.00000006
467	0.00000006
468	0.00000006
469	0.00000005
470	0.00000005
471	0.00000005
472	0.00000005
473	0.00000005
474	0.00000005
475	0.00000005
476	0.00000004
477	0.00000004
478	0.00000004
479	0.00000004
480	0.00000004
481	0.00000004
482	0.00000004
483	0.00000004
484	0.00000003
485	0.00000003
486	0.00000003
487	0.00000003
488	0.00000003
489	0.00000003
490	0.00000003
491	0.00000003
492	0.00000003
493	0.00000003
494	0.00000002
495	0.00000002
496	0.00000002
497	0.00000002
498	0.00000002
499	0.00000002
500	0.00000002
501	0.00000002
502	0.00000002
503	0.00000002
504	0.00000002
505	0.00000002
506	0.00000002
507	0.00000002
508	0.00000002
509	0.00000002
510	0.00000002
511	0.00000001
512	0.00000001
513	0.00000001
514	0.00000001
515	0.00000001
516	0.00000001
517	0.00000001
518	0.00000001
519	0.00000001
520	0.00000001
521	0.00000001
522	0.00000001
523	0.00000001
524	0.00000001
525	0.00000001
526	0.00000001
527	0.00000001
528	0.00000001
529	0.00000001
530	0.00000001
531	0.00000001
532	0.00000001
533	0.00000001
534	0.00000001
535	0.00000001
536	0.00000001
537	0.00000001
538	0.00000001
539	0.00000001
540	0.00000001
541	0.00000001
542	0.00000001
543	0.00000001
544	0.00000001
545	0.00000000
546	0.00000000
547	0.00000000
548	0.00000000
549	0.00000000
550	0.00000000
551	0.00000000
552	0.00000000
553	0.00000000
554	0.00000000
555	0.00000000
556	0.00000000
557	0.00000000
558	0.00000000
559	0.00000000
560	0.00000000
561	0.00000000
562	0.00000000
563	0.00000000
564	0.00000000
565	0.00000000
566	0.00000000
567	0.00000000
568	0.00000000
569	0.00000000
570	0.00000000
571	0.00000000
572	0.00000000
573	0.00000000
574	0.00000000
575	0.00000000
576	0.00000000
577	0.00000000
578	0.00000000
579	0.00000000
580	0.00000000
581	0.00000000
582	0.00000000
583	0.00000000
584	0.00000000
585	0.00000000
586	0.00000000
587	0.00000000
588	0.00000000
589	0.00000000
590	0.00000000
591	0.00000000
592	0.00000000
593	0.00000000
594	0.00000000
595	0.00000000
596	0.00000000
597	0.00000000
598	0.00000000
599	0.00000000
600	0.00000000
601	0.00000000
602	0.00000000
603	0.00000000
604	0.00000000
605	0.00000000
606	0.00000000
607	0.00000000
608	0.00000000
609	0.00000000
610	0.00000000
611	0.00000000
612	0.00000000
613	0.00000000
614	0.00000000
615	0.00000000
616	0.00000000
617	0.00000000
618	0.00000000
619	0.00000000
620	0.00000000
621	0.00000000
622	0.00000000
623	0.00000000
624	0.00000000
625	0.00000000
626	0.00000000
627	0.00000000
628	0.00000000
629	0.00000000
630	0.00000000
631	0.00000000
632	0.00000000
633	0.00000000
634	0.00000000
635	0.00000000
636	0.00000000
637	0.00000000
638	0.00000000
639	0.00000000
640	0.00000000
641	0.00000000
642	0.00000000
643	0.00000000
644	0.00000000
645	0.00000000
646	0.00000000
647	0.00000000
648	0.00000000
649	0.00000000
650	0.00000000
651	0.00000000
652	0.00000000
653	0.00000000
654	0.00000000
655	0.00000000
656	0.00000000
657	0.00000000
658	0.00000000
659	0.00000000
660	0.00000000
661	0.00000000
662	0.00000000
663	0.00000000
664	0.00000000
665	0.00000000
666	0.00000000
667	0.00000000
668	0.00000000
669	0.00000000
670	0.00000000
671	0.00000000
672	0.00000000
673	0.00000000
674	0.00000000
675	0.00000000
676	0.00000000
677	0.00000000
678	0.00000000
679	0.00000000
680	0.00000000
681	0.00000000
682	0.00000000
683	0.00000000
684	0.00000000
685	0.00000000
686	0.00000000
687	0.00000000
688	0.00000000
689	0.00000000
690	0.00000000
691	0.00000000
692	0.00000000
693	0.00000000
694	0.00000000
695	0.00000000
696	0.00000000
697	0.00000000
698	0.00000000
699	0.00000000
700	0.00000000
701	0.00000000
702	0.00000000
703	0.00000000
704	0.00000000
705	0.00000000
706	0.00000000
707	0.00000000
708	0.00000000
709	0.00000000
710	0.00000000
711	0.00000000
712	0.00000000
713	0.00000000
714	0.00000000
715	0.00000000
716	0.00000000
717	0.00000000
718	0.00000000
719	0.00000000
720	0.00000000
721	0.00000000
722	0.00000000
723	0.00000000
724	0.00000000
725	0.00000000
726	0.00000000
727	0.00000000
728	0.00000000
729	0.00000000
730	0.00000000
731	0.00000000
732	0.00000000
733	0.00000000
734	0.00000000
735	0.00000000
736	0.00000000
737	0.00000000
738	0.00000000
739	0.00000000
740	0.00000000
741	0.00000000
742	0.00000000
743	0.00000000
744	0.00000000
745	0.00000000
746	0.00000000
747	0.00000000
748	0.00000000
749	0.00000000
750	0.00000000
751	0.00000000
752	0.00000000
753	0.00000000
754	0.00000000
755	0.00000000
756	0.00000000
757	0.00000000
758	0.00000000
759	0.00000000
760	0.00000000
761	0.00000000
762	0.00000000
763	0.00000000
764	0.00000000
765	0.00000000
766	0.00000000
767	0.00000000
768	0.00000000
769	0.00000000
770	0.00000000
771	0.00000000
772	0.00000000
773	0.00000000
774	0.00000000
775	0.00000000
776	0.00000000
777	0.00000000
778	0.00000000
779	0.00000000
780	0.00000000
781	0.00000000
782	0.00000000
783	0.00000000
784	0.00000000
785	0.00000000
786	0.00000000
787	0.00000000
788	0.00000000
789	0.00000000
790	0.00000000
791	0.00000000
792	0.00000000
793	0.00000000
794	0.00000000
795	0.00000000
796	0.00000000
797	0.00000000
798	0.00000000
799	0.00000000
800	0.00000000
801	0.00000000
802	0.00000000
803	0.00000000
804	0.00000000
805	0.00000000
806	0.00000000
807	0.00000000
808	0.00000000
809	0.00000000
810	0.00000000
811	0.00000000
812	0.00000000
813	0.00000000
814	0.00000000
815	0.00000000
816	0.00000000
817	0.00000000
818	0.00000000
819	0.00000000
820	0.00000000
821	0.00000000
822	0.00000000
823	0.00000000
824	0.00000000
825	0.00000000
826	0.00000000
827	0.00000000
828	0.00000000
829	0.00000000
830	0.00000000
831	0.00000000
832	0.00000000
833	0.00000000
834	0.00000000
835	0.00000000
836	0.00000000
837	0.00000000
838	0.00000000
839	0.00000000
840	0.00000000
841	0.00000000
842	0.00000000
843	0.00000000
844	0.00000000
845	0.00000000
846	0.00000000
847	0.00000000
848	0.00000000
849	0.00000000
850	0.00000000
851	0.00000000
852	0.00000000
853	0.00000000
854	0.00000000
855	0.00000000
856	0.00000000
857	0.00000000
858	0.00000000
859	0.00000000
860	0.00000000
861	0.00000000
862	0.00000000
863	0.00000000
864	0.00000000
865	0.00000000
866	0.00000000
867	0.00000000
868	0.00000000
869	0.00000000
870	0.00000000
871	0.00000000
872	0.00000000
873	0.00000000
874	0.00000000
875	0.00000000
876	0.00000000
877	0.00000000
878	0.00000000
879	0.00000000
880	0.00000000
881	0.00000000
882	0.00000000
883	0.00000000
884	0.00000000
885	0.00000000
886	0.00000000
887	0.00000000
888	0.00000000
889	0.00000000
890	0.00000000
891	0.00000000
892	0.00000000
893	0.00000000
894	0.00000000
895	0.00000000
896	0.00000000
897	0.00000000
898	0.00000000
899	0.00000000
900	0.00000000
901	0.00000000
902	0.00000000
903	0.00000000
904	0.00000000
905	0.00000000
906	0.00000000
907	0.00000000
908	0.00000000
909	0.00000000
910	0.00000000
911	0.00000000
912	0.00000000
913	0.00000000
914	0.00000000
915	0.00000000
916	0.00000000
917	0.00000000
918	0.00000000
919	0.00000000
920	0.00000000
921	0.00000000
922	0.00000000
923	0.00000000
924	0.00000000
925	0.00000000
926	0.00000000
927	0.00000000
928	0.00000000
929	0.00000000
930	0.00000000
931	0.00000000
932	0.00000000
933	0.00000000
934	0.00000000
935	0.00000000
936	0.00000000
937	0.00000000
938	0.00000000
939	0.00000000
940	0.00000000
941	0.00000000
942	0.00000000
943	0.00000000
944	0.00000000
945	0.00000000
946	0.00000000
947	0.00000000
948	0.00000000
949	0.00000000
950	0.00000000
951	0.00000000
952	0.00000000
953	0.00000000
954	0.00000000
955	0.00000000
956	0.00000000
957	0.00000000
958	0.00000000
959	0.00000000
960	0.00000000
961	0.00000000
962	0.00000000
963	0.00000000
964	0.00000000
965	0.00000000
966	0.00000000
967	0.00000000
968	0.00000000
969	0.00000000
970	0.00000000
971	0.00000000
972	0.00000000
973	0.00000000
974	0.00000000
975	0.00000000
976	0.00000000
977	0.00000000
978	0.00000000
979	0.00000000
980	0.00000000
981	0.00000000
982	0.00000000
983	0.00000000
984	0.00000000
985	0.00000000
986	0.00000000
987	0.00000000
988	0.00000000
989	0.00000000
990	0.00000000
991	0.00000000
992	0.00000000
993	0.00000000
994	0.00000000
995	0.00000000
996	0.00000000
997	0.00000000
998	0.00000000
999	0.00000000
