0	0.00000000
1	0.00000000
2	0.00000000
3	0.00000000
4	0.00000000
5	0.00000000
6	0.00000000
7	0.00000000
8	0.00000000
9	0.00000000
10	0.00000000
11	0.00000000
12	0.00000000
13	0.00470680
14	0.03190696
15	0.02651151
16	0.03219735
17	0.02924160
18	0.03662768
19	0.04085443
20	0.04361596
21	0.03958866
22	0.03711891
23	0.03264843
24	0.02948895
25	0.02662567
26	0.02491087
27	0.02285175
28	0.02199862
29	0.02039751
30	0.01936158
31	0.01866789
32	0.02095128
33	0.02349029
34	0.02485975
35	0.02715295
36	0.02804737
37	0.02762804
38	0.02732763
39	0.02726596
40	0.02651809
41	0.02624750
42	0.02587806
43	0.02533270
44	0.02469657
45	0.02429389
46	0.02386738
47	0.02315629
48	0.02281199
49	0.02238523
50	0.02180604
51	0.02123534
52	0.02059911
53	0.01989091
54	0.01912312
55	0.01927237
56	0.01926237
57	0.01898219
58	0.01883325
59	0.01838527
60	0.01783555
61	0.01738797
62	0.01701925
63	0.01678892
64	0.01663993
65	0.01647209
66	0.01618597
67	0.01579326
68	0.01537049
69	0.01504261
70	0.01464896
71	0.01420339
72	0.01383743
73	0.01336454
74	0.01296070
75	0.01248551
76	0.01211414
77	0.01174313
78	0.01151499
79	0.01134307
80	0.01103460
81	0.01076409
82	0.01055361
83	0.01021728
84	0.00996594
85	0.00978478
86	0.00951663
87	0.00930072
88	0.00902297
89	0.00878378
90	0.00849837
91	0.00820192
92	0.00795167
93	0.00768956
94	0.00742105
95	0.00718537
96	0.00696205
97	0.00673227
98	0.00651148
99	0.00630417
100	0.00610721
101	0.00593575
102	0.00580242
103	0.00564000
104	0.00546724
105	0.00531330
106	0.00514865
107	0.00498598
108	0.00483539
109	0.00469241
110	0.00454153
111	0.00440184
112	0.00426872
113	0.00413121
114	0.00400295
115	0.00387273
116	0.00375174
117	0.00363421
118	0.00352065
119	0.00341107
120	0.00330330
121	0.00320016
122	0.00310013
123	0.00300337
124	0.00291236
125	0.00282679
126	0.00273765
127	0.00265468
128	0.00257024
129	0.00249133
130	0.00241342
131	0.00233872
132	0.00226624
133	0.00219604
134	0.00212792
135	0.00206194
136	0.00199795
137	0.00193592
138	0.00187577
139	0.00181749
140	0.00176100
141	0.00170626
142	0.00165323
143	0.00160185
144	0.00155207
145	0.00150384
146	0.00145711
147	0.00141185
148	0.00136802
149	0.00132558
150	0.00128445
151	0.00124459
152	0.00120597
153	0.00116853
154	0.00113226
155	0.00109712
156	0.00106307
157	0.00103007
158	0.00099810
159	0.00096712
160	0.00093710
161	0.00090802
162	0.00087983
163	0.00085252
164	0.00082605
165	0.00080041
166	0.00077556
167	0.00075149
168	0.00072816
169	0.00070555
170	0.00068365
171	0.00066242
172	0.00064186
173	0.00062193
174	0.00060262
175	0.00058392
176	0.00056579
177	0.00054823
178	0.00053121
179	0.00051472
180	0.00049874
181	0.00048326
182	0.00046825
183	0.00045372
184	0.00043963
185	0.00042599
186	0.00041276
187	0.00039995
188	0.00038753
189	0.00037550
190	0.00036385
191	0.00035255
192	0.00034161
193	0.00033100
194	0.00032073
195	0.00031077
196	0.00030112
197	0.00029178
198	0.00028272
199	0.00027394
200	0.00026544
201	0.00025720
202	0.00024921
203	0.00024148
204	0.00023398
205	0.00022672
206	0.00021968
207	0.00021286
208	0.00020625
209	0.00019985
210	0.00019365
211	0.00018763
212	0.00018181
213	0.00017617
214	0.00017070
215	0.00016540
216	0.00016026
217	0.00015529
218	0.00015047
219	0.00014580
220	0.00014127
221	0.00013689
222	0.00013264
223	0.00012852
224	0.00012453
225	0.00012066
226	0.00011692
227	0.00011329
228	0.00010977
229	0.00010636
230	0.00010306
231	0.00009986
232	0.00009676
233	0.00009376
234	0.00009085
235	0.00008803
236	0.00008530
237	0.00008265
238	0.00008008
239	0.00007760
240	0.00007519
241	0.00007285
242	0.00007059
243	0.00006840
244	0.00006628
245	0.00006422
246	0.00006223
247	0.00006029
248	0.00005842
249	0.00005661
250	0.00005485
251	0.00005315
252	0.00005150
253	0.00004990
254	0.00004835
255	0.00004685
256	0.00004540
257	0.00004399
258	0.00004262
259	0.00004130
260	0.00004002
261	0.00003877
262	0.00003757
263	0.00003640
264	0.00003527
265	0.00003418
266	0.00003312
267	0.00003209
268	0.00003109
269	0.00003013
270	0.00002919
271	0.00002829
272	0.00002741
273	0.00002656
274	0.00002573
275	0.00002493
276	0.00002416
277	0.00002341
278	0.00002268
279	0.00002198
280	0.00002130
281	0.00002064
282	0.00002000
283	0.00001937
284	0.00001877
285	0.00001819
286	0.00001763
287	0.00001708
288	0.00001655
289	0.00001603
290	0.00001554
291	0.00001505
292	0.00001459
293	0.00001413
294	0.00001370
295	0.00001327
296	0.00001286
297	0.00001246
298	0.00001207
299	0.00001170
300	0.00001133
301	0.00001098
302	0.00001064
303	0.00001031
304	0.00000999
305	0.00000968
306	0.00000938
307	0.00000909
308	0.00000881
309	0.00000853
310	0.00000827
311	0.00000801
312	0.00000776
313	0.00000752
314	0.00000729
315	0.00000706
316	0.00000684
317	0.00000663
318	0.00000643
319	0.00000623
320	0.00000603
321	0.00000585
322	0.00000566
323	0.00000549
324	0.00000532
325	0.00000515
326	0.00000499
327	0.00000484
328	0.00000469
329	0.00000454
330	0.00000440
331	0.00000426
332	0.00000413
333	0.00000400
334	0.00000388
335	0.00000376
336	0.00000364
337	0.00000353
338	0.00000342
339	0.00000331
340	0.00000321
341	0.00000311
342	0.00000301
343	0.00000292
344	0.00000283
345	0.00000274
346	0.00000266
347	0.00000257
348	0.00000249
349	0.00000242
350	0.00000234
351	0.00000227
352	0.00000220
353	0.00000213
354	0.00000206
355	0.00000200
356	0.00000194
357	0.00000188
358	0.00000182
359	0.00000176
360	0.00000171
361	0.00000166
362	0.00000160
363	0.00000155
364	0.00000151
365	0.00000146
366	0.00000141
367	0.00000137
368	0.00000133
369	0.00000129
370	0.00000125
371	0.00000121
372	0.00000117
373	0.00000113
374	0.00000110
375	0.00000106
376	0.00000103
377	0.00000100
378	0.00000097
379	0.00000094
380	0.00000091
381	0.00000088
382	0.00000085
383	0.00000083
384	0.00000080
385	0.00000078
386	0.00000075
387	0.00000073
388	0.00000071
389	0.00000068
390	0.00000066
391	0.00000064
392	0.00000062
393	0.00000060
394	0.00000058
395	0.00000057
396	0.00000055
397	0.00000053
398	0.00000052
399	0.00000050
400	0.00000048
401	0.00000047
402	0.00000045
403	0.00000044
404	0.00000043
405	0.00000041
406	0.00000040
407	0.00000039
408	0.00000038
409	0.00000036
410	0.00000035
411	0.00000034
412	0.00000033
413	0.00000032
414	0.00000031
415	0.00000030
416	0.00000029
417	0.00000028
418	0.00000027
419	0.00000027
420	0.00000026
421	0.00000025
422	0.00000024
423	0.00000023
424	0.00000023
425	0.00000022
426	0.00000021
427	0.00000021
428	0.00000020
429	0.00000019
430	0.00000019
431	0.00000018
432	0.00000018
433	0.00000017
434	0.00000017
435	0.00000016
436	0.00000016
437	0.00000015
438	0.00000015
439	0.00000014
440	0.00000014
441	0.00000013
442	0.00000013
443	0.00000012
444	0.00000012
445	0.00000012
446	0.00000011
447	0.00000011
448	0.00000011
449	0.00000010
450	0.00000010
451	0.00000010
452	0.00000009
453	0.00000009
454	0.00000009
455	0.00000009
456	0.00000008
457	0.00000008
458	0.00000008
459	0.00000008
460	0.00000007
461	0.00000007
462	0.00000007
463	0.00000007
464	0.00000006
465	0.00000006
466	0.00000006
467	0.00000006
468	0.00000006
469	0.00000005
470	0.00000005
471	0.00000005
472	0.00000005
473	0.00000005
474	0.00000005
475	0.00000005
476	0.00000004
477	0.00000004
478	0.00000004
479	0.00000004
480	0.00000004
481	0.00000004
482	0.00000004
483	0.00000004
484	0.00000003
485	0.00000003
486	0.00000003
487	0.00000003
488	0.00000003
489	0.00000003
490	0.00000003
491	0.00000003
492	0.00000003
493	0.00000003
494	0.00000002
495	0.00000002
496	0.00000002
497	0.00000002
498	0.00000002
499	0.00000002
500	0.00000002
501	0.00000002
502	0.00000002
503	0.00000002
504	0.00000002
505	0.00000002
506	0.00000002
507	0.00000002
508	0.00000002
509	0.00000002
510	0.00000002
511	0.00000001
512	0.00000001
513	0.00000001
514	0.00000001
515	0.00000001
516	0.00000001
517	0.00000001
518	0.00000001
519	0.00000001
520	0.00000001
521	0.00000001
522	0.00000001
523	0.00000001
524	0.00000001
525	0.00000001
526	0.00000001
527	0.00000001
528	0.00000001
529	0.00000001
530	0.00000001
531	0.00000001
532	0.00000001
533	0.00000001
534	0.00000001
535	0.00000001
536	0.00000001
537	0.00000001
538	0.00000001
539	0.00000001
540	0.00000001
541	0.00000001
542	0.00000001
543	0.00000001
544	0.00000001
545	0.00000001
546	0.00000000
547	0.00000000
548	0.00000000
549	0.00000000
550	0.00000000
551	0.00000000
552	0.00000000
553	0.00000000
554	0.00000000
555	0.00000000
556	0.00000000
557	0.00000000
558	0.00000000
559	0.00000000
560	0.00000000
561	0.00000000
562	0.00000000
563	0.00000000
564	0.00000000
565	0.00000000
566	0.00000000
567	0.00000000
568	0.00000000
569	0.00000000
570	0.00000000
571	0.00000000
572	0.00000000
573	0.00000000
574	0.00000000
575	0.00000000
576	0.00000000
577	0.00000000
578	0.00000000
579	0.00000000
580	0.00000000
581	0.00000000
582	0.00000000
583	0.00000000
584	0.00000000
585	0.00000000
586	0.00000000
587	0.00000000
588	0.00000000
589	0.00000000
590	0.00000000
591	0.00000000
592	0.00000000
593	0.00000000
594	0.00000000
595	0.00000000
596	0.00000000
597	0.00000000
598	0.00000000
599	0.00000000
600	0.00000000
601	0.00000000
602	0.00000000
603	0.00000000
604	0.00000000
605	0.00000000
606	0.00000000
607	0.00000000
608	0.00000000
609	0.00000000
610	0.00000000
611	0.00000000
612	0.00000000
613	0.00000000
614	0.00000000
615	0.00000000
616	0.00000000
617	0.00000000
618	0.00000000
619	0.00000000
620	0.00000000
621	0.00000000
622	0.00000000
623	0.00000000
624	0.00000000
625	0.00000000
626	0.00000000
627	0.00000000
628	0.00000000
629	0.00000000
630	0.00000000
631	0.00000000
632	0.00000000
633	0.00000000
634	0.00000000
635	0.00000000
636	0.00000000
637	0.00000000
638	0.00000000
639	0.00000000
640	0.00000000
641	0.00000000
642	0.00000000
643	0.00000000
644	0.00000000
645	0.00000000
646	0.00000000
647	0.00000000
648	0.00000000
649	0.00000000
650	0.00000000
651	0.00000000
652	0.00000000
653	0.00000000
654	0.00000000
655	0.00000000
656	0.00000000
657	0.00000000
658	0.00000000
659	0.00000000
660	0.00000000
661	0.00000000
662	0.00000000
663	0.00000000
664	0.00000000
665	0.00000000
666	0.00000000
667	0.00000000
668	0.00000000
669	0.00000000
670	0.00000000
671	0.00000000
672	0.00000000
673	0.00000000
674	0.00000000
675	0.00000000
676	0.00000000
677	0.00000000
678	0.00000000
679	0.00000000
680	0.00000000
681	0.00000000
682	0.00000000
683	0.00000000
684	0.00000000
685	0.00000000
686	0.00000000
687	0.00000000
688	0.00000000
689	0.00000000
690	0.00000000
691	0.00000000
692	0.00000000
693	0.00000000
694	0.00000000
695	0.00000000
696	0.00000000
697	0.00000000
698	0.00000000
699	0.00000000
700	0.00000000
701	0.00000000
702	0.00000000
703	0.00000000
704	0.00000000
705	0.00000000
706	0.00000000
707	0.00000000
708	0.00000000
709	0.00000000
710	0.00000000
711	0.00000000
712	0.00000000
713	0.00000000
714	0.00000000
715	0.00000000
716	0.00000000
717	0.00000000
718	0.00000000
719	0.00000000
720	0.00000000
721	0.00000000
722	0.00000000
723	0.00000000
724	0.00000000
725	0.00000000
726	0.00000000
727	0.00000000
728	0.00000000
729	0.00000000
730	0.00000000
731	0.00000000
732	0.00000000
733	0.00000000
734	0.00000000
735	0.00000000
736	0.00000000
737	0.00000000
738	0.00000000
739	0.00000000
740	0.00000000
741	0.00000000
742	0.00000000
743	0.00000000
744	0.00000000
745	0.00000000
746	0.00000000
747	0.00000000
748	0.00000000
749	0.00000000
750	0.00000000
751	0.00000000
752	0.00000000
753	0.00000000
754	0.00000000
755	0.00000000
756	0.00000000
757	0.00000000
758	0.00000000
759	0.00000000
760	0.00000000
761	0.00000000
762	0.00000000
763	0.00000000
764	0.00000000
765	0.00000000
766	0.00000000
767	0.00000000
768	0.00000000
769	0.00000000
770	0.00000000
771	0.00000000
772	0.00000000
773	0.00000000
774	0.00000000
775	0.00000000
776	0.00000000
777	0.00000000
778	0.00000000
779	0.00000000
780	0.00000000
781	0.00000000
782	0.00000000
783	0.00000000
784	0.00000000
785	0.00000000
786	0.00000000
787	0.00000000
788	0.00000000
789	0.00000000
790	0.00000000
791	0.00000000
792	0.00000000
793	0.00000000
794	0.00000000
795	0.00000000
796	0.00000000
797	0.00000000
798	0.00000000
799	0.00000000
800	0.00000000
801	0.00000000
802	0.00000000
803	0.00000000
804	0.00000000
805	0.00000000
806	0.00000000
807	0.00000000
808	0.00000000
809	0.00000000
810	0.00000000
811	0.00000000
812	0.00000000
813	0.00000000
814	0.00000000
815	0.00000000
816	0.00000000
817	0.00000000
818	0.00000000
819	0.00000000
820	0.00000000
821	0.00000000
822	0.00000000
823	0.00000000
824	0.00000000
825	0.00000000
826	0.00000000
827	0.00000000
828	0.00000000
829	0.00000000
830	0.00000000
831	0.00000000
832	0.00000000
833	0.00000000
834	0.00000000
835	0.00000000
836	0.00000000
837	0.00000000
838	0.00000000
839	0.00000000
840	0.00000000
841	0.00000000
842	0.00000000
843	0.00000000
844	0.00000000
845	0.00000000
846	0.00000000
847	0.00000000
848	0.00000000
849	0.00000000
850	0.00000000
851	0.00000000
852	0.00000000
853	0.00000000
854	0.00000000
855	0.00000000
856	0.00000000
857	0.00000000
858	0.00000000
859	0.00000000
860	0.00000000
861	0.00000000
862	0.00000000
863	0.00000000
864	0.00000000
865	0.00000000
866	0.00000000
867	0.00000000
868	0.00000000
869	0.00000000
870	0.00000000
871	0.00000000
872	0.00000000
873	0.00000000
874	0.00000000
875	0.00000000
876	0.00000000
877	0.00000000
878	0.00000000
879	0.00000000
880	0.00000000
881	0.00000000
882	0.00000000
883	0.00000000
884	0.00000000
885	0.00000000
886	0.00000000
887	0.00000000
888	0.00000000
889	0.00000000
890	0.00000000
891	0.00000000
892	0.00000000
893	0.00000000
894	0.00000000
895	0.00000000
896	0.00000000
897	0.00000000
898	0.00000000
899	0.00000000
900	0.00000000
901	0.00000000
902	0.00000000
903	0.00000000
904	0.00000000
905	0.00000000
906	0.00000000
907	0.00000000
908	0.00000000
909	0.00000000
910	0.00000000
911	0.00000000
912	0.00000000
913	0.00000000
914	0.00000000
915	0.00000000
916	0.00000000
917	0.00000000
918	0.00000000
919	0.00000000
920	0.00000000
921	0.00000000
922	0.00000000
923	0.00000000
924	0.00000000
925	0.00000000
926	0.00000000
927	0.00000000
928	0.00000000
929	0.00000000
930	0.00000000
931	0.00000000
932	0.00000000
933	0.00000000
934	0.00000000
935	0.00000000
936	0.00000000
937	0.00000000
938	0.00000000
939	0.00000000
940	0.00000000
941	0.00000000
942	0.00000000
943	0.00000000
944	0.00000000
945	0.00000000
946	0.00000000
947	0.00000000
948	0.00000000
949	0.00000000
950	0.00000000
951	0.00000000
952	0.00000000
953	0.00000000
954	0.00000000
955	0.00000000
956	0.00000000
957	0.00000000
958	0.00000000
959	0.00000000
960	0.00000000
961	0.00000000
962	0.00000000
963	0.00000000
964	0.00000000
965	0.00000000
966	0.00000000
967	0.00000000
968	0.00000000
969	0.00000000
970	0.00000000
971	0.00000000
972	0.00000000
973	0.00000000
974	0.00000000
975	0.00000000
976	0.00000000
977	0.00000000
978	0.00000000
979	0.00000000
980	0.00000000
981	0.00000000
982	0.00000000
983	0.00000000
984	0.00000000
985	0.00000000
986	0.00000000
987	0.00000000
988	0.00000000
989	0.00000000
990	0.00000000
991	0.00000000
992	0.00000000
993	0.00000000
994	0.00000000
995	0.00000000
996	0.00000000
997	0.00000000
998	0.00000000
999	0.00000000
