0	0.00000000
1	0.00000000
2	0.00000000
3	0.00000000
4	0.00000000
5	0.00000000
6	0.00000000
7	0.00000000
8	0.00000000
9	0.00000000
10	0.00000000
11	0.00000000
12	0.00000000
13	0.00400628
14	0.02718529
15	0.02264418
16	0.02947049
17	0.02851343
18	0.03698502
19	0.04185797
20	0.04461927
21	0.04100791
22	0.03790290
23	0.03385212
24	0.03132129
25	0.02839346
26	0.02633650
27	0.02400268
28	0.02290151
29	0.02119812
30	0.01992376
31	0.01884978
32	0.02064308
33	0.02281040
34	0.02414518
35	0.02614443
36	0.02708542
37	0.02693882
38	0.02692458
39	0.02735656
40	0.02654490
41	0.02637263
42	0.02602801
43	0.02558226
44	0.02474040
45	0.02412993
46	0.02361043
47	0.02287313
48	0.02268525
49	0.02223676
50	0.02163193
51	0.02121550
52	0.02043458
53	0.01980675
54	0.01907998
55	0.01906981
56	0.01908639
57	0.01881003
58	0.01856844
59	0.01809749
60	0.01763528
61	0.01727857
62	0.01695378
63	0.01668637
64	0.01646894
65	0.01635153
66	0.01601123
67	0.01560766
68	0.01526817
69	0.01489268
70	0.01449971
71	0.01408046
72	0.01372982
73	0.01327237
74	0.01286400
75	0.01237070
76	0.01199173
77	0.01163627
78	0.01139253
79	0.01119577
80	0.01087530
81	0.01062699
82	0.01038182
83	0.01006314
84	0.00983588
85	0.00967692
86	0.00941118
87	0.00920053
88	0.00891803
89	0.00868480
90	0.00840324
91	0.00811971
92	0.00785355
93	0.00759588
94	0.00733867
95	0.00709911
96	0.00688048
97	0.00665426
98	0.00643078
99	0.00622686
100	0.00603045
101	0.00586076
102	0.00572097
103	0.00556693
104	0.00539197
105	0.00523837
106	0.00507763
107	0.00492097
108	0.00477620
109	0.00463930
110	0.00448309
111	0.00434811
112	0.00421464
113	0.00408084
114	0.00394980
115	0.00382505
116	0.00370424
117	0.00358819
118	0.00347599
119	0.00336799
120	0.00326140
121	0.00315944
122	0.00306068
123	0.00296501
124	0.00287477
125	0.00278904
126	0.00270198
127	0.00261991
128	0.00253685
129	0.00245881
130	0.00238211
131	0.00230848
132	0.00223707
133	0.00216781
134	0.00210057
135	0.00203542
136	0.00197226
137	0.00191102
138	0.00185166
139	0.00179412
140	0.00173837
141	0.00168434
142	0.00163199
143	0.00158127
144	0.00153213
145	0.00148452
146	0.00143839
147	0.00139370
148	0.00135043
149	0.00130852
150	0.00126792
151	0.00122857
152	0.00119044
153	0.00115349
154	0.00111768
155	0.00108299
156	0.00104938
157	0.00101681
158	0.00098525
159	0.00095467
160	0.00092504
161	0.00089633
162	0.00086851
163	0.00084155
164	0.00081542
165	0.00079011
166	0.00076558
167	0.00074182
168	0.00071879
169	0.00069647
170	0.00067485
171	0.00065390
172	0.00063360
173	0.00061393
174	0.00059487
175	0.00057640
176	0.00055851
177	0.00054117
178	0.00052437
179	0.00050809
180	0.00049232
181	0.00047704
182	0.00046223
183	0.00044788
184	0.00043398
185	0.00042050
186	0.00040745
187	0.00039480
188	0.00038255
189	0.00037067
190	0.00035917
191	0.00034802
192	0.00033721
193	0.00032674
194	0.00031660
195	0.00030677
196	0.00029725
197	0.00028802
198	0.00027908
199	0.00027042
200	0.00026202
201	0.00025389
202	0.00024601
203	0.00023837
204	0.00023097
205	0.00022380
206	0.00021685
207	0.00021012
208	0.00020360
209	0.00019728
210	0.00019115
211	0.00018522
212	0.00017947
213	0.00017390
214	0.00016850
215	0.00016327
216	0.00015820
217	0.00015329
218	0.00014853
219	0.00014392
220	0.00013945
221	0.00013512
222	0.00013093
223	0.00012687
224	0.00012293
225	0.00011911
226	0.00011541
227	0.00011183
228	0.00010836
229	0.00010499
230	0.00010174
231	0.00009858
232	0.00009552
233	0.00009255
234	0.00008968
235	0.00008690
236	0.00008420
237	0.00008158
238	0.00007905
239	0.00007660
240	0.00007422
241	0.00007192
242	0.00006968
243	0.00006752
244	0.00006542
245	0.00006339
246	0.00006142
247	0.00005952
248	0.00005767
249	0.00005588
250	0.00005415
251	0.00005246
252	0.00005084
253	0.00004926
254	0.00004773
255	0.00004625
256	0.00004481
257	0.00004342
258	0.00004207
259	0.00004077
260	0.00003950
261	0.00003827
262	0.00003709
263	0.00003594
264	0.00003482
265	0.00003374
266	0.00003269
267	0.00003168
268	0.00003069
269	0.00002974
270	0.00002882
271	0.00002792
272	0.00002706
273	0.00002622
274	0.00002540
275	0.00002461
276	0.00002385
277	0.00002311
278	0.00002239
279	0.00002170
280	0.00002102
281	0.00002037
282	0.00001974
283	0.00001913
284	0.00001853
285	0.00001796
286	0.00001740
287	0.00001686
288	0.00001634
289	0.00001583
290	0.00001534
291	0.00001486
292	0.00001440
293	0.00001395
294	0.00001352
295	0.00001310
296	0.00001269
297	0.00001230
298	0.00001192
299	0.00001155
300	0.00001119
301	0.00001084
302	0.00001050
303	0.00001018
304	0.00000986
305	0.00000956
306	0.00000926
307	0.00000897
308	0.00000869
309	0.00000842
310	0.00000816
311	0.00000791
312	0.00000766
313	0.00000743
314	0.00000720
315	0.00000697
316	0.00000676
317	0.00000655
318	0.00000634
319	0.00000615
320	0.00000595
321	0.00000577
322	0.00000559
323	0.00000542
324	0.00000525
325	0.00000509
326	0.00000493
327	0.00000478
328	0.00000463
329	0.00000448
330	0.00000434
331	0.00000421
332	0.00000408
333	0.00000395
334	0.00000383
335	0.00000371
336	0.00000360
337	0.00000348
338	0.00000338
339	0.00000327
340	0.00000317
341	0.00000307
342	0.00000298
343	0.00000288
344	0.00000279
345	0.00000271
346	0.00000262
347	0.00000254
348	0.00000246
349	0.00000239
350	0.00000231
351	0.00000224
352	0.00000217
353	0.00000210
354	0.00000204
355	0.00000197
356	0.00000191
357	0.00000185
358	0.00000180
359	0.00000174
360	0.00000169
361	0.00000163
362	0.00000158
363	0.00000153
364	0.00000149
365	0.00000144
366	0.00000140
367	0.00000135
368	0.00000131
369	0.00000127
370	0.00000123
371	0.00000119
372	0.00000116
373	0.00000112
374	0.00000108
375	0.00000105
376	0.00000102
377	0.00000099
378	0.00000096
379	0.00000093
380	0.00000090
381	0.00000087
382	0.00000084
383	0.00000082
384	0.00000079
385	0.00000077
386	0.00000074
387	0.00000072
388	0.00000070
389	0.00000068
390	0.00000065
391	0.00000063
392	0.00000061
393	0.00000060
394	0.00000058
395	0.00000056
396	0.00000054
397	0.00000053
398	0.00000051
399	0.00000049
400	0.00000048
401	0.00000046
402	0.00000045
403	0.00000043
404	0.00000042
405	0.00000041
406	0.00000040
407	0.00000038
408	0.00000037
409	0.00000036
410	0.00000035
411	0.00000034
412	0.00000033
413	0.00000032
414	0.00000031
415	0.00000030
416	0.00000029
417	0.00000028
418	0.00000027
419	0.00000026
420	0.00000025
421	0.00000025
422	0.00000024
423	0.00000023
424	0.00000022
425	0.00000022
426	0.00000021
427	0.00000020
428	0.00000020
429	0.00000019
430	0.00000019
431	0.00000018
432	0.00000017
433	0.00000017
434	0.00000016
435	0.00000016
436	0.00000015
437	0.00000015
438	0.00000014
439	0.00000014
440	0.00000014
441	0.00000013
442	0.00000013
443	0.00000012
444	0.00000012
445	0.00000012
446	0.00000011
447	0.00000011
448	0.00000011
449	0.00000010
450	0.00000010
451	0.00000010
452	0.00000009
453	0.00000009
454	0.00000009
455	0.00000008
456	0.00000008
457	0.00000008
458	0.00000008
459	0.00000007
460	0.00000007
461	0.00000007
462	0.00000007
463	0.00000007
464	0.00000006
465	0.00000006
466	0.00000006
467	0.00000006
468	0.00000006
469	0.00000005
470	0.00000005
471	0.00000005
472	0.00000005
473	0.00000005
474	0.00000005
475	0.00000004
476	0.00000004
477	0.00000004
478	0.00000004
479	0.00000004
480	0.00000004
481	0.00000004
482	0.00000004
483	0.00000003
484	0.00000003
485	0.00000003
486	0.00000003
487	0.00000003
488	0.00000003
489	0.00000003
490	0.00000003
491	0.00000003
492	0.00000003
493	0.00000003
494	0.00000002
495	0.00000002
496	0.00000002
497	0.00000002
498	0.00000002
499	0.00000002
500	0.00000002
501	0.00000002
502	0.00000002
503	0.00000002
504	0.00000002
505	0.00000002
506	0.00000002
507	0.00000002
508	0.00000002
509	0.00000002
510	0.00000001
511	0.00000001
512	0.00000001
513	0.00000001
514	0.00000001
515	0.00000001
516	0.00000001
517	0.00000001
518	0.00000001
519	0.00000001
520	0.00000001
521	0.00000001
522	0.00000001
523	0.00000001
524	0.00000001
525	0.00000001
526	0.00000001
527	0.00000001
528	0.00000001
529	0.00000001
530	0.00000001
531	0.00000001
532	0.00000001
533	0.00000001
534	0.00000001
535	0.00000001
536	0.00000001
537	0.00000001
538	0.00000001
539	0.00000001
540	0.00000001
541	0.00000001
542	0.00000001
543	0.00000001
544	0.00000001
545	0.00000000
546	0.00000000
547	0.00000000
548	0.00000000
549	0.00000000
550	0.00000000
551	0.00000000
552	0.00000000
553	0.00000000
554	0.00000000
555	0.00000000
556	0.00000000
557	0.00000000
558	0.00000000
559	0.00000000
560	0.00000000
561	0.00000000
562	0.00000000
563	0.00000000
564	0.00000000
565	0.00000000
566	0.00000000
567	0.00000000
568	0.00000000
569	0.00000000
570	0.00000000
571	0.00000000
572	0.00000000
573	0.00000000
574	0.00000000
575	0.00000000
576	0.00000000
577	0.00000000
578	0.00000000
579	0.00000000
580	0.00000000
581	0.00000000
582	0.00000000
583	0.00000000
584	0.00000000
585	0.00000000
586	0.00000000
587	0.00000000
588	0.00000000
589	0.00000000
590	0.00000000
591	0.00000000
592	0.00000000
593	0.00000000
594	0.00000000
595	0.00000000
596	0.00000000
597	0.00000000
598	0.00000000
599	0.00000000
600	0.00000000
601	0.00000000
602	0.00000000
603	0.00000000
604	0.00000000
605	0.00000000
606	0.00000000
607	0.00000000
608	0.00000000
609	0.00000000
610	0.00000000
611	0.00000000
612	0.00000000
613	0.00000000
614	0.00000000
615	0.00000000
616	0.00000000
617	0.00000000
618	0.00000000
619	0.00000000
620	0.00000000
621	0.00000000
622	0.00000000
623	0.00000000
624	0.00000000
625	0.00000000
626	0.00000000
627	0.00000000
628	0.00000000
629	0.00000000
630	0.00000000
631	0.00000000
632	0.00000000
633	0.00000000
634	0.00000000
635	0.00000000
636	0.00000000
637	0.00000000
638	0.00000000
639	0.00000000
640	0.00000000
641	0.00000000
642	0.00000000
643	0.00000000
644	0.00000000
645	0.00000000
646	0.00000000
647	0.00000000
648	0.00000000
649	0.00000000
650	0.00000000
651	0.00000000
652	0.00000000
653	0.00000000
654	0.00000000
655	0.00000000
656	0.00000000
657	0.00000000
658	0.00000000
659	0.00000000
660	0.00000000
661	0.00000000
662	0.00000000
663	0.00000000
664	0.00000000
665	0.00000000
666	0.00000000
667	0.00000000
668	0.00000000
669	0.00000000
670	0.00000000
671	0.00000000
672	0.00000000
673	0.00000000
674	0.00000000
675	0.00000000
676	0.00000000
677	0.00000000
678	0.00000000
679	0.00000000
680	0.00000000
681	0.00000000
682	0.00000000
683	0.00000000
684	0.00000000
685	0.00000000
686	0.00000000
687	0.00000000
688	0.00000000
689	0.00000000
690	0.00000000
691	0.00000000
692	0.00000000
693	0.00000000
694	0.00000000
695	0.00000000
696	0.00000000
697	0.00000000
698	0.00000000
699	0.00000000
700	0.00000000
701	0.00000000
702	0.00000000
703	0.00000000
704	0.00000000
705	0.00000000
706	0.00000000
707	0.00000000
708	0.00000000
709	0.00000000
710	0.00000000
711	0.00000000
712	0.00000000
713	0.00000000
714	0.00000000
715	0.00000000
716	0.00000000
717	0.00000000
718	0.00000000
719	0.00000000
720	0.00000000
721	0.00000000
722	0.00000000
723	0.00000000
724	0.00000000
725	0.00000000
726	0.00000000
727	0.00000000
728	0.00000000
729	0.00000000
730	0.00000000
731	0.00000000
732	0.00000000
733	0.00000000
734	0.00000000
735	0.00000000
736	0.00000000
737	0.00000000
738	0.00000000
739	0.00000000
740	0.00000000
741	0.00000000
742	0.00000000
743	0.00000000
744	0.00000000
745	0.00000000
746	0.00000000
747	0.00000000
748	0.00000000
749	0.00000000
750	0.00000000
751	0.00000000
752	0.00000000
753	0.00000000
754	0.00000000
755	0.00000000
756	0.00000000
757	0.00000000
758	0.00000000
759	0.00000000
760	0.00000000
761	0.00000000
762	0.00000000
763	0.00000000
764	0.00000000
765	0.00000000
766	0.00000000
767	0.00000000
768	0.00000000
769	0.00000000
770	0.00000000
771	0.00000000
772	0.00000000
773	0.00000000
774	0.00000000
775	0.00000000
776	0.00000000
777	0.00000000
778	0.00000000
779	0.00000000
780	0.00000000
781	0.00000000
782	0.00000000
783	0.00000000
784	0.00000000
785	0.00000000
786	0.00000000
787	0.00000000
788	0.00000000
789	0.00000000
790	0.00000000
791	0.00000000
792	0.00000000
793	0.00000000
794	0.00000000
795	0.00000000
796	0.00000000
797	0.00000000
798	0.00000000
799	0.00000000
800	0.00000000
801	0.00000000
802	0.00000000
803	0.00000000
804	0.00000000
805	0.00000000
806	0.00000000
807	0.00000000
808	0.00000000
809	0.00000000
810	0.00000000
811	0.00000000
812	0.00000000
813	0.00000000
814	0.00000000
815	0.00000000
816	0.00000000
817	0.00000000
818	0.00000000
819	0.00000000
820	0.00000000
821	0.00000000
822	0.00000000
823	0.00000000
824	0.00000000
825	0.00000000
826	0.00000000
827	0.00000000
828	0.00000000
829	0.00000000
830	0.00000000
831	0.00000000
832	0.00000000
833	0.00000000
834	0.00000000
835	0.00000000
836	0.00000000
837	0.00000000
838	0.00000000
839	0.00000000
840	0.00000000
841	0.00000000
842	0.00000000
843	0.00000000
844	0.00000000
845	0.00000000
846	0.00000000
847	0.00000000
848	0.00000000
849	0.00000000
850	0.00000000
851	0.00000000
852	0.00000000
853	0.00000000
854	0.00000000
855	0.00000000
856	0.00000000
857	0.00000000
858	0.00000000
859	0.00000000
860	0.00000000
861	0.00000000
862	0.00000000
863	0.00000000
864	0.00000000
865	0.00000000
866	0.00000000
867	0.00000000
868	0.00000000
869	0.00000000
870	0.00000000
871	0.00000000
872	0.00000000
873	0.00000000
874	0.00000000
875	0.00000000
876	0.00000000
877	0.00000000
878	0.00000000
879	0.00000000
880	0.00000000
881	0.00000000
882	0.00000000
883	0.00000000
884	0.00000000
885	0.00000000
886	0.00000000
887	0.00000000
888	0.00000000
889	0.00000000
890	0.00000000
891	0.00000000
892	0.00000000
893	0.00000000
894	0.00000000
895	0.00000000
896	0.00000000
897	0.00000000
898	0.00000000
899	0.00000000
900	0.00000000
901	0.00000000
902	0.00000000
903	0.00000000
904	0.00000000
905	0.00000000
906	0.00000000
907	0.00000000
908	0.00000000
909	0.00000000
910	0.00000000
911	0.00000000
912	0.00000000
913	0.00000000
914	0.00000000
915	0.00000000
916	0.00000000
917	0.00000000
918	0.00000000
919	0.00000000
920	0.00000000
921	0.00000000
922	0.00000000
923	0.00000000
924	0.00000000
925	0.00000000
926	0.00000000
927	0.00000000
928	0.00000000
929	0.00000000
930	0.00000000
931	0.00000000
932	0.00000000
933	0.00000000
934	0.00000000
935	0.00000000
936	0.00000000
937	0.00000000
938	0.00000000
939	0.00000000
940	0.00000000
941	0.00000000
942	0.00000000
943	0.00000000
944	0.00000000
945	0.00000000
946	0.00000000
947	0.00000000
948	0.00000000
949	0.00000000
950	0.00000000
951	0.00000000
952	0.00000000
953	0.00000000
954	0.00000000
955	0.00000000
956	0.00000000
957	0.00000000
958	0.00000000
959	0.00000000
960	0.00000000
961	0.00000000
962	0.00000000
963	0.00000000
964	0.00000000
965	0.00000000
966	0.00000000
967	0.00000000
968	0.00000000
969	0.00000000
970	0.00000000
971	0.00000000
972	0.00000000
973	0.00000000
974	0.00000000
975	0.00000000
976	0.00000000
977	0.00000000
978	0.00000000
979	0.00000000
980	0.00000000
981	0.00000000
982	0.00000000
983	0.00000000
984	0.00000000
985	0.00000000
986	0.00000000
987	0.00000000
988	0.00000000
989	0.00000000
990	0.00000000
991	0.00000000
992	0.00000000
993	0.00000000
994	0.00000000
995	0.00000000
996	0.00000000
997	0.00000000
998	0.00000000
999	0.00000000
