0	0.00000000
1	0.00000000
2	0.00000000
3	0.00000000
4	0.00000000
5	0.00000000
6	0.00000000
7	0.00000000
8	0.00000000
9	0.00000000
10	0.00000000
11	0.00000000
12	0.00000000
13	0.00946058
14	0.06267206
15	0.05069384
16	0.05372914
17	0.04086432
18	0.04135644
19	0.04116597
20	0.04169134
21	0.03644658
22	0.03334335
23	0.02897502
24	0.02529829
25	0.02230465
26	0.02082872
27	0.01948547
28	0.01906854
29	0.01787275
30	0.01736653
31	0.01706337
32	0.02096951
33	0.02516717
34	0.02599712
35	0.02825788
36	0.02975893
37	0.02901501
38	0.02822312
39	0.02789957
40	0.02696691
41	0.02669252
42	0.02603137
43	0.02571330
44	0.02516378
45	0.02490272
46	0.02477551
47	0.02390414
48	0.02335394
49	0.02268182
50	0.02194702
51	0.02122659
52	0.02054151
53	0.01989331
54	0.01918738
55	0.01953678
56	0.01955945
57	0.01936524
58	0.01932916
59	0.01897464
60	0.01841217
61	0.01793169
62	0.01758007
63	0.01736409
64	0.01725745
65	0.01704048
66	0.01675009
67	0.01629223
68	0.01571003
69	0.01539072
70	0.01494830
71	0.01452730
72	0.01413131
73	0.01365501
74	0.01322494
75	0.01275490
76	0.01238601
77	0.01202366
78	0.01183448
79	0.01169544
80	0.01142684
81	0.01114265
82	0.01097137
83	0.01065258
84	0.01037747
85	0.01016072
86	0.00986299
87	0.00962849
88	0.00933755
89	0.00905729
90	0.00875776
91	0.00847631
92	0.00819822
93	0.00794441
94	0.00766243
95	0.00742123
96	0.00719288
97	0.00695813
98	0.00672850
99	0.00651558
100	0.00631325
101	0.00613327
102	0.00599730
103	0.00585248
104	0.00567540
105	0.00552409
106	0.00535758
107	0.00518089
108	0.00501858
109	0.00486232
110	0.00470731
111	0.00456035
112	0.00442222
113	0.00428157
114	0.00414770
115	0.00401193
116	0.00388683
117	0.00376520
118	0.00364650
119	0.00353306
120	0.00342151
121	0.00331475
122	0.00321134
123	0.00311123
124	0.00301671
125	0.00292900
126	0.00283875
127	0.00275268
128	0.00266449
129	0.00258358
130	0.00250234
131	0.00242497
132	0.00234959
133	0.00227670
134	0.00220603
135	0.00213755
136	0.00207115
137	0.00200680
138	0.00194442
139	0.00188396
140	0.00182536
141	0.00176859
142	0.00171359
143	0.00166031
144	0.00160870
145	0.00155870
146	0.00151026
147	0.00146334
148	0.00141792
149	0.00137394
150	0.00133133
151	0.00129003
152	0.00125001
153	0.00121122
154	0.00117364
155	0.00113722
156	0.00110192
157	0.00106772
158	0.00103458
159	0.00100246
160	0.00097135
161	0.00094120
162	0.00091198
163	0.00088367
164	0.00085624
165	0.00082966
166	0.00080390
167	0.00077894
168	0.00075476
169	0.00073133
170	0.00070862
171	0.00068662
172	0.00066531
173	0.00064465
174	0.00062464
175	0.00060525
176	0.00058646
177	0.00056825
178	0.00055061
179	0.00053352
180	0.00051696
181	0.00050091
182	0.00048536
183	0.00047030
184	0.00045570
185	0.00044155
186	0.00042784
187	0.00041456
188	0.00040169
189	0.00038922
190	0.00037714
191	0.00036543
192	0.00035409
193	0.00034310
194	0.00033245
195	0.00032213
196	0.00031213
197	0.00030244
198	0.00029305
199	0.00028395
200	0.00027514
201	0.00026660
202	0.00025832
203	0.00025030
204	0.00024253
205	0.00023500
206	0.00022771
207	0.00022064
208	0.00021379
209	0.00020715
210	0.00020072
211	0.00019449
212	0.00018845
213	0.00018260
214	0.00017693
215	0.00017144
216	0.00016612
217	0.00016096
218	0.00015597
219	0.00015112
220	0.00014643
221	0.00014189
222	0.00013748
223	0.00013321
224	0.00012908
225	0.00012507
226	0.00012119
227	0.00011743
228	0.00011378
229	0.00011025
230	0.00010683
231	0.00010351
232	0.00010030
233	0.00009718
234	0.00009417
235	0.00009124
236	0.00008841
237	0.00008567
238	0.00008301
239	0.00008043
240	0.00007793
241	0.00007551
242	0.00007317
243	0.00007090
244	0.00006870
245	0.00006657
246	0.00006450
247	0.00006250
248	0.00006056
249	0.00005868
250	0.00005686
251	0.00005509
252	0.00005338
253	0.00005172
254	0.00005012
255	0.00004856
256	0.00004705
257	0.00004559
258	0.00004418
259	0.00004281
260	0.00004148
261	0.00004019
262	0.00003894
263	0.00003773
264	0.00003656
265	0.00003543
266	0.00003433
267	0.00003326
268	0.00003223
269	0.00003123
270	0.00003026
271	0.00002932
272	0.00002841
273	0.00002753
274	0.00002667
275	0.00002585
276	0.00002504
277	0.00002427
278	0.00002351
279	0.00002278
280	0.00002208
281	0.00002139
282	0.00002073
283	0.00002008
284	0.00001946
285	0.00001886
286	0.00001827
287	0.00001770
288	0.00001715
289	0.00001662
290	0.00001610
291	0.00001560
292	0.00001512
293	0.00001465
294	0.00001420
295	0.00001376
296	0.00001333
297	0.00001291
298	0.00001251
299	0.00001213
300	0.00001175
301	0.00001138
302	0.00001103
303	0.00001069
304	0.00001036
305	0.00001004
306	0.00000972
307	0.00000942
308	0.00000913
309	0.00000885
310	0.00000857
311	0.00000831
312	0.00000805
313	0.00000780
314	0.00000756
315	0.00000732
316	0.00000709
317	0.00000687
318	0.00000666
319	0.00000645
320	0.00000625
321	0.00000606
322	0.00000587
323	0.00000569
324	0.00000551
325	0.00000534
326	0.00000518
327	0.00000501
328	0.00000486
329	0.00000471
330	0.00000456
331	0.00000442
332	0.00000428
333	0.00000415
334	0.00000402
335	0.00000390
336	0.00000378
337	0.00000366
338	0.00000354
339	0.00000343
340	0.00000333
341	0.00000322
342	0.00000312
343	0.00000303
344	0.00000293
345	0.00000284
346	0.00000275
347	0.00000267
348	0.00000259
349	0.00000251
350	0.00000243
351	0.00000235
352	0.00000228
353	0.00000221
354	0.00000214
355	0.00000207
356	0.00000201
357	0.00000195
358	0.00000189
359	0.00000183
360	0.00000177
361	0.00000172
362	0.00000166
363	0.00000161
364	0.00000156
365	0.00000151
366	0.00000147
367	0.00000142
368	0.00000138
369	0.00000133
370	0.00000129
371	0.00000125
372	0.00000121
373	0.00000118
374	0.00000114
375	0.00000110
376	0.00000107
377	0.00000104
378	0.00000100
379	0.00000097
380	0.00000094
381	0.00000091
382	0.00000089
383	0.00000086
384	0.00000083
385	0.00000081
386	0.00000078
387	0.00000076
388	0.00000073
389	0.00000071
390	0.00000069
391	0.00000067
392	0.00000065
393	0.00000063
394	0.00000061
395	0.00000059
396	0.00000057
397	0.00000055
398	0.00000053
399	0.00000052
400	0.00000050
401	0.00000049
402	0.00000047
403	0.00000046
404	0.00000044
405	0.00000043
406	0.00000042
407	0.00000040
408	0.00000039
409	0.00000038
410	0.00000037
411	0.00000035
412	0.00000034
413	0.00000033
414	0.00000032
415	0.00000031
416	0.00000030
417	0.00000029
418	0.00000028
419	0.00000028
420	0.00000027
421	0.00000026
422	0.00000025
423	0.00000024
424	0.00000024
425	0.00000023
426	0.00000022
427	0.00000021
428	0.00000021
429	0.00000020
430	0.00000019
431	0.00000019
432	0.00000018
433	0.00000018
434	0.00000017
435	0.00000017
436	0.00000016
437	0.00000016
438	0.00000015
439	0.00000015
440	0.00000014
441	0.00000014
442	0.00000013
443	0.00000013
444	0.00000013
445	0.00000012
446	0.00000012
447	0.00000011
448	0.00000011
449	0.00000011
450	0.00000010
451	0.00000010
452	0.00000010
453	0.00000009
454	0.00000009
455	0.00000009
456	0.00000009
457	0.00000008
458	0.00000008
459	0.00000008
460	0.00000008
461	0.00000007
462	0.00000007
463	0.00000007
464	0.00000007
465	0.00000006
466	0.00000006
467	0.00000006
468	0.00000006
469	0.00000006
470	0.00000006
471	0.00000005
472	0.00000005
473	0.00000005
474	0.00000005
475	0.00000005
476	0.00000005
477	0.00000004
478	0.00000004
479	0.00000004
480	0.00000004
481	0.00000004
482	0.00000004
483	0.00000004
484	0.00000004
485	0.00000003
486	0.00000003
487	0.00000003
488	0.00000003
489	0.00000003
490	0.00000003
491	0.00000003
492	0.00000003
493	0.00000003
494	0.00000003
495	0.00000003
496	0.00000002
497	0.00000002
498	0.00000002
499	0.00000002
500	0.00000002
501	0.00000002
502	0.00000002
503	0.00000002
504	0.00000002
505	0.00000002
506	0.00000002
507	0.00000002
508	0.00000002
509	0.00000002
510	0.00000002
511	0.00000002
512	0.00000001
513	0.00000001
514	0.00000001
515	0.00000001
516	0.00000001
517	0.00000001
518	0.00000001
519	0.00000001
520	0.00000001
521	0.00000001
522	0.00000001
523	0.00000001
524	0.00000001
525	0.00000001
526	0.00000001
527	0.00000001
528	0.00000001
529	0.00000001
530	0.00000001
531	0.00000001
532	0.00000001
533	0.00000001
534	0.00000001
535	0.00000001
536	0.00000001
537	0.00000001
538	0.00000001
539	0.00000001
540	0.00000001
541	0.00000001
542	0.00000001
543	0.00000001
544	0.00000001
545	0.00000001
546	0.00000001
547	0.00000000
548	0.00000000
549	0.00000000
550	0.00000000
551	0.00000000
552	0.00000000
553	0.00000000
554	0.00000000
555	0.00000000
556	0.00000000
557	0.00000000
558	0.00000000
559	0.00000000
560	0.00000000
561	0.00000000
562	0.00000000
563	0.00000000
564	0.00000000
565	0.00000000
566	0.00000000
567	0.00000000
568	0.00000000
569	0.00000000
570	0.00000000
571	0.00000000
572	0.00000000
573	0.00000000
574	0.00000000
575	0.00000000
576	0.00000000
577	0.00000000
578	0.00000000
579	0.00000000
580	0.00000000
581	0.00000000
582	0.00000000
583	0.00000000
584	0.00000000
585	0.00000000
586	0.00000000
587	0.00000000
588	0.00000000
589	0.00000000
590	0.00000000
591	0.00000000
592	0.00000000
593	0.00000000
594	0.00000000
595	0.00000000
596	0.00000000
597	0.00000000
598	0.00000000
599	0.00000000
600	0.00000000
601	0.00000000
602	0.00000000
603	0.00000000
604	0.00000000
605	0.00000000
606	0.00000000
607	0.00000000
608	0.00000000
609	0.00000000
610	0.00000000
611	0.00000000
612	0.00000000
613	0.00000000
614	0.00000000
615	0.00000000
616	0.00000000
617	0.00000000
618	0.00000000
619	0.00000000
620	0.00000000
621	0.00000000
622	0.00000000
623	0.00000000
624	0.00000000
625	0.00000000
626	0.00000000
627	0.00000000
628	0.00000000
629	0.00000000
630	0.00000000
631	0.00000000
632	0.00000000
633	0.00000000
634	0.00000000
635	0.00000000
636	0.00000000
637	0.00000000
638	0.00000000
639	0.00000000
640	0.00000000
641	0.00000000
642	0.00000000
643	0.00000000
644	0.00000000
645	0.00000000
646	0.00000000
647	0.00000000
648	0.00000000
649	0.00000000
650	0.00000000
651	0.00000000
652	0.00000000
653	0.00000000
654	0.00000000
655	0.00000000
656	0.00000000
657	0.00000000
658	0.00000000
659	0.00000000
660	0.00000000
661	0.00000000
662	0.00000000
663	0.00000000
664	0.00000000
665	0.00000000
666	0.00000000
667	0.00000000
668	0.00000000
669	0.00000000
670	0.00000000
671	0.00000000
672	0.00000000
673	0.00000000
674	0.00000000
675	0.00000000
676	0.00000000
677	0.00000000
678	0.00000000
679	0.00000000
680	0.00000000
681	0.00000000
682	0.00000000
683	0.00000000
684	0.00000000
685	0.00000000
686	0.00000000
687	0.00000000
688	0.00000000
689	0.00000000
690	0.00000000
691	0.00000000
692	0.00000000
693	0.00000000
694	0.00000000
695	0.00000000
696	0.00000000
697	0.00000000
698	0.00000000
699	0.00000000
700	0.00000000
701	0.00000000
702	0.00000000
703	0.00000000
704	0.00000000
705	0.00000000
706	0.00000000
707	0.00000000
708	0.00000000
709	0.00000000
710	0.00000000
711	0.00000000
712	0.00000000
713	0.00000000
714	0.00000000
715	0.00000000
716	0.00000000
717	0.00000000
718	0.00000000
719	0.00000000
720	0.00000000
721	0.00000000
722	0.00000000
723	0.00000000
724	0.00000000
725	0.00000000
726	0.00000000
727	0.00000000
728	0.00000000
729	0.00000000
730	0.00000000
731	0.00000000
732	0.00000000
733	0.00000000
734	0.00000000
735	0.00000000
736	0.00000000
737	0.00000000
738	0.00000000
739	0.00000000
740	0.00000000
741	0.00000000
742	0.00000000
743	0.00000000
744	0.00000000
745	0.00000000
746	0.00000000
747	0.00000000
748	0.00000000
749	0.00000000
750	0.00000000
751	0.00000000
752	0.00000000
753	0.00000000
754	0.00000000
755	0.00000000
756	0.00000000
757	0.00000000
758	0.00000000
759	0.00000000
760	0.00000000
761	0.00000000
762	0.00000000
763	0.00000000
764	0.00000000
765	0.00000000
766	0.00000000
767	0.00000000
768	0.00000000
769	0.00000000
770	0.00000000
771	0.00000000
772	0.00000000
773	0.00000000
774	0.00000000
775	0.00000000
776	0.00000000
777	0.00000000
778	0.00000000
779	0.00000000
780	0.00000000
781	0.00000000
782	0.00000000
783	0.00000000
784	0.00000000
785	0.00000000
786	0.00000000
787	0.00000000
788	0.00000000
789	0.00000000
790	0.00000000
791	0.00000000
792	0.00000000
793	0.00000000
794	0.00000000
795	0.00000000
796	0.00000000
797	0.00000000
798	0.00000000
799	0.00000000
800	0.00000000
801	0.00000000
802	0.00000000
803	0.00000000
804	0.00000000
805	0.00000000
806	0.00000000
807	0.00000000
808	0.00000000
809	0.00000000
810	0.00000000
811	0.00000000
812	0.00000000
813	0.00000000
814	0.00000000
815	0.00000000
816	0.00000000
817	0.00000000
818	0.00000000
819	0.00000000
820	0.00000000
821	0.00000000
822	0.00000000
823	0.00000000
824	0.00000000
825	0.00000000
826	0.00000000
827	0.00000000
828	0.00000000
829	0.00000000
830	0.00000000
831	0.00000000
832	0.00000000
833	0.00000000
834	0.00000000
835	0.00000000
836	0.00000000
837	0.00000000
838	0.00000000
839	0.00000000
840	0.00000000
841	0.00000000
842	0.00000000
843	0.00000000
844	0.00000000
845	0.00000000
846	0.00000000
847	0.00000000
848	0.00000000
849	0.00000000
850	0.00000000
851	0.00000000
852	0.00000000
853	0.00000000
854	0.00000000
855	0.00000000
856	0.00000000
857	0.00000000
858	0.00000000
859	0.00000000
860	0.00000000
861	0.00000000
862	0.00000000
863	0.00000000
864	0.00000000
865	0.00000000
866	0.00000000
867	0.00000000
868	0.00000000
869	0.00000000
870	0.00000000
871	0.00000000
872	0.00000000
873	0.00000000
874	0.00000000
875	0.00000000
876	0.00000000
877	0.00000000
878	0.00000000
879	0.00000000
880	0.00000000
881	0.00000000
882	0.00000000
883	0.00000000
884	0.00000000
885	0.00000000
886	0.00000000
887	0.00000000
888	0.00000000
889	0.00000000
890	0.00000000
891	0.00000000
892	0.00000000
893	0.00000000
894	0.00000000
895	0.00000000
896	0.00000000
897	0.00000000
898	0.00000000
899	0.00000000
900	0.00000000
901	0.00000000
902	0.00000000
903	0.00000000
904	0.00000000
905	0.00000000
906	0.00000000
907	0.00000000
908	0.00000000
909	0.00000000
910	0.00000000
911	0.00000000
912	0.00000000
913	0.00000000
914	0.00000000
915	0.00000000
916	0.00000000
917	0.00000000
918	0.00000000
919	0.00000000
920	0.00000000
921	0.00000000
922	0.00000000
923	0.00000000
924	0.00000000
925	0.00000000
926	0.00000000
927	0.00000000
928	0.00000000
929	0.00000000
930	0.00000000
931	0.00000000
932	0.00000000
933	0.00000000
934	0.00000000
935	0.00000000
936	0.00000000
937	0.00000000
938	0.00000000
939	0.00000000
940	0.00000000
941	0.00000000
942	0.00000000
943	0.00000000
944	0.00000000
945	0.00000000
946	0.00000000
947	0.00000000
948	0.00000000
949	0.00000000
950	0.00000000
951	0.00000000
952	0.00000000
953	0.00000000
954	0.00000000
955	0.00000000
956	0.00000000
957	0.00000000
958	0.00000000
959	0.00000000
960	0.00000000
961	0.00000000
962	0.00000000
963	0.00000000
964	0.00000000
965	0.00000000
966	0.00000000
967	0.00000000
968	0.00000000
969	0.00000000
970	0.00000000
971	0.00000000
972	0.00000000
973	0.00000000
974	0.00000000
975	0.00000000
976	0.00000000
977	0.00000000
978	0.00000000
979	0.00000000
980	0.00000000
981	0.00000000
982	0.00000000
983	0.00000000
984	0.00000000
985	0.00000000
986	0.00000000
987	0.00000000
988	0.00000000
989	0.00000000
990	0.00000000
991	0.00000000
992	0.00000000
993	0.00000000
994	0.00000000
995	0.00000000
996	0.00000000
997	0.00000000
998	0.00000000
999	0.00000000
