0	0.00000000
1	0.00000000
2	0.00000000
3	0.00000000
4	0.00000000
5	0.00000000
6	0.00000000
7	0.00000000
8	0.00000000
9	0.00000000
10	0.00000000
11	0.00000000
12	0.00000000
13	0.00408437
14	0.02793905
15	0.02360463
16	0.03029441
17	0.02891449
18	0.03706141
19	0.04196699
20	0.04443484
21	0.04013870
22	0.03671629
23	0.03240742
24	0.02965557
25	0.02684666
26	0.02514528
27	0.02326056
28	0.02217394
29	0.02071523
30	0.01967682
31	0.01861507
32	0.02090615
33	0.02349876
34	0.02482652
35	0.02695033
36	0.02798990
37	0.02776433
38	0.02732700
39	0.02744204
40	0.02649797
41	0.02640306
42	0.02576787
43	0.02549153
44	0.02469461
45	0.02413688
46	0.02378160
47	0.02305795
48	0.02285966
49	0.02239813
50	0.02172891
51	0.02127797
52	0.02049719
53	0.01988476
54	0.01918682
55	0.01921065
56	0.01925038
57	0.01898762
58	0.01881989
59	0.01835256
60	0.01788971
61	0.01742710
62	0.01705212
63	0.01682827
64	0.01659782
65	0.01646273
66	0.01616112
67	0.01574197
68	0.01539536
69	0.01500648
70	0.01462885
71	0.01418984
72	0.01384500
73	0.01337097
74	0.01297172
75	0.01246859
76	0.01209826
77	0.01173861
78	0.01151935
79	0.01133148
80	0.01102009
81	0.01075610
82	0.01052676
83	0.01021724
84	0.00997232
85	0.00977409
86	0.00951968
87	0.00928534
88	0.00901150
89	0.00876875
90	0.00848828
91	0.00821613
92	0.00793291
93	0.00767859
94	0.00742478
95	0.00717682
96	0.00696139
97	0.00672757
98	0.00650297
99	0.00630067
100	0.00610102
101	0.00593069
102	0.00579208
103	0.00564030
104	0.00546214
105	0.00530744
106	0.00514390
107	0.00498294
108	0.00483212
109	0.00469022
110	0.00453578
111	0.00439755
112	0.00426459
113	0.00413231
114	0.00399732
115	0.00387041
116	0.00374885
117	0.00363144
118	0.00351787
119	0.00340812
120	0.00330077
121	0.00319760
122	0.00309775
123	0.00300090
124	0.00290937
125	0.00282340
126	0.00273533
127	0.00265214
128	0.00256812
129	0.00248902
130	0.00241133
131	0.00233668
132	0.00226432
133	0.00219418
134	0.00212618
135	0.00206022
136	0.00199629
137	0.00193431
138	0.00187421
139	0.00181597
140	0.00175953
141	0.00170484
142	0.00165185
143	0.00160052
144	0.00155077
145	0.00150259
146	0.00145590
147	0.00141067
148	0.00136687
149	0.00132446
150	0.00128336
151	0.00124353
152	0.00120495
153	0.00116755
154	0.00113131
155	0.00109619
156	0.00106217
157	0.00102920
158	0.00099726
159	0.00096630
160	0.00093631
161	0.00090725
162	0.00087909
163	0.00085180
164	0.00082536
165	0.00079974
166	0.00077491
167	0.00075085
168	0.00072754
169	0.00070496
170	0.00068307
171	0.00066186
172	0.00064132
173	0.00062141
174	0.00060212
175	0.00058342
176	0.00056531
177	0.00054776
178	0.00053076
179	0.00051428
180	0.00049832
181	0.00048285
182	0.00046786
183	0.00045334
184	0.00043926
185	0.00042563
186	0.00041242
187	0.00039961
188	0.00038721
189	0.00037519
190	0.00036354
191	0.00035226
192	0.00034132
193	0.00033072
194	0.00032046
195	0.00031051
196	0.00030087
197	0.00029153
198	0.00028248
199	0.00027371
200	0.00026521
201	0.00025698
202	0.00024900
203	0.00024127
204	0.00023378
205	0.00022653
206	0.00021949
207	0.00021268
208	0.00020608
209	0.00019968
210	0.00019348
211	0.00018748
212	0.00018166
213	0.00017602
214	0.00017055
215	0.00016526
216	0.00016013
217	0.00015516
218	0.00015034
219	0.00014567
220	0.00014115
221	0.00013677
222	0.00013252
223	0.00012841
224	0.00012442
225	0.00012056
226	0.00011682
227	0.00011319
228	0.00010968
229	0.00010627
230	0.00010298
231	0.00009978
232	0.00009668
233	0.00009368
234	0.00009077
235	0.00008795
236	0.00008522
237	0.00008258
238	0.00008001
239	0.00007753
240	0.00007512
241	0.00007279
242	0.00007053
243	0.00006834
244	0.00006622
245	0.00006417
246	0.00006217
247	0.00006024
248	0.00005837
249	0.00005656
250	0.00005481
251	0.00005310
252	0.00005146
253	0.00004986
254	0.00004831
255	0.00004681
256	0.00004536
257	0.00004395
258	0.00004258
259	0.00004126
260	0.00003998
261	0.00003874
262	0.00003754
263	0.00003637
264	0.00003524
265	0.00003415
266	0.00003309
267	0.00003206
268	0.00003107
269	0.00003010
270	0.00002917
271	0.00002826
272	0.00002739
273	0.00002654
274	0.00002571
275	0.00002491
276	0.00002414
277	0.00002339
278	0.00002266
279	0.00002196
280	0.00002128
281	0.00002062
282	0.00001998
283	0.00001936
284	0.00001876
285	0.00001818
286	0.00001761
287	0.00001706
288	0.00001653
289	0.00001602
290	0.00001552
291	0.00001504
292	0.00001458
293	0.00001412
294	0.00001368
295	0.00001326
296	0.00001285
297	0.00001245
298	0.00001206
299	0.00001169
300	0.00001133
301	0.00001097
302	0.00001063
303	0.00001030
304	0.00000998
305	0.00000967
306	0.00000937
307	0.00000908
308	0.00000880
309	0.00000853
310	0.00000826
311	0.00000801
312	0.00000776
313	0.00000752
314	0.00000728
315	0.00000706
316	0.00000684
317	0.00000663
318	0.00000642
319	0.00000622
320	0.00000603
321	0.00000584
322	0.00000566
323	0.00000548
324	0.00000531
325	0.00000515
326	0.00000499
327	0.00000483
328	0.00000468
329	0.00000454
330	0.00000440
331	0.00000426
332	0.00000413
333	0.00000400
334	0.00000388
335	0.00000376
336	0.00000364
337	0.00000353
338	0.00000342
339	0.00000331
340	0.00000321
341	0.00000311
342	0.00000301
343	0.00000292
344	0.00000283
345	0.00000274
346	0.00000265
347	0.00000257
348	0.00000249
349	0.00000242
350	0.00000234
351	0.00000227
352	0.00000220
353	0.00000213
354	0.00000206
355	0.00000200
356	0.00000194
357	0.00000188
358	0.00000182
359	0.00000176
360	0.00000171
361	0.00000165
362	0.00000160
363	0.00000155
364	0.00000150
365	0.00000146
366	0.00000141
367	0.00000137
368	0.00000133
369	0.00000129
370	0.00000125
371	0.00000121
372	0.00000117
373	0.00000113
374	0.00000110
375	0.00000106
376	0.00000103
377	0.00000100
378	0.00000097
379	0.00000094
380	0.00000091
381	0.00000088
382	0.00000085
383	0.00000083
384	0.00000080
385	0.00000078
386	0.00000075
387	0.00000073
388	0.00000071
389	0.00000068
390	0.00000066
391	0.00000064
392	0.00000062
393	0.00000060
394	0.00000058
395	0.00000057
396	0.00000055
397	0.00000053
398	0.00000052
399	0.00000050
400	0.00000048
401	0.00000047
402	0.00000045
403	0.00000044
404	0.00000043
405	0.00000041
406	0.00000040
407	0.00000039
408	0.00000038
409	0.00000036
410	0.00000035
411	0.00000034
412	0.00000033
413	0.00000032
414	0.00000031
415	0.00000030
416	0.00000029
417	0.00000028
418	0.00000027
419	0.00000027
420	0.00000026
421	0.00000025
422	0.00000024
423	0.00000023
424	0.00000023
425	0.00000022
426	0.00000021
427	0.00000021
428	0.00000020
429	0.00000019
430	0.00000019
431	0.00000018
432	0.00000018
433	0.00000017
434	0.00000017
435	0.00000016
436	0.00000016
437	0.00000015
438	0.00000015
439	0.00000014
440	0.00000014
441	0.00000013
442	0.00000013
443	0.00000012
444	0.00000012
445	0.00000012
446	0.00000011
447	0.00000011
448	0.00000011
449	0.00000010
450	0.00000010
451	0.00000010
452	0.00000009
453	0.00000009
454	0.00000009
455	0.00000009
456	0.00000008
457	0.00000008
458	0.00000008
459	0.00000008
460	0.00000007
461	0.00000007
462	0.00000007
463	0.00000007
464	0.00000006
465	0.00000006
466	0.00000006
467	0.00000006
468	0.00000006
469	0.00000005
470	0.00000005
471	0.00000005
472	0.00000005
473	0.00000005
474	0.00000005
475	0.00000005
476	0.00000004
477	0.00000004
478	0.00000004
479	0.00000004
480	0.00000004
481	0.00000004
482	0.00000004
483	0.00000004
484	0.00000003
485	0.00000003
486	0.00000003
487	0.00000003
488	0.00000003
489	0.00000003
490	0.00000003
491	0.00000003
492	0.00000003
493	0.00000003
494	0.00000002
495	0.00000002
496	0.00000002
497	0.00000002
498	0.00000002
499	0.00000002
500	0.00000002
501	0.00000002
502	0.00000002
503	0.00000002
504	0.00000002
505	0.00000002
506	0.00000002
507	0.00000002
508	0.00000002
509	0.00000002
510	0.00000002
511	0.00000001
512	0.00000001
513	0.00000001
514	0.00000001
515	0.00000001
516	0.00000001
517	0.00000001
518	0.00000001
519	0.00000001
520	0.00000001
521	0.00000001
522	0.00000001
523	0.00000001
524	0.00000001
525	0.00000001
526	0.00000001
527	0.00000001
528	0.00000001
529	0.00000001
530	0.00000001
531	0.00000001
532	0.00000001
533	0.00000001
534	0.00000001
535	0.00000001
536	0.00000001
537	0.00000001
538	0.00000001
539	0.00000001
540	0.00000001
541	0.00000001
542	0.00000001
543	0.00000001
544	0.00000001
545	0.00000000
546	0.00000000
547	0.00000000
548	0.00000000
549	0.00000000
550	0.00000000
551	0.00000000
552	0.00000000
553	0.00000000
554	0.00000000
555	0.00000000
556	0.00000000
557	0.00000000
558	0.00000000
559	0.00000000
560	0.00000000
561	0.00000000
562	0.00000000
563	0.00000000
564	0.00000000
565	0.00000000
566	0.00000000
567	0.00000000
568	0.00000000
569	0.00000000
570	0.00000000
571	0.00000000
572	0.00000000
573	0.00000000
574	0.00000000
575	0.00000000
576	0.00000000
577	0.00000000
578	0.00000000
579	0.00000000
580	0.00000000
581	0.00000000
582	0.00000000
583	0.00000000
584	0.00000000
585	0.00000000
586	0.00000000
587	0.00000000
588	0.00000000
589	0.00000000
590	0.00000000
591	0.00000000
592	0.00000000
593	0.00000000
594	0.00000000
595	0.00000000
596	0.00000000
597	0.00000000
598	0.00000000
599	0.00000000
600	0.00000000
601	0.00000000
602	0.00000000
603	0.00000000
604	0.00000000
605	0.00000000
606	0.00000000
607	0.00000000
608	0.00000000
609	0.00000000
610	0.00000000
611	0.00000000
612	0.00000000
613	0.00000000
614	0.00000000
615	0.00000000
616	0.00000000
617	0.00000000
618	0.00000000
619	0.00000000
620	0.00000000
621	0.00000000
622	0.00000000
623	0.00000000
624	0.00000000
625	0.00000000
626	0.00000000
627	0.00000000
628	0.00000000
629	0.00000000
630	0.00000000
631	0.00000000
632	0.00000000
633	0.00000000
634	0.00000000
635	0.00000000
636	0.00000000
637	0.00000000
638	0.00000000
639	0.00000000
640	0.00000000
641	0.00000000
642	0.00000000
643	0.00000000
644	0.00000000
645	0.00000000
646	0.00000000
647	0.00000000
648	0.00000000
649	0.00000000
650	0.00000000
651	0.00000000
652	0.00000000
653	0.00000000
654	0.00000000
655	0.00000000
656	0.00000000
657	0.00000000
658	0.00000000
659	0.00000000
660	0.00000000
661	0.00000000
662	0.00000000
663	0.00000000
664	0.00000000
665	0.00000000
666	0.00000000
667	0.00000000
668	0.00000000
669	0.00000000
670	0.00000000
671	0.00000000
672	0.00000000
673	0.00000000
674	0.00000000
675	0.00000000
676	0.00000000
677	0.00000000
678	0.00000000
679	0.00000000
680	0.00000000
681	0.00000000
682	0.00000000
683	0.00000000
684	0.00000000
685	0.00000000
686	0.00000000
687	0.00000000
688	0.00000000
689	0.00000000
690	0.00000000
691	0.00000000
692	0.00000000
693	0.00000000
694	0.00000000
695	0.00000000
696	0.00000000
697	0.00000000
698	0.00000000
699	0.00000000
700	0.00000000
701	0.00000000
702	0.00000000
703	0.00000000
704	0.00000000
705	0.00000000
706	0.00000000
707	0.00000000
708	0.00000000
709	0.00000000
710	0.00000000
711	0.00000000
712	0.00000000
713	0.00000000
714	0.00000000
715	0.00000000
716	0.00000000
717	0.00000000
718	0.00000000
719	0.00000000
720	0.00000000
721	0.00000000
722	0.00000000
723	0.00000000
724	0.00000000
725	0.00000000
726	0.00000000
727	0.00000000
728	0.00000000
729	0.00000000
730	0.00000000
731	0.00000000
732	0.00000000
733	0.00000000
734	0.00000000
735	0.00000000
736	0.00000000
737	0.00000000
738	0.00000000
739	0.00000000
740	0.00000000
741	0.00000000
742	0.00000000
743	0.00000000
744	0.00000000
745	0.00000000
746	0.00000000
747	0.00000000
748	0.00000000
749	0.00000000
750	0.00000000
751	0.00000000
752	0.00000000
753	0.00000000
754	0.00000000
755	0.00000000
756	0.00000000
757	0.00000000
758	0.00000000
759	0.00000000
760	0.00000000
761	0.00000000
762	0.00000000
763	0.00000000
764	0.00000000
765	0.00000000
766	0.00000000
767	0.00000000
768	0.00000000
769	0.00000000
770	0.00000000
771	0.00000000
772	0.00000000
773	0.00000000
774	0.00000000
775	0.00000000
776	0.00000000
777	0.00000000
778	0.00000000
779	0.00000000
780	0.00000000
781	0.00000000
782	0.00000000
783	0.00000000
784	0.00000000
785	0.00000000
786	0.00000000
787	0.00000000
788	0.00000000
789	0.00000000
790	0.00000000
791	0.00000000
792	0.00000000
793	0.00000000
794	0.00000000
795	0.00000000
796	0.00000000
797	0.00000000
798	0.00000000
799	0.00000000
800	0.00000000
801	0.00000000
802	0.00000000
803	0.00000000
804	0.00000000
805	0.00000000
806	0.00000000
807	0.00000000
808	0.00000000
809	0.00000000
810	0.00000000
811	0.00000000
812	0.00000000
813	0.00000000
814	0.00000000
815	0.00000000
816	0.00000000
817	0.00000000
818	0.00000000
819	0.00000000
820	0.00000000
821	0.00000000
822	0.00000000
823	0.00000000
824	0.00000000
825	0.00000000
826	0.00000000
827	0.00000000
828	0.00000000
829	0.00000000
830	0.00000000
831	0.00000000
832	0.00000000
833	0.00000000
834	0.00000000
835	0.00000000
836	0.00000000
837	0.00000000
838	0.00000000
839	0.00000000
840	0.00000000
841	0.00000000
842	0.00000000
843	0.00000000
844	0.00000000
845	0.00000000
846	0.00000000
847	0.00000000
848	0.00000000
849	0.00000000
850	0.00000000
851	0.00000000
852	0.00000000
853	0.00000000
854	0.00000000
855	0.00000000
856	0.00000000
857	0.00000000
858	0.00000000
859	0.00000000
860	0.00000000
861	0.00000000
862	0.00000000
863	0.00000000
864	0.00000000
865	0.00000000
866	0.00000000
867	0.00000000
868	0.00000000
869	0.00000000
870	0.00000000
871	0.00000000
872	0.00000000
873	0.00000000
874	0.00000000
875	0.00000000
876	0.00000000
877	0.00000000
878	0.00000000
879	0.00000000
880	0.00000000
881	0.00000000
882	0.00000000
883	0.00000000
884	0.00000000
885	0.00000000
886	0.00000000
887	0.00000000
888	0.00000000
889	0.00000000
890	0.00000000
891	0.00000000
892	0.00000000
893	0.00000000
894	0.00000000
895	0.00000000
896	0.00000000
897	0.00000000
898	0.00000000
899	0.00000000
900	0.00000000
901	0.00000000
902	0.00000000
903	0.00000000
904	0.00000000
905	0.00000000
906	0.00000000
907	0.00000000
908	0.00000000
909	0.00000000
910	0.00000000
911	0.00000000
912	0.00000000
913	0.00000000
914	0.00000000
915	0.00000000
916	0.00000000
917	0.00000000
918	0.00000000
919	0.00000000
920	0.00000000
921	0.00000000
922	0.00000000
923	0.00000000
924	0.00000000
925	0.00000000
926	0.00000000
927	0.00000000
928	0.00000000
929	0.00000000
930	0.00000000
931	0.00000000
932	0.00000000
933	0.00000000
934	0.00000000
935	0.00000000
936	0.00000000
937	0.00000000
938	0.00000000
939	0.00000000
940	0.00000000
941	0.00000000
942	0.00000000
943	0.00000000
944	0.00000000
945	0.00000000
946	0.00000000
947	0.00000000
948	0.00000000
949	0.00000000
950	0.00000000
951	0.00000000
952	0.00000000
953	0.00000000
954	0.00000000
955	0.00000000
956	0.00000000
957	0.00000000
958	0.00000000
959	0.00000000
960	0.00000000
961	0.00000000
962	0.00000000
963	0.00000000
964	0.00000000
965	0.00000000
966	0.00000000
967	0.00000000
968	0.00000000
969	0.00000000
970	0.00000000
971	0.00000000
972	0.00000000
973	0.00000000
974	0.00000000
975	0.00000000
976	0.00000000
977	0.00000000
978	0.00000000
979	0.00000000
980	0.00000000
981	0.00000000
982	0.00000000
983	0.00000000
984	0.00000000
985	0.00000000
986	0.00000000
987	0.00000000
988	0.00000000
989	0.00000000
990	0.00000000
991	0.00000000
992	0.00000000
993	0.00000000
994	0.00000000
995	0.00000000
996	0.00000000
997	0.00000000
998	0.00000000
999	0.00000000
