0	0.00000000
1	0.00000000
2	0.00000000
3	0.00000000
4	0.00000000
5	0.00000000
6	0.00000000
7	0.00000000
8	0.00000000
9	0.00000000
10	0.00000000
11	0.00000000
12	0.00000000
13	0.01860075
14	0.11477581
15	0.08321395
16	0.08553288
17	0.05718864
18	0.04983546
19	0.04437404
20	0.04234058
21	0.03586874
22	0.03198366
23	0.02743544
24	0.02365067
25	0.02051932
26	0.01890164
27	0.01762031
28	0.01720288
29	0.01626675
30	0.01586621
31	0.01561804
32	0.01950227
33	0.02526793
34	0.02657673
35	0.02800392
36	0.02992303
37	0.02963971
38	0.02831991
39	0.02803802
40	0.02711961
41	0.02709852
42	0.02636301
43	0.02626883
44	0.02576116
45	0.02554112
46	0.02545290
47	0.02441857
48	0.02379448
49	0.02286089
50	0.02208507
51	0.02128439
52	0.02048140
53	0.01987251
54	0.01916921
55	0.01937933
56	0.01948136
57	0.01935040
58	0.01925733
59	0.01898832
60	0.01860024
61	0.01817203
62	0.01784299
63	0.01773480
64	0.01765294
65	0.01737572
66	0.01709582
67	0.01657611
68	0.01594127
69	0.01562467
70	0.01511149
71	0.01467437
72	0.01423963
73	0.01377207
74	0.01331892
75	0.01283821
76	0.01247025
77	0.01211624
78	0.01192412
79	0.01177050
80	0.01156493
81	0.01127611
82	0.01111234
83	0.01083937
84	0.01055484
85	0.01034182
86	0.01004251
87	0.00979707
88	0.00949918
89	0.00919315
90	0.00888337
91	0.00860548
92	0.00830898
93	0.00805596
94	0.00777215
95	0.00752905
96	0.00729853
97	0.00705503
98	0.00681873
99	0.00660276
100	0.00639476
101	0.00620842
102	0.00606298
103	0.00593266
104	0.00575509
105	0.00560997
106	0.00544786
107	0.00527126
108	0.00510726
109	0.00494289
110	0.00478239
111	0.00463249
112	0.00449026
113	0.00434982
114	0.00421010
115	0.00407325
116	0.00394616
117	0.00382225
118	0.00370118
119	0.00358545
120	0.00347230
121	0.00336380
122	0.00325882
123	0.00315717
124	0.00306057
125	0.00297003
126	0.00288082
127	0.00279431
128	0.00270454
129	0.00262386
130	0.00254070
131	0.00246246
132	0.00238577
133	0.00231171
134	0.00224000
135	0.00217036
136	0.00210290
137	0.00203756
138	0.00197417
139	0.00191275
140	0.00185322
141	0.00179556
142	0.00173970
143	0.00168558
144	0.00163317
145	0.00158239
146	0.00153320
147	0.00148556
148	0.00143943
149	0.00139477
150	0.00135151
151	0.00130960
152	0.00126899
153	0.00122962
154	0.00119147
155	0.00115450
156	0.00111867
157	0.00108396
158	0.00105032
159	0.00101772
160	0.00098613
161	0.00095552
162	0.00092586
163	0.00089712
164	0.00086927
165	0.00084229
166	0.00081614
167	0.00079080
168	0.00076624
169	0.00074245
170	0.00071940
171	0.00069707
172	0.00067543
173	0.00065446
174	0.00063414
175	0.00061445
176	0.00059538
177	0.00057690
178	0.00055899
179	0.00054164
180	0.00052482
181	0.00050853
182	0.00049275
183	0.00047745
184	0.00046263
185	0.00044827
186	0.00043435
187	0.00042087
188	0.00040780
189	0.00039514
190	0.00038288
191	0.00037099
192	0.00035948
193	0.00034832
194	0.00033750
195	0.00032703
196	0.00031687
197	0.00030704
198	0.00029751
199	0.00028827
200	0.00027932
201	0.00027065
202	0.00026225
203	0.00025411
204	0.00024622
205	0.00023858
206	0.00023117
207	0.00022399
208	0.00021704
209	0.00021030
210	0.00020377
211	0.00019745
212	0.00019132
213	0.00018538
214	0.00017962
215	0.00017405
216	0.00016865
217	0.00016341
218	0.00015834
219	0.00015342
220	0.00014866
221	0.00014405
222	0.00013957
223	0.00013524
224	0.00013104
225	0.00012697
226	0.00012303
227	0.00011921
228	0.00011551
229	0.00011193
230	0.00010845
231	0.00010509
232	0.00010182
233	0.00009866
234	0.00009560
235	0.00009263
236	0.00008976
237	0.00008697
238	0.00008427
239	0.00008165
240	0.00007912
241	0.00007666
242	0.00007428
243	0.00007198
244	0.00006974
245	0.00006758
246	0.00006548
247	0.00006345
248	0.00006148
249	0.00005957
250	0.00005772
251	0.00005593
252	0.00005419
253	0.00005251
254	0.00005088
255	0.00004930
256	0.00004777
257	0.00004629
258	0.00004485
259	0.00004346
260	0.00004211
261	0.00004080
262	0.00003954
263	0.00003831
264	0.00003712
265	0.00003597
266	0.00003485
267	0.00003377
268	0.00003272
269	0.00003170
270	0.00003072
271	0.00002977
272	0.00002884
273	0.00002795
274	0.00002708
275	0.00002624
276	0.00002542
277	0.00002463
278	0.00002387
279	0.00002313
280	0.00002241
281	0.00002172
282	0.00002104
283	0.00002039
284	0.00001976
285	0.00001914
286	0.00001855
287	0.00001797
288	0.00001741
289	0.00001687
290	0.00001635
291	0.00001584
292	0.00001535
293	0.00001487
294	0.00001441
295	0.00001396
296	0.00001353
297	0.00001311
298	0.00001270
299	0.00001231
300	0.00001193
301	0.00001156
302	0.00001120
303	0.00001085
304	0.00001051
305	0.00001019
306	0.00000987
307	0.00000956
308	0.00000927
309	0.00000898
310	0.00000870
311	0.00000843
312	0.00000817
313	0.00000792
314	0.00000767
315	0.00000743
316	0.00000720
317	0.00000698
318	0.00000676
319	0.00000655
320	0.00000635
321	0.00000615
322	0.00000596
323	0.00000578
324	0.00000560
325	0.00000542
326	0.00000525
327	0.00000509
328	0.00000493
329	0.00000478
330	0.00000463
331	0.00000449
332	0.00000435
333	0.00000421
334	0.00000408
335	0.00000396
336	0.00000383
337	0.00000371
338	0.00000360
339	0.00000349
340	0.00000338
341	0.00000327
342	0.00000317
343	0.00000307
344	0.00000298
345	0.00000289
346	0.00000280
347	0.00000271
348	0.00000263
349	0.00000254
350	0.00000246
351	0.00000239
352	0.00000231
353	0.00000224
354	0.00000217
355	0.00000211
356	0.00000204
357	0.00000198
358	0.00000192
359	0.00000186
360	0.00000180
361	0.00000174
362	0.00000169
363	0.00000164
364	0.00000159
365	0.00000154
366	0.00000149
367	0.00000144
368	0.00000140
369	0.00000135
370	0.00000131
371	0.00000127
372	0.00000123
373	0.00000119
374	0.00000116
375	0.00000112
376	0.00000109
377	0.00000105
378	0.00000102
379	0.00000099
380	0.00000096
381	0.00000093
382	0.00000090
383	0.00000087
384	0.00000084
385	0.00000082
386	0.00000079
387	0.00000077
388	0.00000074
389	0.00000072
390	0.00000070
391	0.00000068
392	0.00000066
393	0.00000064
394	0.00000062
395	0.00000060
396	0.00000058
397	0.00000056
398	0.00000054
399	0.00000053
400	0.00000051
401	0.00000049
402	0.00000048
403	0.00000046
404	0.00000045
405	0.00000044
406	0.00000042
407	0.00000041
408	0.00000040
409	0.00000038
410	0.00000037
411	0.00000036
412	0.00000035
413	0.00000034
414	0.00000033
415	0.00000032
416	0.00000031
417	0.00000030
418	0.00000029
419	0.00000028
420	0.00000027
421	0.00000026
422	0.00000025
423	0.00000025
424	0.00000024
425	0.00000023
426	0.00000022
427	0.00000022
428	0.00000021
429	0.00000020
430	0.00000020
431	0.00000019
432	0.00000019
433	0.00000018
434	0.00000017
435	0.00000017
436	0.00000016
437	0.00000016
438	0.00000015
439	0.00000015
440	0.00000014
441	0.00000014
442	0.00000014
443	0.00000013
444	0.00000013
445	0.00000012
446	0.00000012
447	0.00000012
448	0.00000011
449	0.00000011
450	0.00000011
451	0.00000010
452	0.00000010
453	0.00000010
454	0.00000009
455	0.00000009
456	0.00000009
457	0.00000008
458	0.00000008
459	0.00000008
460	0.00000008
461	0.00000007
462	0.00000007
463	0.00000007
464	0.00000007
465	0.00000007
466	0.00000006
467	0.00000006
468	0.00000006
469	0.00000006
470	0.00000006
471	0.00000005
472	0.00000005
473	0.00000005
474	0.00000005
475	0.00000005
476	0.00000005
477	0.00000004
478	0.00000004
479	0.00000004
480	0.00000004
481	0.00000004
482	0.00000004
483	0.00000004
484	0.00000004
485	0.00000003
486	0.00000003
487	0.00000003
488	0.00000003
489	0.00000003
490	0.00000003
491	0.00000003
492	0.00000003
493	0.00000003
494	0.00000003
495	0.00000003
496	0.00000002
497	0.00000002
498	0.00000002
499	0.00000002
500	0.00000002
501	0.00000002
502	0.00000002
503	0.00000002
504	0.00000002
505	0.00000002
506	0.00000002
507	0.00000002
508	0.00000002
509	0.00000002
510	0.00000002
511	0.00000002
512	0.00000001
513	0.00000001
514	0.00000001
515	0.00000001
516	0.00000001
517	0.00000001
518	0.00000001
519	0.00000001
520	0.00000001
521	0.00000001
522	0.00000001
523	0.00000001
524	0.00000001
525	0.00000001
526	0.00000001
527	0.00000001
528	0.00000001
529	0.00000001
530	0.00000001
531	0.00000001
532	0.00000001
533	0.00000001
534	0.00000001
535	0.00000001
536	0.00000001
537	0.00000001
538	0.00000001
539	0.00000001
540	0.00000001
541	0.00000001
542	0.00000001
543	0.00000001
544	0.00000001
545	0.00000001
546	0.00000001
547	0.00000000
548	0.00000000
549	0.00000000
550	0.00000000
551	0.00000000
552	0.00000000
553	0.00000000
554	0.00000000
555	0.00000000
556	0.00000000
557	0.00000000
558	0.00000000
559	0.00000000
560	0.00000000
561	0.00000000
562	0.00000000
563	0.00000000
564	0.00000000
565	0.00000000
566	0.00000000
567	0.00000000
568	0.00000000
569	0.00000000
570	0.00000000
571	0.00000000
572	0.00000000
573	0.00000000
574	0.00000000
575	0.00000000
576	0.00000000
577	0.00000000
578	0.00000000
579	0.00000000
580	0.00000000
581	0.00000000
582	0.00000000
583	0.00000000
584	0.00000000
585	0.00000000
586	0.00000000
587	0.00000000
588	0.00000000
589	0.00000000
590	0.00000000
591	0.00000000
592	0.00000000
593	0.00000000
594	0.00000000
595	0.00000000
596	0.00000000
597	0.00000000
598	0.00000000
599	0.00000000
600	0.00000000
601	0.00000000
602	0.00000000
603	0.00000000
604	0.00000000
605	0.00000000
606	0.00000000
607	0.00000000
608	0.00000000
609	0.00000000
610	0.00000000
611	0.00000000
612	0.00000000
613	0.00000000
614	0.00000000
615	0.00000000
616	0.00000000
617	0.00000000
618	0.00000000
619	0.00000000
620	0.00000000
621	0.00000000
622	0.00000000
623	0.00000000
624	0.00000000
625	0.00000000
626	0.00000000
627	0.00000000
628	0.00000000
629	0.00000000
630	0.00000000
631	0.00000000
632	0.00000000
633	0.00000000
634	0.00000000
635	0.00000000
636	0.00000000
637	0.00000000
638	0.00000000
639	0.00000000
640	0.00000000
641	0.00000000
642	0.00000000
643	0.00000000
644	0.00000000
645	0.00000000
646	0.00000000
647	0.00000000
648	0.00000000
649	0.00000000
650	0.00000000
651	0.00000000
652	0.00000000
653	0.00000000
654	0.00000000
655	0.00000000
656	0.00000000
657	0.00000000
658	0.00000000
659	0.00000000
660	0.00000000
661	0.00000000
662	0.00000000
663	0.00000000
664	0.00000000
665	0.00000000
666	0.00000000
667	0.00000000
668	0.00000000
669	0.00000000
670	0.00000000
671	0.00000000
672	0.00000000
673	0.00000000
674	0.00000000
675	0.00000000
676	0.00000000
677	0.00000000
678	0.00000000
679	0.00000000
680	0.00000000
681	0.00000000
682	0.00000000
683	0.00000000
684	0.00000000
685	0.00000000
686	0.00000000
687	0.00000000
688	0.00000000
689	0.00000000
690	0.00000000
691	0.00000000
692	0.00000000
693	0.00000000
694	0.00000000
695	0.00000000
696	0.00000000
697	0.00000000
698	0.00000000
699	0.00000000
700	0.00000000
701	0.00000000
702	0.00000000
703	0.00000000
704	0.00000000
705	0.00000000
706	0.00000000
707	0.00000000
708	0.00000000
709	0.00000000
710	0.00000000
711	0.00000000
712	0.00000000
713	0.00000000
714	0.00000000
715	0.00000000
716	0.00000000
717	0.00000000
718	0.00000000
719	0.00000000
720	0.00000000
721	0.00000000
722	0.00000000
723	0.00000000
724	0.00000000
725	0.00000000
726	0.00000000
727	0.00000000
728	0.00000000
729	0.00000000
730	0.00000000
731	0.00000000
732	0.00000000
733	0.00000000
734	0.00000000
735	0.00000000
736	0.00000000
737	0.00000000
738	0.00000000
739	0.00000000
740	0.00000000
741	0.00000000
742	0.00000000
743	0.00000000
744	0.00000000
745	0.00000000
746	0.00000000
747	0.00000000
748	0.00000000
749	0.00000000
750	0.00000000
751	0.00000000
752	0.00000000
753	0.00000000
754	0.00000000
755	0.00000000
756	0.00000000
757	0.00000000
758	0.00000000
759	0.00000000
760	0.00000000
761	0.00000000
762	0.00000000
763	0.00000000
764	0.00000000
765	0.00000000
766	0.00000000
767	0.00000000
768	0.00000000
769	0.00000000
770	0.00000000
771	0.00000000
772	0.00000000
773	0.00000000
774	0.00000000
775	0.00000000
776	0.00000000
777	0.00000000
778	0.00000000
779	0.00000000
780	0.00000000
781	0.00000000
782	0.00000000
783	0.00000000
784	0.00000000
785	0.00000000
786	0.00000000
787	0.00000000
788	0.00000000
789	0.00000000
790	0.00000000
791	0.00000000
792	0.00000000
793	0.00000000
794	0.00000000
795	0.00000000
796	0.00000000
797	0.00000000
798	0.00000000
799	0.00000000
800	0.00000000
801	0.00000000
802	0.00000000
803	0.00000000
804	0.00000000
805	0.00000000
806	0.00000000
807	0.00000000
808	0.00000000
809	0.00000000
810	0.00000000
811	0.00000000
812	0.00000000
813	0.00000000
814	0.00000000
815	0.00000000
816	0.00000000
817	0.00000000
818	0.00000000
819	0.00000000
820	0.00000000
821	0.00000000
822	0.00000000
823	0.00000000
824	0.00000000
825	0.00000000
826	0.00000000
827	0.00000000
828	0.00000000
829	0.00000000
830	0.00000000
831	0.00000000
832	0.00000000
833	0.00000000
834	0.00000000
835	0.00000000
836	0.00000000
837	0.00000000
838	0.00000000
839	0.00000000
840	0.00000000
841	0.00000000
842	0.00000000
843	0.00000000
844	0.00000000
845	0.00000000
846	0.00000000
847	0.00000000
848	0.00000000
849	0.00000000
850	0.00000000
851	0.00000000
852	0.00000000
853	0.00000000
854	0.00000000
855	0.00000000
856	0.00000000
857	0.00000000
858	0.00000000
859	0.00000000
860	0.00000000
861	0.00000000
862	0.00000000
863	0.00000000
864	0.00000000
865	0.00000000
866	0.00000000
867	0.00000000
868	0.00000000
869	0.00000000
870	0.00000000
871	0.00000000
872	0.00000000
873	0.00000000
874	0.00000000
875	0.00000000
876	0.00000000
877	0.00000000
878	0.00000000
879	0.00000000
880	0.00000000
881	0.00000000
882	0.00000000
883	0.00000000
884	0.00000000
885	0.00000000
886	0.00000000
887	0.00000000
888	0.00000000
889	0.00000000
890	0.00000000
891	0.00000000
892	0.00000000
893	0.00000000
894	0.00000000
895	0.00000000
896	0.00000000
897	0.00000000
898	0.00000000
899	0.00000000
900	0.00000000
901	0.00000000
902	0.00000000
903	0.00000000
904	0.00000000
905	0.00000000
906	0.00000000
907	0.00000000
908	0.00000000
909	0.00000000
910	0.00000000
911	0.00000000
912	0.00000000
913	0.00000000
914	0.00000000
915	0.00000000
916	0.00000000
917	0.00000000
918	0.00000000
919	0.00000000
920	0.00000000
921	0.00000000
922	0.00000000
923	0.00000000
924	0.00000000
925	0.00000000
926	0.00000000
927	0.00000000
928	0.00000000
929	0.00000000
930	0.00000000
931	0.00000000
932	0.00000000
933	0.00000000
934	0.00000000
935	0.00000000
936	0.00000000
937	0.00000000
938	0.00000000
939	0.00000000
940	0.00000000
941	0.00000000
942	0.00000000
943	0.00000000
944	0.00000000
945	0.00000000
946	0.00000000
947	0.00000000
948	0.00000000
949	0.00000000
950	0.00000000
951	0.00000000
952	0.00000000
953	0.00000000
954	0.00000000
955	0.00000000
956	0.00000000
957	0.00000000
958	0.00000000
959	0.00000000
960	0.00000000
961	0.00000000
962	0.00000000
963	0.00000000
964	0.00000000
965	0.00000000
966	0.00000000
967	0.00000000
968	0.00000000
969	0.00000000
970	0.00000000
971	0.00000000
972	0.00000000
973	0.00000000
974	0.00000000
975	0.00000000
976	0.00000000
977	0.00000000
978	0.00000000
979	0.00000000
980	0.00000000
981	0.00000000
982	0.00000000
983	0.00000000
984	0.00000000
985	0.00000000
986	0.00000000
987	0.00000000
988	0.00000000
989	0.00000000
990	0.00000000
991	0.00000000
992	0.00000000
993	0.00000000
994	0.00000000
995	0.00000000
996	0.00000000
997	0.00000000
998	0.00000000
999	0.00000000
