0	0.00000000
1	0.00000000
2	0.00000000
3	0.00000000
4	0.00000000
5	0.00000000
6	0.00000000
7	0.00000000
8	0.00000000
9	0.00000000
10	0.00000000
11	0.00000000
12	0.00000000
13	0.00575087
14	0.03875120
15	0.03206699
16	0.03594180
17	0.03103525
18	0.03632491
19	0.03983826
20	0.04229122
21	0.03897866
22	0.03555148
23	0.03125299
24	0.02811780
25	0.02534057
26	0.02321235
27	0.02142134
28	0.02066086
29	0.01953493
30	0.01859543
31	0.01814087
32	0.02140767
33	0.02469555
34	0.02577407
35	0.02814024
36	0.02928292
37	0.02870504
38	0.02772505
39	0.02763739
40	0.02656462
41	0.02620401
42	0.02561005
43	0.02516986
44	0.02462116
45	0.02426037
46	0.02393498
47	0.02330206
48	0.02301558
49	0.02248483
50	0.02176744
51	0.02133932
52	0.02048686
53	0.01990136
54	0.01925109
55	0.01938623
56	0.01953894
57	0.01932447
58	0.01918728
59	0.01870768
60	0.01818909
61	0.01762404
62	0.01719169
63	0.01699065
64	0.01678224
65	0.01670128
66	0.01634950
67	0.01595312
68	0.01555620
69	0.01515309
70	0.01475835
71	0.01430620
72	0.01396460
73	0.01350387
74	0.01308305
75	0.01257549
76	0.01220812
77	0.01186274
78	0.01168908
79	0.01151463
80	0.01121595
81	0.01096492
82	0.01071979
83	0.01038980
84	0.01014961
85	0.00992786
86	0.00965671
87	0.00942614
88	0.00912348
89	0.00888290
90	0.00858454
91	0.00832852
92	0.00804968
93	0.00778832
94	0.00752752
95	0.00728742
96	0.00706164
97	0.00682787
98	0.00659905
99	0.00639142
100	0.00619353
101	0.00602370
102	0.00588837
103	0.00574236
104	0.00556035
105	0.00540329
106	0.00523776
107	0.00506835
108	0.00490917
109	0.00476117
110	0.00460561
111	0.00446890
112	0.00433306
113	0.00419758
114	0.00406062
115	0.00393331
116	0.00380822
117	0.00368887
118	0.00357312
119	0.00346239
120	0.00335290
121	0.00324821
122	0.00314678
123	0.00304853
124	0.00295649
125	0.00286910
126	0.00277988
127	0.00269602
128	0.00260989
129	0.00252987
130	0.00245070
131	0.00237474
132	0.00230106
133	0.00222981
134	0.00216062
135	0.00209361
136	0.00202865
137	0.00196567
138	0.00190457
139	0.00184535
140	0.00178797
141	0.00173239
142	0.00167853
143	0.00162636
144	0.00157581
145	0.00152684
146	0.00147939
147	0.00143343
148	0.00138894
149	0.00134585
150	0.00130410
151	0.00126364
152	0.00122443
153	0.00118643
154	0.00114961
155	0.00111392
156	0.00107935
157	0.00104585
158	0.00101339
159	0.00098194
160	0.00095146
161	0.00092193
162	0.00089331
163	0.00086558
164	0.00083871
165	0.00081267
166	0.00078744
167	0.00076300
168	0.00073931
169	0.00071635
170	0.00069412
171	0.00067257
172	0.00065169
173	0.00063145
174	0.00061185
175	0.00059286
176	0.00057445
177	0.00055662
178	0.00053934
179	0.00052260
180	0.00050638
181	0.00049066
182	0.00047543
183	0.00046067
184	0.00044637
185	0.00043251
186	0.00041908
187	0.00040607
188	0.00039347
189	0.00038125
190	0.00036942
191	0.00035795
192	0.00034684
193	0.00033607
194	0.00032564
195	0.00031553
196	0.00030574
197	0.00029624
198	0.00028705
199	0.00027814
200	0.00026950
201	0.00026114
202	0.00025303
203	0.00024518
204	0.00023756
205	0.00023019
206	0.00022304
207	0.00021612
208	0.00020941
209	0.00020291
210	0.00019661
211	0.00019051
212	0.00018459
213	0.00017886
214	0.00017331
215	0.00016793
216	0.00016272
217	0.00015767
218	0.00015277
219	0.00014803
220	0.00014343
221	0.00013898
222	0.00013467
223	0.00013049
224	0.00012644
225	0.00012251
226	0.00011871
227	0.00011502
228	0.00011145
229	0.00010799
230	0.00010464
231	0.00010139
232	0.00009824
233	0.00009519
234	0.00009224
235	0.00008938
236	0.00008660
237	0.00008391
238	0.00008131
239	0.00007878
240	0.00007634
241	0.00007397
242	0.00007167
243	0.00006945
244	0.00006729
245	0.00006520
246	0.00006318
247	0.00006122
248	0.00005932
249	0.00005748
250	0.00005569
251	0.00005396
252	0.00005229
253	0.00005066
254	0.00004909
255	0.00004757
256	0.00004609
257	0.00004466
258	0.00004327
259	0.00004193
260	0.00004063
261	0.00003937
262	0.00003815
263	0.00003696
264	0.00003581
265	0.00003470
266	0.00003362
267	0.00003258
268	0.00003157
269	0.00003059
270	0.00002964
271	0.00002872
272	0.00002783
273	0.00002696
274	0.00002613
275	0.00002532
276	0.00002453
277	0.00002377
278	0.00002303
279	0.00002232
280	0.00002162
281	0.00002095
282	0.00002030
283	0.00001967
284	0.00001906
285	0.00001847
286	0.00001790
287	0.00001734
288	0.00001680
289	0.00001628
290	0.00001577
291	0.00001529
292	0.00001481
293	0.00001435
294	0.00001391
295	0.00001347
296	0.00001306
297	0.00001265
298	0.00001226
299	0.00001188
300	0.00001151
301	0.00001115
302	0.00001080
303	0.00001047
304	0.00001014
305	0.00000983
306	0.00000952
307	0.00000923
308	0.00000894
309	0.00000866
310	0.00000840
311	0.00000814
312	0.00000788
313	0.00000764
314	0.00000740
315	0.00000717
316	0.00000695
317	0.00000673
318	0.00000652
319	0.00000632
320	0.00000612
321	0.00000593
322	0.00000575
323	0.00000557
324	0.00000540
325	0.00000523
326	0.00000507
327	0.00000491
328	0.00000476
329	0.00000461
330	0.00000447
331	0.00000433
332	0.00000420
333	0.00000406
334	0.00000394
335	0.00000382
336	0.00000370
337	0.00000358
338	0.00000347
339	0.00000336
340	0.00000326
341	0.00000316
342	0.00000306
343	0.00000297
344	0.00000287
345	0.00000278
346	0.00000270
347	0.00000261
348	0.00000253
349	0.00000245
350	0.00000238
351	0.00000230
352	0.00000223
353	0.00000216
354	0.00000210
355	0.00000203
356	0.00000197
357	0.00000191
358	0.00000185
359	0.00000179
360	0.00000173
361	0.00000168
362	0.00000163
363	0.00000158
364	0.00000153
365	0.00000148
366	0.00000144
367	0.00000139
368	0.00000135
369	0.00000131
370	0.00000127
371	0.00000123
372	0.00000119
373	0.00000115
374	0.00000112
375	0.00000108
376	0.00000105
377	0.00000101
378	0.00000098
379	0.00000095
380	0.00000092
381	0.00000089
382	0.00000087
383	0.00000084
384	0.00000081
385	0.00000079
386	0.00000076
387	0.00000074
388	0.00000072
389	0.00000070
390	0.00000067
391	0.00000065
392	0.00000063
393	0.00000061
394	0.00000059
395	0.00000058
396	0.00000056
397	0.00000054
398	0.00000052
399	0.00000051
400	0.00000049
401	0.00000048
402	0.00000046
403	0.00000045
404	0.00000043
405	0.00000042
406	0.00000041
407	0.00000039
408	0.00000038
409	0.00000037
410	0.00000036
411	0.00000035
412	0.00000034
413	0.00000033
414	0.00000032
415	0.00000031
416	0.00000030
417	0.00000029
418	0.00000028
419	0.00000027
420	0.00000026
421	0.00000025
422	0.00000025
423	0.00000024
424	0.00000023
425	0.00000022
426	0.00000022
427	0.00000021
428	0.00000020
429	0.00000020
430	0.00000019
431	0.00000018
432	0.00000018
433	0.00000017
434	0.00000017
435	0.00000016
436	0.00000016
437	0.00000015
438	0.00000015
439	0.00000014
440	0.00000014
441	0.00000013
442	0.00000013
443	0.00000013
444	0.00000012
445	0.00000012
446	0.00000012
447	0.00000011
448	0.00000011
449	0.00000010
450	0.00000010
451	0.00000010
452	0.00000010
453	0.00000009
454	0.00000009
455	0.00000009
456	0.00000008
457	0.00000008
458	0.00000008
459	0.00000008
460	0.00000007
461	0.00000007
462	0.00000007
463	0.00000007
464	0.00000007
465	0.00000006
466	0.00000006
467	0.00000006
468	0.00000006
469	0.00000006
470	0.00000005
471	0.00000005
472	0.00000005
473	0.00000005
474	0.00000005
475	0.00000005
476	0.00000004
477	0.00000004
478	0.00000004
479	0.00000004
480	0.00000004
481	0.00000004
482	0.00000004
483	0.00000004
484	0.00000003
485	0.00000003
486	0.00000003
487	0.00000003
488	0.00000003
489	0.00000003
490	0.00000003
491	0.00000003
492	0.00000003
493	0.00000003
494	0.00000003
495	0.00000002
496	0.00000002
497	0.00000002
498	0.00000002
499	0.00000002
500	0.00000002
501	0.00000002
502	0.00000002
503	0.00000002
504	0.00000002
505	0.00000002
506	0.00000002
507	0.00000002
508	0.00000002
509	0.00000002
510	0.00000002
511	0.00000001
512	0.00000001
513	0.00000001
514	0.00000001
515	0.00000001
516	0.00000001
517	0.00000001
518	0.00000001
519	0.00000001
520	0.00000001
521	0.00000001
522	0.00000001
523	0.00000001
524	0.00000001
525	0.00000001
526	0.00000001
527	0.00000001
528	0.00000001
529	0.00000001
530	0.00000001
531	0.00000001
532	0.00000001
533	0.00000001
534	0.00000001
535	0.00000001
536	0.00000001
537	0.00000001
538	0.00000001
539	0.00000001
540	0.00000001
541	0.00000001
542	0.00000001
543	0.00000001
544	0.00000001
545	0.00000001
546	0.00000000
547	0.00000000
548	0.00000000
549	0.00000000
550	0.00000000
551	0.00000000
552	0.00000000
553	0.00000000
554	0.00000000
555	0.00000000
556	0.00000000
557	0.00000000
558	0.00000000
559	0.00000000
560	0.00000000
561	0.00000000
562	0.00000000
563	0.00000000
564	0.00000000
565	0.00000000
566	0.00000000
567	0.00000000
568	0.00000000
569	0.00000000
570	0.00000000
571	0.00000000
572	0.00000000
573	0.00000000
574	0.00000000
575	0.00000000
576	0.00000000
577	0.00000000
578	0.00000000
579	0.00000000
580	0.00000000
581	0.00000000
582	0.00000000
583	0.00000000
584	0.00000000
585	0.00000000
586	0.00000000
587	0.00000000
588	0.00000000
589	0.00000000
590	0.00000000
591	0.00000000
592	0.00000000
593	0.00000000
594	0.00000000
595	0.00000000
596	0.00000000
597	0.00000000
598	0.00000000
599	0.00000000
600	0.00000000
601	0.00000000
602	0.00000000
603	0.00000000
604	0.00000000
605	0.00000000
606	0.00000000
607	0.00000000
608	0.00000000
609	0.00000000
610	0.00000000
611	0.00000000
612	0.00000000
613	0.00000000
614	0.00000000
615	0.00000000
616	0.00000000
617	0.00000000
618	0.00000000
619	0.00000000
620	0.00000000
621	0.00000000
622	0.00000000
623	0.00000000
624	0.00000000
625	0.00000000
626	0.00000000
627	0.00000000
628	0.00000000
629	0.00000000
630	0.00000000
631	0.00000000
632	0.00000000
633	0.00000000
634	0.00000000
635	0.00000000
636	0.00000000
637	0.00000000
638	0.00000000
639	0.00000000
640	0.00000000
641	0.00000000
642	0.00000000
643	0.00000000
644	0.00000000
645	0.00000000
646	0.00000000
647	0.00000000
648	0.00000000
649	0.00000000
650	0.00000000
651	0.00000000
652	0.00000000
653	0.00000000
654	0.00000000
655	0.00000000
656	0.00000000
657	0.00000000
658	0.00000000
659	0.00000000
660	0.00000000
661	0.00000000
662	0.00000000
663	0.00000000
664	0.00000000
665	0.00000000
666	0.00000000
667	0.00000000
668	0.00000000
669	0.00000000
670	0.00000000
671	0.00000000
672	0.00000000
673	0.00000000
674	0.00000000
675	0.00000000
676	0.00000000
677	0.00000000
678	0.00000000
679	0.00000000
680	0.00000000
681	0.00000000
682	0.00000000
683	0.00000000
684	0.00000000
685	0.00000000
686	0.00000000
687	0.00000000
688	0.00000000
689	0.00000000
690	0.00000000
691	0.00000000
692	0.00000000
693	0.00000000
694	0.00000000
695	0.00000000
696	0.00000000
697	0.00000000
698	0.00000000
699	0.00000000
700	0.00000000
701	0.00000000
702	0.00000000
703	0.00000000
704	0.00000000
705	0.00000000
706	0.00000000
707	0.00000000
708	0.00000000
709	0.00000000
710	0.00000000
711	0.00000000
712	0.00000000
713	0.00000000
714	0.00000000
715	0.00000000
716	0.00000000
717	0.00000000
718	0.00000000
719	0.00000000
720	0.00000000
721	0.00000000
722	0.00000000
723	0.00000000
724	0.00000000
725	0.00000000
726	0.00000000
727	0.00000000
728	0.00000000
729	0.00000000
730	0.00000000
731	0.00000000
732	0.00000000
733	0.00000000
734	0.00000000
735	0.00000000
736	0.00000000
737	0.00000000
738	0.00000000
739	0.00000000
740	0.00000000
741	0.00000000
742	0.00000000
743	0.00000000
744	0.00000000
745	0.00000000
746	0.00000000
747	0.00000000
748	0.00000000
749	0.00000000
750	0.00000000
751	0.00000000
752	0.00000000
753	0.00000000
754	0.00000000
755	0.00000000
756	0.00000000
757	0.00000000
758	0.00000000
759	0.00000000
760	0.00000000
761	0.00000000
762	0.00000000
763	0.00000000
764	0.00000000
765	0.00000000
766	0.00000000
767	0.00000000
768	0.00000000
769	0.00000000
770	0.00000000
771	0.00000000
772	0.00000000
773	0.00000000
774	0.00000000
775	0.00000000
776	0.00000000
777	0.00000000
778	0.00000000
779	0.00000000
780	0.00000000
781	0.00000000
782	0.00000000
783	0.00000000
784	0.00000000
785	0.00000000
786	0.00000000
787	0.00000000
788	0.00000000
789	0.00000000
790	0.00000000
791	0.00000000
792	0.00000000
793	0.00000000
794	0.00000000
795	0.00000000
796	0.00000000
797	0.00000000
798	0.00000000
799	0.00000000
800	0.00000000
801	0.00000000
802	0.00000000
803	0.00000000
804	0.00000000
805	0.00000000
806	0.00000000
807	0.00000000
808	0.00000000
809	0.00000000
810	0.00000000
811	0.00000000
812	0.00000000
813	0.00000000
814	0.00000000
815	0.00000000
816	0.00000000
817	0.00000000
818	0.00000000
819	0.00000000
820	0.00000000
821	0.00000000
822	0.00000000
823	0.00000000
824	0.00000000
825	0.00000000
826	0.00000000
827	0.00000000
828	0.00000000
829	0.00000000
830	0.00000000
831	0.00000000
832	0.00000000
833	0.00000000
834	0.00000000
835	0.00000000
836	0.00000000
837	0.00000000
838	0.00000000
839	0.00000000
840	0.00000000
841	0.00000000
842	0.00000000
843	0.00000000
844	0.00000000
845	0.00000000
846	0.00000000
847	0.00000000
848	0.00000000
849	0.00000000
850	0.00000000
851	0.00000000
852	0.00000000
853	0.00000000
854	0.00000000
855	0.00000000
856	0.00000000
857	0.00000000
858	0.00000000
859	0.00000000
860	0.00000000
861	0.00000000
862	0.00000000
863	0.00000000
864	0.00000000
865	0.00000000
866	0.00000000
867	0.00000000
868	0.00000000
869	0.00000000
870	0.00000000
871	0.00000000
872	0.00000000
873	0.00000000
874	0.00000000
875	0.00000000
876	0.00000000
877	0.00000000
878	0.00000000
879	0.00000000
880	0.00000000
881	0.00000000
882	0.00000000
883	0.00000000
884	0.00000000
885	0.00000000
886	0.00000000
887	0.00000000
888	0.00000000
889	0.00000000
890	0.00000000
891	0.00000000
892	0.00000000
893	0.00000000
894	0.00000000
895	0.00000000
896	0.00000000
897	0.00000000
898	0.00000000
899	0.00000000
900	0.00000000
901	0.00000000
902	0.00000000
903	0.00000000
904	0.00000000
905	0.00000000
906	0.00000000
907	0.00000000
908	0.00000000
909	0.00000000
910	0.00000000
911	0.00000000
912	0.00000000
913	0.00000000
914	0.00000000
915	0.00000000
916	0.00000000
917	0.00000000
918	0.00000000
919	0.00000000
920	0.00000000
921	0.00000000
922	0.00000000
923	0.00000000
924	0.00000000
925	0.00000000
926	0.00000000
927	0.00000000
928	0.00000000
929	0.00000000
930	0.00000000
931	0.00000000
932	0.00000000
933	0.00000000
934	0.00000000
935	0.00000000
936	0.00000000
937	0.00000000
938	0.00000000
939	0.00000000
940	0.00000000
941	0.00000000
942	0.00000000
943	0.00000000
944	0.00000000
945	0.00000000
946	0.00000000
947	0.00000000
948	0.00000000
949	0.00000000
950	0.00000000
951	0.00000000
952	0.00000000
953	0.00000000
954	0.00000000
955	0.00000000
956	0.00000000
957	0.00000000
958	0.00000000
959	0.00000000
960	0.00000000
961	0.00000000
962	0.00000000
963	0.00000000
964	0.00000000
965	0.00000000
966	0.00000000
967	0.00000000
968	0.00000000
969	0.00000000
970	0.00000000
971	0.00000000
972	0.00000000
973	0.00000000
974	0.00000000
975	0.00000000
976	0.00000000
977	0.00000000
978	0.00000000
979	0.00000000
980	0.00000000
981	0.00000000
982	0.00000000
983	0.00000000
984	0.00000000
985	0.00000000
986	0.00000000
987	0.00000000
988	0.00000000
989	0.00000000
990	0.00000000
991	0.00000000
992	0.00000000
993	0.00000000
994	0.00000000
995	0.00000000
996	0.00000000
997	0.00000000
998	0.00000000
999	0.00000000
