0	0.00000000
1	0.00000000
2	0.00000000
3	0.00000000
4	0.00000000
5	0.00000000
6	0.00000000
7	0.00000000
8	0.00000000
9	0.00000000
10	0.00000000
11	0.00000000
12	0.00000000
13	0.02153000
14	0.13180261
15	0.09413388
16	0.09655026
17	0.06272311
18	0.05240224
19	0.04564696
20	0.04250019
21	0.03567959
22	0.03131762
23	0.02682419
24	0.02286365
25	0.01984472
26	0.01811551
27	0.01684935
28	0.01627831
29	0.01554134
30	0.01513542
31	0.01495708
32	0.01889555
33	0.02536671
34	0.02701087
35	0.02791468
36	0.03011731
37	0.02995651
38	0.02838419
39	0.02807198
40	0.02716613
41	0.02724440
42	0.02647632
43	0.02641413
44	0.02598792
45	0.02577969
46	0.02557985
47	0.02459486
48	0.02396827
49	0.02291006
50	0.02210453
51	0.02124377
52	0.02046040
53	0.01982101
54	0.01909059
55	0.01928656
56	0.01950759
57	0.01929832
58	0.01929503
59	0.01904491
60	0.01872201
61	0.01828127
62	0.01799238
63	0.01791000
64	0.01778600
65	0.01753020
66	0.01717501
67	0.01666744
68	0.01602996
69	0.01571536
70	0.01515394
71	0.01472395
72	0.01425392
73	0.01382251
74	0.01336217
75	0.01284228
76	0.01249024
77	0.01214285
78	0.01195704
79	0.01180615
80	0.01160991
81	0.01132325
82	0.01114161
83	0.01089840
84	0.01062642
85	0.01041159
86	0.01010761
87	0.00986174
88	0.00956265
89	0.00924028
90	0.00891822
91	0.00865990
92	0.00835401
93	0.00809125
94	0.00781466
95	0.00757003
96	0.00733400
97	0.00708898
98	0.00684958
99	0.00663291
100	0.00642448
101	0.00623233
102	0.00609044
103	0.00596289
104	0.00578721
105	0.00564333
106	0.00548085
107	0.00530776
108	0.00514340
109	0.00497213
110	0.00481024
111	0.00466062
112	0.00451591
113	0.00437526
114	0.00423277
115	0.00409611
116	0.00396760
117	0.00384261
118	0.00372089
119	0.00360422
120	0.00349072
121	0.00338167
122	0.00327610
123	0.00317390
124	0.00307649
125	0.00298503
126	0.00289471
127	0.00281154
128	0.00271920
129	0.00263855
130	0.00255488
131	0.00247620
132	0.00239906
133	0.00232463
134	0.00225249
135	0.00218241
136	0.00211461
137	0.00204891
138	0.00198512
139	0.00192334
140	0.00186347
141	0.00180547
142	0.00174929
143	0.00169487
144	0.00164215
145	0.00159109
146	0.00154162
147	0.00149372
148	0.00144733
149	0.00140242
150	0.00135893
151	0.00131679
152	0.00127595
153	0.00123638
154	0.00119802
155	0.00116085
156	0.00112483
157	0.00108992
158	0.00105610
159	0.00102333
160	0.00099156
161	0.00096079
162	0.00093096
163	0.00090206
164	0.00087406
165	0.00084692
166	0.00082063
167	0.00079515
168	0.00077046
169	0.00074654
170	0.00072336
171	0.00070091
172	0.00067914
173	0.00065806
174	0.00063763
175	0.00061784
176	0.00059866
177	0.00058007
178	0.00056207
179	0.00054462
180	0.00052771
181	0.00051133
182	0.00049546
183	0.00048008
184	0.00046517
185	0.00045073
186	0.00043674
187	0.00042318
188	0.00041005
189	0.00039732
190	0.00038499
191	0.00037303
192	0.00036145
193	0.00035023
194	0.00033936
195	0.00032883
196	0.00031862
197	0.00030873
198	0.00029914
199	0.00028986
200	0.00028086
201	0.00027214
202	0.00026369
203	0.00025551
204	0.00024757
205	0.00023989
206	0.00023244
207	0.00022523
208	0.00021823
209	0.00021146
210	0.00020490
211	0.00019853
212	0.00019237
213	0.00018640
214	0.00018061
215	0.00017501
216	0.00016957
217	0.00016431
218	0.00015921
219	0.00015427
220	0.00014948
221	0.00014484
222	0.00014034
223	0.00013599
224	0.00013176
225	0.00012767
226	0.00012371
227	0.00011987
228	0.00011615
229	0.00011254
230	0.00010905
231	0.00010566
232	0.00010238
233	0.00009921
234	0.00009613
235	0.00009314
236	0.00009025
237	0.00008745
238	0.00008473
239	0.00008210
240	0.00007955
241	0.00007709
242	0.00007469
243	0.00007237
244	0.00007013
245	0.00006795
246	0.00006584
247	0.00006380
248	0.00006182
249	0.00005990
250	0.00005804
251	0.00005624
252	0.00005449
253	0.00005280
254	0.00005116
255	0.00004957
256	0.00004803
257	0.00004654
258	0.00004510
259	0.00004370
260	0.00004234
261	0.00004103
262	0.00003975
263	0.00003852
264	0.00003732
265	0.00003616
266	0.00003504
267	0.00003395
268	0.00003290
269	0.00003188
270	0.00003089
271	0.00002993
272	0.00002900
273	0.00002810
274	0.00002723
275	0.00002638
276	0.00002556
277	0.00002477
278	0.00002400
279	0.00002326
280	0.00002253
281	0.00002183
282	0.00002116
283	0.00002050
284	0.00001986
285	0.00001925
286	0.00001865
287	0.00001807
288	0.00001751
289	0.00001697
290	0.00001644
291	0.00001593
292	0.00001543
293	0.00001496
294	0.00001449
295	0.00001404
296	0.00001361
297	0.00001318
298	0.00001277
299	0.00001238
300	0.00001199
301	0.00001162
302	0.00001126
303	0.00001091
304	0.00001057
305	0.00001024
306	0.00000993
307	0.00000962
308	0.00000932
309	0.00000903
310	0.00000875
311	0.00000848
312	0.00000821
313	0.00000796
314	0.00000771
315	0.00000747
316	0.00000724
317	0.00000702
318	0.00000680
319	0.00000659
320	0.00000638
321	0.00000618
322	0.00000599
323	0.00000581
324	0.00000563
325	0.00000545
326	0.00000528
327	0.00000512
328	0.00000496
329	0.00000481
330	0.00000466
331	0.00000451
332	0.00000437
333	0.00000424
334	0.00000410
335	0.00000398
336	0.00000385
337	0.00000373
338	0.00000362
339	0.00000351
340	0.00000340
341	0.00000329
342	0.00000319
343	0.00000309
344	0.00000299
345	0.00000290
346	0.00000281
347	0.00000272
348	0.00000264
349	0.00000256
350	0.00000248
351	0.00000240
352	0.00000233
353	0.00000225
354	0.00000218
355	0.00000212
356	0.00000205
357	0.00000199
358	0.00000193
359	0.00000187
360	0.00000181
361	0.00000175
362	0.00000170
363	0.00000164
364	0.00000159
365	0.00000154
366	0.00000150
367	0.00000145
368	0.00000140
369	0.00000136
370	0.00000132
371	0.00000128
372	0.00000124
373	0.00000120
374	0.00000116
375	0.00000113
376	0.00000109
377	0.00000106
378	0.00000102
379	0.00000099
380	0.00000096
381	0.00000093
382	0.00000090
383	0.00000088
384	0.00000085
385	0.00000082
386	0.00000080
387	0.00000077
388	0.00000075
389	0.00000072
390	0.00000070
391	0.00000068
392	0.00000066
393	0.00000064
394	0.00000062
395	0.00000060
396	0.00000058
397	0.00000056
398	0.00000055
399	0.00000053
400	0.00000051
401	0.00000050
402	0.00000048
403	0.00000047
404	0.00000045
405	0.00000044
406	0.00000042
407	0.00000041
408	0.00000040
409	0.00000039
410	0.00000037
411	0.00000036
412	0.00000035
413	0.00000034
414	0.00000033
415	0.00000032
416	0.00000031
417	0.00000030
418	0.00000029
419	0.00000028
420	0.00000027
421	0.00000026
422	0.00000026
423	0.00000025
424	0.00000024
425	0.00000023
426	0.00000023
427	0.00000022
428	0.00000021
429	0.00000021
430	0.00000020
431	0.00000019
432	0.00000019
433	0.00000018
434	0.00000018
435	0.00000017
436	0.00000016
437	0.00000016
438	0.00000015
439	0.00000015
440	0.00000015
441	0.00000014
442	0.00000014
443	0.00000013
444	0.00000013
445	0.00000012
446	0.00000012
447	0.00000012
448	0.00000011
449	0.00000011
450	0.00000011
451	0.00000010
452	0.00000010
453	0.00000010
454	0.00000009
455	0.00000009
456	0.00000009
457	0.00000008
458	0.00000008
459	0.00000008
460	0.00000008
461	0.00000007
462	0.00000007
463	0.00000007
464	0.00000007
465	0.00000007
466	0.00000006
467	0.00000006
468	0.00000006
469	0.00000006
470	0.00000006
471	0.00000005
472	0.00000005
473	0.00000005
474	0.00000005
475	0.00000005
476	0.00000005
477	0.00000005
478	0.00000004
479	0.00000004
480	0.00000004
481	0.00000004
482	0.00000004
483	0.00000004
484	0.00000004
485	0.00000004
486	0.00000003
487	0.00000003
488	0.00000003
489	0.00000003
490	0.00000003
491	0.00000003
492	0.00000003
493	0.00000003
494	0.00000003
495	0.00000003
496	0.00000002
497	0.00000002
498	0.00000002
499	0.00000002
500	0.00000002
501	0.00000002
502	0.00000002
503	0.00000002
504	0.00000002
505	0.00000002
506	0.00000002
507	0.00000002
508	0.00000002
509	0.00000002
510	0.00000002
511	0.00000002
512	0.00000001
513	0.00000001
514	0.00000001
515	0.00000001
516	0.00000001
517	0.00000001
518	0.00000001
519	0.00000001
520	0.00000001
521	0.00000001
522	0.00000001
523	0.00000001
524	0.00000001
525	0.00000001
526	0.00000001
527	0.00000001
528	0.00000001
529	0.00000001
530	0.00000001
531	0.00000001
532	0.00000001
533	0.00000001
534	0.00000001
535	0.00000001
536	0.00000001
537	0.00000001
538	0.00000001
539	0.00000001
540	0.00000001
541	0.00000001
542	0.00000001
543	0.00000001
544	0.00000001
545	0.00000001
546	0.00000001
547	0.00000000
548	0.00000000
549	0.00000000
550	0.00000000
551	0.00000000
552	0.00000000
553	0.00000000
554	0.00000000
555	0.00000000
556	0.00000000
557	0.00000000
558	0.00000000
559	0.00000000
560	0.00000000
561	0.00000000
562	0.00000000
563	0.00000000
564	0.00000000
565	0.00000000
566	0.00000000
567	0.00000000
568	0.00000000
569	0.00000000
570	0.00000000
571	0.00000000
572	0.00000000
573	0.00000000
574	0.00000000
575	0.00000000
576	0.00000000
577	0.00000000
578	0.00000000
579	0.00000000
580	0.00000000
581	0.00000000
582	0.00000000
583	0.00000000
584	0.00000000
585	0.00000000
586	0.00000000
587	0.00000000
588	0.00000000
589	0.00000000
590	0.00000000
591	0.00000000
592	0.00000000
593	0.00000000
594	0.00000000
595	0.00000000
596	0.00000000
597	0.00000000
598	0.00000000
599	0.00000000
600	0.00000000
601	0.00000000
602	0.00000000
603	0.00000000
604	0.00000000
605	0.00000000
606	0.00000000
607	0.00000000
608	0.00000000
609	0.00000000
610	0.00000000
611	0.00000000
612	0.00000000
613	0.00000000
614	0.00000000
615	0.00000000
616	0.00000000
617	0.00000000
618	0.00000000
619	0.00000000
620	0.00000000
621	0.00000000
622	0.00000000
623	0.00000000
624	0.00000000
625	0.00000000
626	0.00000000
627	0.00000000
628	0.00000000
629	0.00000000
630	0.00000000
631	0.00000000
632	0.00000000
633	0.00000000
634	0.00000000
635	0.00000000
636	0.00000000
637	0.00000000
638	0.00000000
639	0.00000000
640	0.00000000
641	0.00000000
642	0.00000000
643	0.00000000
644	0.00000000
645	0.00000000
646	0.00000000
647	0.00000000
648	0.00000000
649	0.00000000
650	0.00000000
651	0.00000000
652	0.00000000
653	0.00000000
654	0.00000000
655	0.00000000
656	0.00000000
657	0.00000000
658	0.00000000
659	0.00000000
660	0.00000000
661	0.00000000
662	0.00000000
663	0.00000000
664	0.00000000
665	0.00000000
666	0.00000000
667	0.00000000
668	0.00000000
669	0.00000000
670	0.00000000
671	0.00000000
672	0.00000000
673	0.00000000
674	0.00000000
675	0.00000000
676	0.00000000
677	0.00000000
678	0.00000000
679	0.00000000
680	0.00000000
681	0.00000000
682	0.00000000
683	0.00000000
684	0.00000000
685	0.00000000
686	0.00000000
687	0.00000000
688	0.00000000
689	0.00000000
690	0.00000000
691	0.00000000
692	0.00000000
693	0.00000000
694	0.00000000
695	0.00000000
696	0.00000000
697	0.00000000
698	0.00000000
699	0.00000000
700	0.00000000
701	0.00000000
702	0.00000000
703	0.00000000
704	0.00000000
705	0.00000000
706	0.00000000
707	0.00000000
708	0.00000000
709	0.00000000
710	0.00000000
711	0.00000000
712	0.00000000
713	0.00000000
714	0.00000000
715	0.00000000
716	0.00000000
717	0.00000000
718	0.00000000
719	0.00000000
720	0.00000000
721	0.00000000
722	0.00000000
723	0.00000000
724	0.00000000
725	0.00000000
726	0.00000000
727	0.00000000
728	0.00000000
729	0.00000000
730	0.00000000
731	0.00000000
732	0.00000000
733	0.00000000
734	0.00000000
735	0.00000000
736	0.00000000
737	0.00000000
738	0.00000000
739	0.00000000
740	0.00000000
741	0.00000000
742	0.00000000
743	0.00000000
744	0.00000000
745	0.00000000
746	0.00000000
747	0.00000000
748	0.00000000
749	0.00000000
750	0.00000000
751	0.00000000
752	0.00000000
753	0.00000000
754	0.00000000
755	0.00000000
756	0.00000000
757	0.00000000
758	0.00000000
759	0.00000000
760	0.00000000
761	0.00000000
762	0.00000000
763	0.00000000
764	0.00000000
765	0.00000000
766	0.00000000
767	0.00000000
768	0.00000000
769	0.00000000
770	0.00000000
771	0.00000000
772	0.00000000
773	0.00000000
774	0.00000000
775	0.00000000
776	0.00000000
777	0.00000000
778	0.00000000
779	0.00000000
780	0.00000000
781	0.00000000
782	0.00000000
783	0.00000000
784	0.00000000
785	0.00000000
786	0.00000000
787	0.00000000
788	0.00000000
789	0.00000000
790	0.00000000
791	0.00000000
792	0.00000000
793	0.00000000
794	0.00000000
795	0.00000000
796	0.00000000
797	0.00000000
798	0.00000000
799	0.00000000
800	0.00000000
801	0.00000000
802	0.00000000
803	0.00000000
804	0.00000000
805	0.00000000
806	0.00000000
807	0.00000000
808	0.00000000
809	0.00000000
810	0.00000000
811	0.00000000
812	0.00000000
813	0.00000000
814	0.00000000
815	0.00000000
816	0.00000000
817	0.00000000
818	0.00000000
819	0.00000000
820	0.00000000
821	0.00000000
822	0.00000000
823	0.00000000
824	0.00000000
825	0.00000000
826	0.00000000
827	0.00000000
828	0.00000000
829	0.00000000
830	0.00000000
831	0.00000000
832	0.00000000
833	0.00000000
834	0.00000000
835	0.00000000
836	0.00000000
837	0.00000000
838	0.00000000
839	0.00000000
840	0.00000000
841	0.00000000
842	0.00000000
843	0.00000000
844	0.00000000
845	0.00000000
846	0.00000000
847	0.00000000
848	0.00000000
849	0.00000000
850	0.00000000
851	0.00000000
852	0.00000000
853	0.00000000
854	0.00000000
855	0.00000000
856	0.00000000
857	0.00000000
858	0.00000000
859	0.00000000
860	0.00000000
861	0.00000000
862	0.00000000
863	0.00000000
864	0.00000000
865	0.00000000
866	0.00000000
867	0.00000000
868	0.00000000
869	0.00000000
870	0.00000000
871	0.00000000
872	0.00000000
873	0.00000000
874	0.00000000
875	0.00000000
876	0.00000000
877	0.00000000
878	0.00000000
879	0.00000000
880	0.00000000
881	0.00000000
882	0.00000000
883	0.00000000
884	0.00000000
885	0.00000000
886	0.00000000
887	0.00000000
888	0.00000000
889	0.00000000
890	0.00000000
891	0.00000000
892	0.00000000
893	0.00000000
894	0.00000000
895	0.00000000
896	0.00000000
897	0.00000000
898	0.00000000
899	0.00000000
900	0.00000000
901	0.00000000
902	0.00000000
903	0.00000000
904	0.00000000
905	0.00000000
906	0.00000000
907	0.00000000
908	0.00000000
909	0.00000000
910	0.00000000
911	0.00000000
912	0.00000000
913	0.00000000
914	0.00000000
915	0.00000000
916	0.00000000
917	0.00000000
918	0.00000000
919	0.00000000
920	0.00000000
921	0.00000000
922	0.00000000
923	0.00000000
924	0.00000000
925	0.00000000
926	0.00000000
927	0.00000000
928	0.00000000
929	0.00000000
930	0.00000000
931	0.00000000
932	0.00000000
933	0.00000000
934	0.00000000
935	0.00000000
936	0.00000000
937	0.00000000
938	0.00000000
939	0.00000000
940	0.00000000
941	0.00000000
942	0.00000000
943	0.00000000
944	0.00000000
945	0.00000000
946	0.00000000
947	0.00000000
948	0.00000000
949	0.00000000
950	0.00000000
951	0.00000000
952	0.00000000
953	0.00000000
954	0.00000000
955	0.00000000
956	0.00000000
957	0.00000000
958	0.00000000
959	0.00000000
960	0.00000000
961	0.00000000
962	0.00000000
963	0.00000000
964	0.00000000
965	0.00000000
966	0.00000000
967	0.00000000
968	0.00000000
969	0.00000000
970	0.00000000
971	0.00000000
972	0.00000000
973	0.00000000
974	0.00000000
975	0.00000000
976	0.00000000
977	0.00000000
978	0.00000000
979	0.00000000
980	0.00000000
981	0.00000000
982	0.00000000
983	0.00000000
984	0.00000000
985	0.00000000
986	0.00000000
987	0.00000000
988	0.00000000
989	0.00000000
990	0.00000000
991	0.00000000
992	0.00000000
993	0.00000000
994	0.00000000
995	0.00000000
996	0.00000000
997	0.00000000
998	0.00000000
999	0.00000000
