0	0.00000000
1	0.00000000
2	0.00000000
3	0.00000000
4	0.00000000
5	0.00000000
6	0.00000000
7	0.00000000
8	0.00000000
9	0.00000000
10	0.00000000
11	0.00000000
12	0.00000000
13	0.00414943
14	0.02807964
15	0.02331121
16	0.03033859
17	0.02918862
18	0.03761579
19	0.04227871
20	0.04478242
21	0.04091107
22	0.03776500
23	0.03370142
24	0.03117572
25	0.02829761
26	0.02633211
27	0.02399975
28	0.02291541
29	0.02118575
30	0.01991164
31	0.01882476
32	0.02057086
33	0.02274824
34	0.02406836
35	0.02605380
36	0.02701526
37	0.02686132
38	0.02692206
39	0.02738026
40	0.02659140
41	0.02641918
42	0.02610957
43	0.02564864
44	0.02478748
45	0.02418812
46	0.02366099
47	0.02289925
48	0.02270298
49	0.02224084
50	0.02164738
51	0.02119998
52	0.02044423
53	0.01980349
54	0.01906968
55	0.01906212
56	0.01906310
57	0.01878827
58	0.01856156
59	0.01809128
60	0.01763064
61	0.01729004
62	0.01698036
63	0.01670445
64	0.01649249
65	0.01636068
66	0.01602785
67	0.01561646
68	0.01526672
69	0.01490089
70	0.01450567
71	0.01408595
72	0.01373456
73	0.01327501
74	0.01286652
75	0.01237672
76	0.01199594
77	0.01164022
78	0.01138843
79	0.01119422
80	0.01087707
81	0.01062635
82	0.01038432
83	0.01006822
84	0.00983864
85	0.00968422
86	0.00941711
87	0.00920662
88	0.00892593
89	0.00869043
90	0.00841051
91	0.00812190
92	0.00785660
93	0.00759954
94	0.00734040
95	0.00710126
96	0.00688253
97	0.00665688
98	0.00643352
99	0.00622933
100	0.00603273
101	0.00586195
102	0.00572194
103	0.00556762
104	0.00539350
105	0.00524027
106	0.00507941
107	0.00492341
108	0.00477895
109	0.00464186
110	0.00448577
111	0.00435003
112	0.00421614
113	0.00408238
114	0.00395162
115	0.00382632
116	0.00370578
117	0.00358965
118	0.00347742
119	0.00336926
120	0.00326272
121	0.00316074
122	0.00306193
123	0.00296623
124	0.00287582
125	0.00279021
126	0.00270302
127	0.00262100
128	0.00253788
129	0.00245984
130	0.00238311
131	0.00230946
132	0.00223802
133	0.00216873
134	0.00210145
135	0.00203627
136	0.00197308
137	0.00191182
138	0.00185242
139	0.00179487
140	0.00173909
141	0.00168504
142	0.00163266
143	0.00158193
144	0.00153276
145	0.00148514
146	0.00143898
147	0.00139428
148	0.00135099
149	0.00130906
150	0.00126844
151	0.00122908
152	0.00119093
153	0.00115396
154	0.00111815
155	0.00108344
156	0.00104982
157	0.00101723
158	0.00098566
159	0.00095507
160	0.00092542
161	0.00089670
162	0.00086887
163	0.00084190
164	0.00081576
165	0.00079044
166	0.00076590
167	0.00074212
168	0.00071908
169	0.00069676
170	0.00067513
171	0.00065417
172	0.00063386
173	0.00061418
174	0.00059512
175	0.00057664
176	0.00055874
177	0.00054140
178	0.00052459
179	0.00050830
180	0.00049252
181	0.00047724
182	0.00046242
183	0.00044807
184	0.00043416
185	0.00042068
186	0.00040762
187	0.00039497
188	0.00038271
189	0.00037083
190	0.00035931
191	0.00034816
192	0.00033735
193	0.00032688
194	0.00031673
195	0.00030690
196	0.00029737
197	0.00028814
198	0.00027920
199	0.00027053
200	0.00026213
201	0.00025399
202	0.00024611
203	0.00023847
204	0.00023107
205	0.00022389
206	0.00021694
207	0.00021021
208	0.00020368
209	0.00019736
210	0.00019123
211	0.00018530
212	0.00017954
213	0.00017397
214	0.00016857
215	0.00016334
216	0.00015827
217	0.00015335
218	0.00014859
219	0.00014398
220	0.00013951
221	0.00013518
222	0.00013098
223	0.00012692
224	0.00012298
225	0.00011916
226	0.00011546
227	0.00011188
228	0.00010840
229	0.00010504
230	0.00010178
231	0.00009862
232	0.00009556
233	0.00009259
234	0.00008972
235	0.00008693
236	0.00008423
237	0.00008162
238	0.00007908
239	0.00007663
240	0.00007425
241	0.00007195
242	0.00006971
243	0.00006755
244	0.00006545
245	0.00006342
246	0.00006145
247	0.00005954
248	0.00005769
249	0.00005590
250	0.00005417
251	0.00005249
252	0.00005086
253	0.00004928
254	0.00004775
255	0.00004627
256	0.00004483
257	0.00004344
258	0.00004209
259	0.00004078
260	0.00003952
261	0.00003829
262	0.00003710
263	0.00003595
264	0.00003483
265	0.00003375
266	0.00003270
267	0.00003169
268	0.00003071
269	0.00002975
270	0.00002883
271	0.00002793
272	0.00002707
273	0.00002623
274	0.00002541
275	0.00002462
276	0.00002386
277	0.00002312
278	0.00002240
279	0.00002171
280	0.00002103
281	0.00002038
282	0.00001975
283	0.00001913
284	0.00001854
285	0.00001796
286	0.00001741
287	0.00001687
288	0.00001634
289	0.00001583
290	0.00001534
291	0.00001487
292	0.00001441
293	0.00001396
294	0.00001353
295	0.00001311
296	0.00001270
297	0.00001230
298	0.00001192
299	0.00001155
300	0.00001119
301	0.00001085
302	0.00001051
303	0.00001018
304	0.00000987
305	0.00000956
306	0.00000926
307	0.00000898
308	0.00000870
309	0.00000843
310	0.00000817
311	0.00000791
312	0.00000767
313	0.00000743
314	0.00000720
315	0.00000697
316	0.00000676
317	0.00000655
318	0.00000635
319	0.00000615
320	0.00000596
321	0.00000577
322	0.00000559
323	0.00000542
324	0.00000525
325	0.00000509
326	0.00000493
327	0.00000478
328	0.00000463
329	0.00000449
330	0.00000435
331	0.00000421
332	0.00000408
333	0.00000395
334	0.00000383
335	0.00000371
336	0.00000360
337	0.00000349
338	0.00000338
339	0.00000327
340	0.00000317
341	0.00000307
342	0.00000298
343	0.00000288
344	0.00000279
345	0.00000271
346	0.00000262
347	0.00000254
348	0.00000246
349	0.00000239
350	0.00000231
351	0.00000224
352	0.00000217
353	0.00000210
354	0.00000204
355	0.00000198
356	0.00000191
357	0.00000185
358	0.00000180
359	0.00000174
360	0.00000169
361	0.00000164
362	0.00000158
363	0.00000154
364	0.00000149
365	0.00000144
366	0.00000140
367	0.00000135
368	0.00000131
369	0.00000127
370	0.00000123
371	0.00000119
372	0.00000116
373	0.00000112
374	0.00000109
375	0.00000105
376	0.00000102
377	0.00000099
378	0.00000096
379	0.00000093
380	0.00000090
381	0.00000087
382	0.00000084
383	0.00000082
384	0.00000079
385	0.00000077
386	0.00000074
387	0.00000072
388	0.00000070
389	0.00000068
390	0.00000066
391	0.00000063
392	0.00000062
393	0.00000060
394	0.00000058
395	0.00000056
396	0.00000054
397	0.00000053
398	0.00000051
399	0.00000049
400	0.00000048
401	0.00000046
402	0.00000045
403	0.00000043
404	0.00000042
405	0.00000041
406	0.00000040
407	0.00000038
408	0.00000037
409	0.00000036
410	0.00000035
411	0.00000034
412	0.00000033
413	0.00000032
414	0.00000031
415	0.00000030
416	0.00000029
417	0.00000028
418	0.00000027
419	0.00000026
420	0.00000025
421	0.00000025
422	0.00000024
423	0.00000023
424	0.00000022
425	0.00000022
426	0.00000021
427	0.00000020
428	0.00000020
429	0.00000019
430	0.00000019
431	0.00000018
432	0.00000017
433	0.00000017
434	0.00000016
435	0.00000016
436	0.00000015
437	0.00000015
438	0.00000014
439	0.00000014
440	0.00000014
441	0.00000013
442	0.00000013
443	0.00000012
444	0.00000012
445	0.00000012
446	0.00000011
447	0.00000011
448	0.00000011
449	0.00000010
450	0.00000010
451	0.00000010
452	0.00000009
453	0.00000009
454	0.00000009
455	0.00000008
456	0.00000008
457	0.00000008
458	0.00000008
459	0.00000007
460	0.00000007
461	0.00000007
462	0.00000007
463	0.00000007
464	0.00000006
465	0.00000006
466	0.00000006
467	0.00000006
468	0.00000006
469	0.00000005
470	0.00000005
471	0.00000005
472	0.00000005
473	0.00000005
474	0.00000005
475	0.00000004
476	0.00000004
477	0.00000004
478	0.00000004
479	0.00000004
480	0.00000004
481	0.00000004
482	0.00000004
483	0.00000003
484	0.00000003
485	0.00000003
486	0.00000003
487	0.00000003
488	0.00000003
489	0.00000003
490	0.00000003
491	0.00000003
492	0.00000003
493	0.00000003
494	0.00000002
495	0.00000002
496	0.00000002
497	0.00000002
498	0.00000002
499	0.00000002
500	0.00000002
501	0.00000002
502	0.00000002
503	0.00000002
504	0.00000002
505	0.00000002
506	0.00000002
507	0.00000002
508	0.00000002
509	0.00000002
510	0.00000001
511	0.00000001
512	0.00000001
513	0.00000001
514	0.00000001
515	0.00000001
516	0.00000001
517	0.00000001
518	0.00000001
519	0.00000001
520	0.00000001
521	0.00000001
522	0.00000001
523	0.00000001
524	0.00000001
525	0.00000001
526	0.00000001
527	0.00000001
528	0.00000001
529	0.00000001
530	0.00000001
531	0.00000001
532	0.00000001
533	0.00000001
534	0.00000001
535	0.00000001
536	0.00000001
537	0.00000001
538	0.00000001
539	0.00000001
540	0.00000001
541	0.00000001
542	0.00000001
543	0.00000001
544	0.00000001
545	0.00000000
546	0.00000000
547	0.00000000
548	0.00000000
549	0.00000000
550	0.00000000
551	0.00000000
552	0.00000000
553	0.00000000
554	0.00000000
555	0.00000000
556	0.00000000
557	0.00000000
558	0.00000000
559	0.00000000
560	0.00000000
561	0.00000000
562	0.00000000
563	0.00000000
564	0.00000000
565	0.00000000
566	0.00000000
567	0.00000000
568	0.00000000
569	0.00000000
570	0.00000000
571	0.00000000
572	0.00000000
573	0.00000000
574	0.00000000
575	0.00000000
576	0.00000000
577	0.00000000
578	0.00000000
579	0.00000000
580	0.00000000
581	0.00000000
582	0.00000000
583	0.00000000
584	0.00000000
585	0.00000000
586	0.00000000
587	0.00000000
588	0.00000000
589	0.00000000
590	0.00000000
591	0.00000000
592	0.00000000
593	0.00000000
594	0.00000000
595	0.00000000
596	0.00000000
597	0.00000000
598	0.00000000
599	0.00000000
600	0.00000000
601	0.00000000
602	0.00000000
603	0.00000000
604	0.00000000
605	0.00000000
606	0.00000000
607	0.00000000
608	0.00000000
609	0.00000000
610	0.00000000
611	0.00000000
612	0.00000000
613	0.00000000
614	0.00000000
615	0.00000000
616	0.00000000
617	0.00000000
618	0.00000000
619	0.00000000
620	0.00000000
621	0.00000000
622	0.00000000
623	0.00000000
624	0.00000000
625	0.00000000
626	0.00000000
627	0.00000000
628	0.00000000
629	0.00000000
630	0.00000000
631	0.00000000
632	0.00000000
633	0.00000000
634	0.00000000
635	0.00000000
636	0.00000000
637	0.00000000
638	0.00000000
639	0.00000000
640	0.00000000
641	0.00000000
642	0.00000000
643	0.00000000
644	0.00000000
645	0.00000000
646	0.00000000
647	0.00000000
648	0.00000000
649	0.00000000
650	0.00000000
651	0.00000000
652	0.00000000
653	0.00000000
654	0.00000000
655	0.00000000
656	0.00000000
657	0.00000000
658	0.00000000
659	0.00000000
660	0.00000000
661	0.00000000
662	0.00000000
663	0.00000000
664	0.00000000
665	0.00000000
666	0.00000000
667	0.00000000
668	0.00000000
669	0.00000000
670	0.00000000
671	0.00000000
672	0.00000000
673	0.00000000
674	0.00000000
675	0.00000000
676	0.00000000
677	0.00000000
678	0.00000000
679	0.00000000
680	0.00000000
681	0.00000000
682	0.00000000
683	0.00000000
684	0.00000000
685	0.00000000
686	0.00000000
687	0.00000000
688	0.00000000
689	0.00000000
690	0.00000000
691	0.00000000
692	0.00000000
693	0.00000000
694	0.00000000
695	0.00000000
696	0.00000000
697	0.00000000
698	0.00000000
699	0.00000000
700	0.00000000
701	0.00000000
702	0.00000000
703	0.00000000
704	0.00000000
705	0.00000000
706	0.00000000
707	0.00000000
708	0.00000000
709	0.00000000
710	0.00000000
711	0.00000000
712	0.00000000
713	0.00000000
714	0.00000000
715	0.00000000
716	0.00000000
717	0.00000000
718	0.00000000
719	0.00000000
720	0.00000000
721	0.00000000
722	0.00000000
723	0.00000000
724	0.00000000
725	0.00000000
726	0.00000000
727	0.00000000
728	0.00000000
729	0.00000000
730	0.00000000
731	0.00000000
732	0.00000000
733	0.00000000
734	0.00000000
735	0.00000000
736	0.00000000
737	0.00000000
738	0.00000000
739	0.00000000
740	0.00000000
741	0.00000000
742	0.00000000
743	0.00000000
744	0.00000000
745	0.00000000
746	0.00000000
747	0.00000000
748	0.00000000
749	0.00000000
750	0.00000000
751	0.00000000
752	0.00000000
753	0.00000000
754	0.00000000
755	0.00000000
756	0.00000000
757	0.00000000
758	0.00000000
759	0.00000000
760	0.00000000
761	0.00000000
762	0.00000000
763	0.00000000
764	0.00000000
765	0.00000000
766	0.00000000
767	0.00000000
768	0.00000000
769	0.00000000
770	0.00000000
771	0.00000000
772	0.00000000
773	0.00000000
774	0.00000000
775	0.00000000
776	0.00000000
777	0.00000000
778	0.00000000
779	0.00000000
780	0.00000000
781	0.00000000
782	0.00000000
783	0.00000000
784	0.00000000
785	0.00000000
786	0.00000000
787	0.00000000
788	0.00000000
789	0.00000000
790	0.00000000
791	0.00000000
792	0.00000000
793	0.00000000
794	0.00000000
795	0.00000000
796	0.00000000
797	0.00000000
798	0.00000000
799	0.00000000
800	0.00000000
801	0.00000000
802	0.00000000
803	0.00000000
804	0.00000000
805	0.00000000
806	0.00000000
807	0.00000000
808	0.00000000
809	0.00000000
810	0.00000000
811	0.00000000
812	0.00000000
813	0.00000000
814	0.00000000
815	0.00000000
816	0.00000000
817	0.00000000
818	0.00000000
819	0.00000000
820	0.00000000
821	0.00000000
822	0.00000000
823	0.00000000
824	0.00000000
825	0.00000000
826	0.00000000
827	0.00000000
828	0.00000000
829	0.00000000
830	0.00000000
831	0.00000000
832	0.00000000
833	0.00000000
834	0.00000000
835	0.00000000
836	0.00000000
837	0.00000000
838	0.00000000
839	0.00000000
840	0.00000000
841	0.00000000
842	0.00000000
843	0.00000000
844	0.00000000
845	0.00000000
846	0.00000000
847	0.00000000
848	0.00000000
849	0.00000000
850	0.00000000
851	0.00000000
852	0.00000000
853	0.00000000
854	0.00000000
855	0.00000000
856	0.00000000
857	0.00000000
858	0.00000000
859	0.00000000
860	0.00000000
861	0.00000000
862	0.00000000
863	0.00000000
864	0.00000000
865	0.00000000
866	0.00000000
867	0.00000000
868	0.00000000
869	0.00000000
870	0.00000000
871	0.00000000
872	0.00000000
873	0.00000000
874	0.00000000
875	0.00000000
876	0.00000000
877	0.00000000
878	0.00000000
879	0.00000000
880	0.00000000
881	0.00000000
882	0.00000000
883	0.00000000
884	0.00000000
885	0.00000000
886	0.00000000
887	0.00000000
888	0.00000000
889	0.00000000
890	0.00000000
891	0.00000000
892	0.00000000
893	0.00000000
894	0.00000000
895	0.00000000
896	0.00000000
897	0.00000000
898	0.00000000
899	0.00000000
900	0.00000000
901	0.00000000
902	0.00000000
903	0.00000000
904	0.00000000
905	0.00000000
906	0.00000000
907	0.00000000
908	0.00000000
909	0.00000000
910	0.00000000
911	0.00000000
912	0.00000000
913	0.00000000
914	0.00000000
915	0.00000000
916	0.00000000
917	0.00000000
918	0.00000000
919	0.00000000
920	0.00000000
921	0.00000000
922	0.00000000
923	0.00000000
924	0.00000000
925	0.00000000
926	0.00000000
927	0.00000000
928	0.00000000
929	0.00000000
930	0.00000000
931	0.00000000
932	0.00000000
933	0.00000000
934	0.00000000
935	0.00000000
936	0.00000000
937	0.00000000
938	0.00000000
939	0.00000000
940	0.00000000
941	0.00000000
942	0.00000000
943	0.00000000
944	0.00000000
945	0.00000000
946	0.00000000
947	0.00000000
948	0.00000000
949	0.00000000
950	0.00000000
951	0.00000000
952	0.00000000
953	0.00000000
954	0.00000000
955	0.00000000
956	0.00000000
957	0.00000000
958	0.00000000
959	0.00000000
960	0.00000000
961	0.00000000
962	0.00000000
963	0.00000000
964	0.00000000
965	0.00000000
966	0.00000000
967	0.00000000
968	0.00000000
969	0.00000000
970	0.00000000
971	0.00000000
972	0.00000000
973	0.00000000
974	0.00000000
975	0.00000000
976	0.00000000
977	0.00000000
978	0.00000000
979	0.00000000
980	0.00000000
981	0.00000000
982	0.00000000
983	0.00000000
984	0.00000000
985	0.00000000
986	0.00000000
987	0.00000000
988	0.00000000
989	0.00000000
990	0.00000000
991	0.00000000
992	0.00000000
993	0.00000000
994	0.00000000
995	0.00000000
996	0.00000000
997	0.00000000
998	0.00000000
999	0.00000000
