0	0.00000000
1	0.00000000
2	0.00000000
3	0.00000000
4	0.00000000
5	0.00000000
6	0.00000000
7	0.00000000
8	0.00000000
9	0.00000000
10	0.00000000
11	0.00000000
12	0.00000000
13	0.00283597
14	0.01955360
15	0.01656803
16	0.02395673
17	0.02466082
18	0.03491286
19	0.04131244
20	0.04524229
21	0.04206717
22	0.04041887
23	0.03636302
24	0.03365876
25	0.03054531
26	0.02804551
27	0.02538880
28	0.02412933
29	0.02208473
30	0.02052948
31	0.01938908
32	0.02033177
33	0.02169801
34	0.02305761
35	0.02504462
36	0.02569993
37	0.02574942
38	0.02637287
39	0.02680310
40	0.02645403
41	0.02637958
42	0.02632223
43	0.02553141
44	0.02481909
45	0.02397376
46	0.02336056
47	0.02254731
48	0.02239368
49	0.02201547
50	0.02156888
51	0.02098866
52	0.02041218
53	0.01972113
54	0.01889514
55	0.01885597
56	0.01877538
57	0.01842803
58	0.01816206
59	0.01768343
60	0.01720773
61	0.01693340
62	0.01664236
63	0.01642409
64	0.01621590
65	0.01608170
66	0.01571557
67	0.01535916
68	0.01501950
69	0.01472214
70	0.01432324
71	0.01388388
72	0.01354582
73	0.01307160
74	0.01268874
75	0.01221203
76	0.01182294
77	0.01144274
78	0.01116884
79	0.01095312
80	0.01063332
81	0.01036579
82	0.01013726
83	0.00981204
84	0.00959999
85	0.00948537
86	0.00923056
87	0.00902375
88	0.00875739
89	0.00854237
90	0.00825626
91	0.00794681
92	0.00770808
93	0.00744938
94	0.00719118
95	0.00695812
96	0.00673856
97	0.00651420
98	0.00630024
99	0.00609893
100	0.00590601
101	0.00573863
102	0.00560011
103	0.00543275
104	0.00526597
105	0.00511285
106	0.00495393
107	0.00480838
108	0.00467369
109	0.00453946
110	0.00438929
111	0.00425528
112	0.00412614
113	0.00399047
114	0.00386576
115	0.00374170
116	0.00362444
117	0.00351078
118	0.00340125
119	0.00329497
120	0.00319116
121	0.00309138
122	0.00299462
123	0.00290105
124	0.00281280
125	0.00272849
126	0.00264262
127	0.00256199
128	0.00248108
129	0.00240459
130	0.00232966
131	0.00225780
132	0.00218801
133	0.00212030
134	0.00205453
135	0.00199085
136	0.00192908
137	0.00186921
138	0.00181117
139	0.00175491
140	0.00170038
141	0.00164756
142	0.00159636
143	0.00154677
144	0.00149870
145	0.00145213
146	0.00140701
147	0.00136330
148	0.00132097
149	0.00127997
150	0.00124024
151	0.00120174
152	0.00116444
153	0.00112829
154	0.00109327
155	0.00105933
156	0.00102645
157	0.00099459
158	0.00096372
159	0.00093381
160	0.00090483
161	0.00087674
162	0.00084953
163	0.00082316
164	0.00079761
165	0.00077285
166	0.00074886
167	0.00072561
168	0.00070308
169	0.00068126
170	0.00066011
171	0.00063962
172	0.00061976
173	0.00060052
174	0.00058188
175	0.00056381
176	0.00054631
177	0.00052935
178	0.00051292
179	0.00049699
180	0.00048157
181	0.00046662
182	0.00045213
183	0.00043810
184	0.00042450
185	0.00041132
186	0.00039855
187	0.00038618
188	0.00037419
189	0.00036257
190	0.00035132
191	0.00034041
192	0.00032985
193	0.00031961
194	0.00030968
195	0.00030007
196	0.00029076
197	0.00028173
198	0.00027298
199	0.00026451
200	0.00025630
201	0.00024834
202	0.00024063
203	0.00023316
204	0.00022593
205	0.00021891
206	0.00021212
207	0.00020553
208	0.00019915
209	0.00019297
210	0.00018698
211	0.00018117
212	0.00017555
213	0.00017010
214	0.00016482
215	0.00015970
216	0.00015475
217	0.00014994
218	0.00014529
219	0.00014078
220	0.00013641
221	0.00013217
222	0.00012807
223	0.00012409
224	0.00012024
225	0.00011651
226	0.00011289
227	0.00010939
228	0.00010599
229	0.00010270
230	0.00009951
231	0.00009642
232	0.00009343
233	0.00009053
234	0.00008772
235	0.00008500
236	0.00008236
237	0.00007980
238	0.00007732
239	0.00007492
240	0.00007260
241	0.00007034
242	0.00006816
243	0.00006604
244	0.00006399
245	0.00006201
246	0.00006008
247	0.00005822
248	0.00005641
249	0.00005466
250	0.00005296
251	0.00005132
252	0.00004973
253	0.00004818
254	0.00004669
255	0.00004524
256	0.00004383
257	0.00004247
258	0.00004115
259	0.00003988
260	0.00003864
261	0.00003744
262	0.00003628
263	0.00003515
264	0.00003406
265	0.00003300
266	0.00003198
267	0.00003098
268	0.00003002
269	0.00002909
270	0.00002819
271	0.00002731
272	0.00002646
273	0.00002564
274	0.00002485
275	0.00002408
276	0.00002333
277	0.00002260
278	0.00002190
279	0.00002122
280	0.00002056
281	0.00001993
282	0.00001931
283	0.00001871
284	0.00001813
285	0.00001756
286	0.00001702
287	0.00001649
288	0.00001598
289	0.00001548
290	0.00001500
291	0.00001454
292	0.00001409
293	0.00001365
294	0.00001322
295	0.00001281
296	0.00001242
297	0.00001203
298	0.00001166
299	0.00001130
300	0.00001094
301	0.00001060
302	0.00001028
303	0.00000996
304	0.00000965
305	0.00000935
306	0.00000906
307	0.00000878
308	0.00000850
309	0.00000824
310	0.00000798
311	0.00000774
312	0.00000750
313	0.00000726
314	0.00000704
315	0.00000682
316	0.00000661
317	0.00000640
318	0.00000620
319	0.00000601
320	0.00000582
321	0.00000564
322	0.00000547
323	0.00000530
324	0.00000513
325	0.00000498
326	0.00000482
327	0.00000467
328	0.00000453
329	0.00000439
330	0.00000425
331	0.00000412
332	0.00000399
333	0.00000387
334	0.00000375
335	0.00000363
336	0.00000352
337	0.00000341
338	0.00000330
339	0.00000320
340	0.00000310
341	0.00000300
342	0.00000291
343	0.00000282
344	0.00000273
345	0.00000265
346	0.00000257
347	0.00000249
348	0.00000241
349	0.00000233
350	0.00000226
351	0.00000219
352	0.00000212
353	0.00000206
354	0.00000199
355	0.00000193
356	0.00000187
357	0.00000181
358	0.00000176
359	0.00000170
360	0.00000165
361	0.00000160
362	0.00000155
363	0.00000150
364	0.00000145
365	0.00000141
366	0.00000137
367	0.00000132
368	0.00000128
369	0.00000124
370	0.00000120
371	0.00000117
372	0.00000113
373	0.00000110
374	0.00000106
375	0.00000103
376	0.00000100
377	0.00000097
378	0.00000094
379	0.00000091
380	0.00000088
381	0.00000085
382	0.00000082
383	0.00000080
384	0.00000077
385	0.00000075
386	0.00000073
387	0.00000070
388	0.00000068
389	0.00000066
390	0.00000064
391	0.00000062
392	0.00000060
393	0.00000058
394	0.00000056
395	0.00000055
396	0.00000053
397	0.00000051
398	0.00000050
399	0.00000048
400	0.00000047
401	0.00000045
402	0.00000044
403	0.00000043
404	0.00000041
405	0.00000040
406	0.00000039
407	0.00000037
408	0.00000036
409	0.00000035
410	0.00000034
411	0.00000033
412	0.00000032
413	0.00000031
414	0.00000030
415	0.00000029
416	0.00000028
417	0.00000027
418	0.00000026
419	0.00000026
420	0.00000025
421	0.00000024
422	0.00000023
423	0.00000023
424	0.00000022
425	0.00000021
426	0.00000021
427	0.00000020
428	0.00000019
429	0.00000019
430	0.00000018
431	0.00000018
432	0.00000017
433	0.00000017
434	0.00000016
435	0.00000015
436	0.00000015
437	0.00000015
438	0.00000014
439	0.00000014
440	0.00000013
441	0.00000013
442	0.00000012
443	0.00000012
444	0.00000012
445	0.00000011
446	0.00000011
447	0.00000011
448	0.00000010
449	0.00000010
450	0.00000010
451	0.00000009
452	0.00000009
453	0.00000009
454	0.00000009
455	0.00000008
456	0.00000008
457	0.00000008
458	0.00000008
459	0.00000007
460	0.00000007
461	0.00000007
462	0.00000007
463	0.00000006
464	0.00000006
465	0.00000006
466	0.00000006
467	0.00000006
468	0.00000005
469	0.00000005
470	0.00000005
471	0.00000005
472	0.00000005
473	0.00000005
474	0.00000005
475	0.00000004
476	0.00000004
477	0.00000004
478	0.00000004
479	0.00000004
480	0.00000004
481	0.00000004
482	0.00000004
483	0.00000003
484	0.00000003
485	0.00000003
486	0.00000003
487	0.00000003
488	0.00000003
489	0.00000003
490	0.00000003
491	0.00000003
492	0.00000003
493	0.00000002
494	0.00000002
495	0.00000002
496	0.00000002
497	0.00000002
498	0.00000002
499	0.00000002
500	0.00000002
501	0.00000002
502	0.00000002
503	0.00000002
504	0.00000002
505	0.00000002
506	0.00000002
507	0.00000002
508	0.00000002
509	0.00000002
510	0.00000001
511	0.00000001
512	0.00000001
513	0.00000001
514	0.00000001
515	0.00000001
516	0.00000001
517	0.00000001
518	0.00000001
519	0.00000001
520	0.00000001
521	0.00000001
522	0.00000001
523	0.00000001
524	0.00000001
525	0.00000001
526	0.00000001
527	0.00000001
528	0.00000001
529	0.00000001
530	0.00000001
531	0.00000001
532	0.00000001
533	0.00000001
534	0.00000001
535	0.00000001
536	0.00000001
537	0.00000001
538	0.00000001
539	0.00000001
540	0.00000001
541	0.00000001
542	0.00000001
543	0.00000001
544	0.00000000
545	0.00000000
546	0.00000000
547	0.00000000
548	0.00000000
549	0.00000000
550	0.00000000
551	0.00000000
552	0.00000000
553	0.00000000
554	0.00000000
555	0.00000000
556	0.00000000
557	0.00000000
558	0.00000000
559	0.00000000
560	0.00000000
561	0.00000000
562	0.00000000
563	0.00000000
564	0.00000000
565	0.00000000
566	0.00000000
567	0.00000000
568	0.00000000
569	0.00000000
570	0.00000000
571	0.00000000
572	0.00000000
573	0.00000000
574	0.00000000
575	0.00000000
576	0.00000000
577	0.00000000
578	0.00000000
579	0.00000000
580	0.00000000
581	0.00000000
582	0.00000000
583	0.00000000
584	0.00000000
585	0.00000000
586	0.00000000
587	0.00000000
588	0.00000000
589	0.00000000
590	0.00000000
591	0.00000000
592	0.00000000
593	0.00000000
594	0.00000000
595	0.00000000
596	0.00000000
597	0.00000000
598	0.00000000
599	0.00000000
600	0.00000000
601	0.00000000
602	0.00000000
603	0.00000000
604	0.00000000
605	0.00000000
606	0.00000000
607	0.00000000
608	0.00000000
609	0.00000000
610	0.00000000
611	0.00000000
612	0.00000000
613	0.00000000
614	0.00000000
615	0.00000000
616	0.00000000
617	0.00000000
618	0.00000000
619	0.00000000
620	0.00000000
621	0.00000000
622	0.00000000
623	0.00000000
624	0.00000000
625	0.00000000
626	0.00000000
627	0.00000000
628	0.00000000
629	0.00000000
630	0.00000000
631	0.00000000
632	0.00000000
633	0.00000000
634	0.00000000
635	0.00000000
636	0.00000000
637	0.00000000
638	0.00000000
639	0.00000000
640	0.00000000
641	0.00000000
642	0.00000000
643	0.00000000
644	0.00000000
645	0.00000000
646	0.00000000
647	0.00000000
648	0.00000000
649	0.00000000
650	0.00000000
651	0.00000000
652	0.00000000
653	0.00000000
654	0.00000000
655	0.00000000
656	0.00000000
657	0.00000000
658	0.00000000
659	0.00000000
660	0.00000000
661	0.00000000
662	0.00000000
663	0.00000000
664	0.00000000
665	0.00000000
666	0.00000000
667	0.00000000
668	0.00000000
669	0.00000000
670	0.00000000
671	0.00000000
672	0.00000000
673	0.00000000
674	0.00000000
675	0.00000000
676	0.00000000
677	0.00000000
678	0.00000000
679	0.00000000
680	0.00000000
681	0.00000000
682	0.00000000
683	0.00000000
684	0.00000000
685	0.00000000
686	0.00000000
687	0.00000000
688	0.00000000
689	0.00000000
690	0.00000000
691	0.00000000
692	0.00000000
693	0.00000000
694	0.00000000
695	0.00000000
696	0.00000000
697	0.00000000
698	0.00000000
699	0.00000000
700	0.00000000
701	0.00000000
702	0.00000000
703	0.00000000
704	0.00000000
705	0.00000000
706	0.00000000
707	0.00000000
708	0.00000000
709	0.00000000
710	0.00000000
711	0.00000000
712	0.00000000
713	0.00000000
714	0.00000000
715	0.00000000
716	0.00000000
717	0.00000000
718	0.00000000
719	0.00000000
720	0.00000000
721	0.00000000
722	0.00000000
723	0.00000000
724	0.00000000
725	0.00000000
726	0.00000000
727	0.00000000
728	0.00000000
729	0.00000000
730	0.00000000
731	0.00000000
732	0.00000000
733	0.00000000
734	0.00000000
735	0.00000000
736	0.00000000
737	0.00000000
738	0.00000000
739	0.00000000
740	0.00000000
741	0.00000000
742	0.00000000
743	0.00000000
744	0.00000000
745	0.00000000
746	0.00000000
747	0.00000000
748	0.00000000
749	0.00000000
750	0.00000000
751	0.00000000
752	0.00000000
753	0.00000000
754	0.00000000
755	0.00000000
756	0.00000000
757	0.00000000
758	0.00000000
759	0.00000000
760	0.00000000
761	0.00000000
762	0.00000000
763	0.00000000
764	0.00000000
765	0.00000000
766	0.00000000
767	0.00000000
768	0.00000000
769	0.00000000
770	0.00000000
771	0.00000000
772	0.00000000
773	0.00000000
774	0.00000000
775	0.00000000
776	0.00000000
777	0.00000000
778	0.00000000
779	0.00000000
780	0.00000000
781	0.00000000
782	0.00000000
783	0.00000000
784	0.00000000
785	0.00000000
786	0.00000000
787	0.00000000
788	0.00000000
789	0.00000000
790	0.00000000
791	0.00000000
792	0.00000000
793	0.00000000
794	0.00000000
795	0.00000000
796	0.00000000
797	0.00000000
798	0.00000000
799	0.00000000
800	0.00000000
801	0.00000000
802	0.00000000
803	0.00000000
804	0.00000000
805	0.00000000
806	0.00000000
807	0.00000000
808	0.00000000
809	0.00000000
810	0.00000000
811	0.00000000
812	0.00000000
813	0.00000000
814	0.00000000
815	0.00000000
816	0.00000000
817	0.00000000
818	0.00000000
819	0.00000000
820	0.00000000
821	0.00000000
822	0.00000000
823	0.00000000
824	0.00000000
825	0.00000000
826	0.00000000
827	0.00000000
828	0.00000000
829	0.00000000
830	0.00000000
831	0.00000000
832	0.00000000
833	0.00000000
834	0.00000000
835	0.00000000
836	0.00000000
837	0.00000000
838	0.00000000
839	0.00000000
840	0.00000000
841	0.00000000
842	0.00000000
843	0.00000000
844	0.00000000
845	0.00000000
846	0.00000000
847	0.00000000
848	0.00000000
849	0.00000000
850	0.00000000
851	0.00000000
852	0.00000000
853	0.00000000
854	0.00000000
855	0.00000000
856	0.00000000
857	0.00000000
858	0.00000000
859	0.00000000
860	0.00000000
861	0.00000000
862	0.00000000
863	0.00000000
864	0.00000000
865	0.00000000
866	0.00000000
867	0.00000000
868	0.00000000
869	0.00000000
870	0.00000000
871	0.00000000
872	0.00000000
873	0.00000000
874	0.00000000
875	0.00000000
876	0.00000000
877	0.00000000
878	0.00000000
879	0.00000000
880	0.00000000
881	0.00000000
882	0.00000000
883	0.00000000
884	0.00000000
885	0.00000000
886	0.00000000
887	0.00000000
888	0.00000000
889	0.00000000
890	0.00000000
891	0.00000000
892	0.00000000
893	0.00000000
894	0.00000000
895	0.00000000
896	0.00000000
897	0.00000000
898	0.00000000
899	0.00000000
900	0.00000000
901	0.00000000
902	0.00000000
903	0.00000000
904	0.00000000
905	0.00000000
906	0.00000000
907	0.00000000
908	0.00000000
909	0.00000000
910	0.00000000
911	0.00000000
912	0.00000000
913	0.00000000
914	0.00000000
915	0.00000000
916	0.00000000
917	0.00000000
918	0.00000000
919	0.00000000
920	0.00000000
921	0.00000000
922	0.00000000
923	0.00000000
924	0.00000000
925	0.00000000
926	0.00000000
927	0.00000000
928	0.00000000
929	0.00000000
930	0.00000000
931	0.00000000
932	0.00000000
933	0.00000000
934	0.00000000
935	0.00000000
936	0.00000000
937	0.00000000
938	0.00000000
939	0.00000000
940	0.00000000
941	0.00000000
942	0.00000000
943	0.00000000
944	0.00000000
945	0.00000000
946	0.00000000
947	0.00000000
948	0.00000000
949	0.00000000
950	0.00000000
951	0.00000000
952	0.00000000
953	0.00000000
954	0.00000000
955	0.00000000
956	0.00000000
957	0.00000000
958	0.00000000
959	0.00000000
960	0.00000000
961	0.00000000
962	0.00000000
963	0.00000000
964	0.00000000
965	0.00000000
966	0.00000000
967	0.00000000
968	0.00000000
969	0.00000000
970	0.00000000
971	0.00000000
972	0.00000000
973	0.00000000
974	0.00000000
975	0.00000000
976	0.00000000
977	0.00000000
978	0.00000000
979	0.00000000
980	0.00000000
981	0.00000000
982	0.00000000
983	0.00000000
984	0.00000000
985	0.00000000
986	0.00000000
987	0.00000000
988	0.00000000
989	0.00000000
990	0.00000000
991	0.00000000
992	0.00000000
993	0.00000000
994	0.00000000
995	0.00000000
996	0.00000000
997	0.00000000
998	0.00000000
999	0.00000000
