0	0.00000000
1	0.00000000
2	0.00000000
3	0.00000000
4	0.00000000
5	0.00000000
6	0.00000000
7	0.00000000
8	0.00000000
9	0.00000000
10	0.00000000
11	0.00000000
12	0.00000000
13	0.00652856
14	0.04350912
15	0.03543318
16	0.04031068
17	0.03410478
18	0.03894963
19	0.04152709
20	0.04302318
21	0.03866901
22	0.03536344
23	0.03105410
24	0.02799406
25	0.02527101
26	0.02348829
27	0.02162965
28	0.02087097
29	0.01954331
30	0.01860274
31	0.01802746
32	0.02094735
33	0.02419438
34	0.02526690
35	0.02746821
36	0.02870264
37	0.02816618
38	0.02761756
39	0.02766328
40	0.02673503
41	0.02645709
42	0.02598534
43	0.02552967
44	0.02486875
45	0.02450484
46	0.02413100
47	0.02337937
48	0.02304499
49	0.02246619
50	0.02181203
51	0.02124629
52	0.02050569
53	0.01986672
54	0.01917599
55	0.01931641
56	0.01937855
57	0.01915296
58	0.01905104
59	0.01859438
60	0.01808814
61	0.01763184
62	0.01726869
63	0.01703832
64	0.01685711
65	0.01670310
66	0.01638996
67	0.01595677
68	0.01551672
69	0.01515707
70	0.01475007
71	0.01430536
72	0.01395231
73	0.01348309
74	0.01306442
75	0.01257310
76	0.01219962
77	0.01184783
78	0.01163666
79	0.01146685
80	0.01117993
81	0.01091653
82	0.01069125
83	0.01037381
84	0.01012565
85	0.00992807
86	0.00965400
87	0.00942541
88	0.00913422
89	0.00888302
90	0.00859301
91	0.00831322
92	0.00803942
93	0.00778003
94	0.00751305
95	0.00727312
96	0.00704931
97	0.00681733
98	0.00659007
99	0.00638182
100	0.00618277
101	0.00600899
102	0.00587182
103	0.00572326
104	0.00554604
105	0.00539218
106	0.00522649
107	0.00506102
108	0.00490535
109	0.00475760
110	0.00460252
111	0.00446230
112	0.00432557
113	0.00418967
114	0.00405535
115	0.00392562
116	0.00380231
117	0.00368305
118	0.00356759
119	0.00345652
120	0.00334746
121	0.00324295
122	0.00314167
123	0.00304359
124	0.00295102
125	0.00286445
126	0.00277493
127	0.00269146
128	0.00260543
129	0.00252574
130	0.00244667
131	0.00237096
132	0.00229743
133	0.00222626
134	0.00215718
135	0.00209024
136	0.00202535
137	0.00196246
138	0.00190147
139	0.00184235
140	0.00178507
141	0.00172957
142	0.00167581
143	0.00162371
144	0.00157324
145	0.00152436
146	0.00147698
147	0.00143110
148	0.00138667
149	0.00134365
150	0.00130197
151	0.00126157
152	0.00122243
153	0.00118449
154	0.00114772
155	0.00111211
156	0.00107759
157	0.00104415
158	0.00101174
159	0.00098033
160	0.00094991
161	0.00092042
162	0.00089185
163	0.00086417
164	0.00083734
165	0.00081135
166	0.00078616
167	0.00076175
168	0.00073810
169	0.00071519
170	0.00069298
171	0.00067147
172	0.00065062
173	0.00063043
174	0.00061085
175	0.00059189
176	0.00057352
177	0.00055571
178	0.00053846
179	0.00052175
180	0.00050555
181	0.00048986
182	0.00047465
183	0.00045992
184	0.00044564
185	0.00043181
186	0.00041840
187	0.00040541
188	0.00039283
189	0.00038063
190	0.00036882
191	0.00035737
192	0.00034627
193	0.00033552
194	0.00032511
195	0.00031502
196	0.00030524
197	0.00029576
198	0.00028658
199	0.00027768
200	0.00026906
201	0.00026071
202	0.00025262
203	0.00024478
204	0.00023718
205	0.00022981
206	0.00022268
207	0.00021577
208	0.00020907
209	0.00020258
210	0.00019629
211	0.00019020
212	0.00018429
213	0.00017857
214	0.00017303
215	0.00016766
216	0.00016245
217	0.00015741
218	0.00015252
219	0.00014779
220	0.00014320
221	0.00013876
222	0.00013445
223	0.00013027
224	0.00012623
225	0.00012231
226	0.00011851
227	0.00011484
228	0.00011127
229	0.00010782
230	0.00010447
231	0.00010123
232	0.00009808
233	0.00009504
234	0.00009209
235	0.00008923
236	0.00008646
237	0.00008378
238	0.00008118
239	0.00007866
240	0.00007621
241	0.00007385
242	0.00007156
243	0.00006933
244	0.00006718
245	0.00006510
246	0.00006308
247	0.00006112
248	0.00005922
249	0.00005738
250	0.00005560
251	0.00005387
252	0.00005220
253	0.00005058
254	0.00004901
255	0.00004749
256	0.00004602
257	0.00004459
258	0.00004320
259	0.00004186
260	0.00004056
261	0.00003930
262	0.00003808
263	0.00003690
264	0.00003576
265	0.00003465
266	0.00003357
267	0.00003253
268	0.00003152
269	0.00003054
270	0.00002959
271	0.00002867
272	0.00002778
273	0.00002692
274	0.00002608
275	0.00002527
276	0.00002449
277	0.00002373
278	0.00002299
279	0.00002228
280	0.00002159
281	0.00002092
282	0.00002027
283	0.00001964
284	0.00001903
285	0.00001844
286	0.00001787
287	0.00001731
288	0.00001677
289	0.00001625
290	0.00001575
291	0.00001526
292	0.00001479
293	0.00001433
294	0.00001388
295	0.00001345
296	0.00001303
297	0.00001263
298	0.00001224
299	0.00001186
300	0.00001149
301	0.00001113
302	0.00001079
303	0.00001045
304	0.00001013
305	0.00000981
306	0.00000951
307	0.00000921
308	0.00000893
309	0.00000865
310	0.00000838
311	0.00000812
312	0.00000787
313	0.00000763
314	0.00000739
315	0.00000716
316	0.00000694
317	0.00000672
318	0.00000651
319	0.00000631
320	0.00000611
321	0.00000593
322	0.00000574
323	0.00000556
324	0.00000539
325	0.00000522
326	0.00000506
327	0.00000490
328	0.00000475
329	0.00000460
330	0.00000446
331	0.00000432
332	0.00000419
333	0.00000406
334	0.00000393
335	0.00000381
336	0.00000369
337	0.00000358
338	0.00000347
339	0.00000336
340	0.00000325
341	0.00000315
342	0.00000306
343	0.00000296
344	0.00000287
345	0.00000278
346	0.00000269
347	0.00000261
348	0.00000253
349	0.00000245
350	0.00000237
351	0.00000230
352	0.00000223
353	0.00000216
354	0.00000209
355	0.00000203
356	0.00000196
357	0.00000190
358	0.00000184
359	0.00000179
360	0.00000173
361	0.00000168
362	0.00000163
363	0.00000158
364	0.00000153
365	0.00000148
366	0.00000143
367	0.00000139
368	0.00000135
369	0.00000130
370	0.00000126
371	0.00000122
372	0.00000119
373	0.00000115
374	0.00000111
375	0.00000108
376	0.00000105
377	0.00000101
378	0.00000098
379	0.00000095
380	0.00000092
381	0.00000089
382	0.00000087
383	0.00000084
384	0.00000081
385	0.00000079
386	0.00000076
387	0.00000074
388	0.00000072
389	0.00000069
390	0.00000067
391	0.00000065
392	0.00000063
393	0.00000061
394	0.00000059
395	0.00000057
396	0.00000056
397	0.00000054
398	0.00000052
399	0.00000051
400	0.00000049
401	0.00000048
402	0.00000046
403	0.00000045
404	0.00000043
405	0.00000042
406	0.00000041
407	0.00000039
408	0.00000038
409	0.00000037
410	0.00000036
411	0.00000035
412	0.00000034
413	0.00000033
414	0.00000032
415	0.00000031
416	0.00000030
417	0.00000029
418	0.00000028
419	0.00000027
420	0.00000026
421	0.00000025
422	0.00000025
423	0.00000024
424	0.00000023
425	0.00000022
426	0.00000022
427	0.00000021
428	0.00000020
429	0.00000020
430	0.00000019
431	0.00000018
432	0.00000018
433	0.00000017
434	0.00000017
435	0.00000016
436	0.00000016
437	0.00000015
438	0.00000015
439	0.00000014
440	0.00000014
441	0.00000013
442	0.00000013
443	0.00000013
444	0.00000012
445	0.00000012
446	0.00000012
447	0.00000011
448	0.00000011
449	0.00000010
450	0.00000010
451	0.00000010
452	0.00000010
453	0.00000009
454	0.00000009
455	0.00000009
456	0.00000008
457	0.00000008
458	0.00000008
459	0.00000008
460	0.00000007
461	0.00000007
462	0.00000007
463	0.00000007
464	0.00000007
465	0.00000006
466	0.00000006
467	0.00000006
468	0.00000006
469	0.00000006
470	0.00000005
471	0.00000005
472	0.00000005
473	0.00000005
474	0.00000005
475	0.00000005
476	0.00000004
477	0.00000004
478	0.00000004
479	0.00000004
480	0.00000004
481	0.00000004
482	0.00000004
483	0.00000004
484	0.00000003
485	0.00000003
486	0.00000003
487	0.00000003
488	0.00000003
489	0.00000003
490	0.00000003
491	0.00000003
492	0.00000003
493	0.00000003
494	0.00000003
495	0.00000002
496	0.00000002
497	0.00000002
498	0.00000002
499	0.00000002
500	0.00000002
501	0.00000002
502	0.00000002
503	0.00000002
504	0.00000002
505	0.00000002
506	0.00000002
507	0.00000002
508	0.00000002
509	0.00000002
510	0.00000002
511	0.00000001
512	0.00000001
513	0.00000001
514	0.00000001
515	0.00000001
516	0.00000001
517	0.00000001
518	0.00000001
519	0.00000001
520	0.00000001
521	0.00000001
522	0.00000001
523	0.00000001
524	0.00000001
525	0.00000001
526	0.00000001
527	0.00000001
528	0.00000001
529	0.00000001
530	0.00000001
531	0.00000001
532	0.00000001
533	0.00000001
534	0.00000001
535	0.00000001
536	0.00000001
537	0.00000001
538	0.00000001
539	0.00000001
540	0.00000001
541	0.00000001
542	0.00000001
543	0.00000001
544	0.00000001
545	0.00000001
546	0.00000000
547	0.00000000
548	0.00000000
549	0.00000000
550	0.00000000
551	0.00000000
552	0.00000000
553	0.00000000
554	0.00000000
555	0.00000000
556	0.00000000
557	0.00000000
558	0.00000000
559	0.00000000
560	0.00000000
561	0.00000000
562	0.00000000
563	0.00000000
564	0.00000000
565	0.00000000
566	0.00000000
567	0.00000000
568	0.00000000
569	0.00000000
570	0.00000000
571	0.00000000
572	0.00000000
573	0.00000000
574	0.00000000
575	0.00000000
576	0.00000000
577	0.00000000
578	0.00000000
579	0.00000000
580	0.00000000
581	0.00000000
582	0.00000000
583	0.00000000
584	0.00000000
585	0.00000000
586	0.00000000
587	0.00000000
588	0.00000000
589	0.00000000
590	0.00000000
591	0.00000000
592	0.00000000
593	0.00000000
594	0.00000000
595	0.00000000
596	0.00000000
597	0.00000000
598	0.00000000
599	0.00000000
600	0.00000000
601	0.00000000
602	0.00000000
603	0.00000000
604	0.00000000
605	0.00000000
606	0.00000000
607	0.00000000
608	0.00000000
609	0.00000000
610	0.00000000
611	0.00000000
612	0.00000000
613	0.00000000
614	0.00000000
615	0.00000000
616	0.00000000
617	0.00000000
618	0.00000000
619	0.00000000
620	0.00000000
621	0.00000000
622	0.00000000
623	0.00000000
624	0.00000000
625	0.00000000
626	0.00000000
627	0.00000000
628	0.00000000
629	0.00000000
630	0.00000000
631	0.00000000
632	0.00000000
633	0.00000000
634	0.00000000
635	0.00000000
636	0.00000000
637	0.00000000
638	0.00000000
639	0.00000000
640	0.00000000
641	0.00000000
642	0.00000000
643	0.00000000
644	0.00000000
645	0.00000000
646	0.00000000
647	0.00000000
648	0.00000000
649	0.00000000
650	0.00000000
651	0.00000000
652	0.00000000
653	0.00000000
654	0.00000000
655	0.00000000
656	0.00000000
657	0.00000000
658	0.00000000
659	0.00000000
660	0.00000000
661	0.00000000
662	0.00000000
663	0.00000000
664	0.00000000
665	0.00000000
666	0.00000000
667	0.00000000
668	0.00000000
669	0.00000000
670	0.00000000
671	0.00000000
672	0.00000000
673	0.00000000
674	0.00000000
675	0.00000000
676	0.00000000
677	0.00000000
678	0.00000000
679	0.00000000
680	0.00000000
681	0.00000000
682	0.00000000
683	0.00000000
684	0.00000000
685	0.00000000
686	0.00000000
687	0.00000000
688	0.00000000
689	0.00000000
690	0.00000000
691	0.00000000
692	0.00000000
693	0.00000000
694	0.00000000
695	0.00000000
696	0.00000000
697	0.00000000
698	0.00000000
699	0.00000000
700	0.00000000
701	0.00000000
702	0.00000000
703	0.00000000
704	0.00000000
705	0.00000000
706	0.00000000
707	0.00000000
708	0.00000000
709	0.00000000
710	0.00000000
711	0.00000000
712	0.00000000
713	0.00000000
714	0.00000000
715	0.00000000
716	0.00000000
717	0.00000000
718	0.00000000
719	0.00000000
720	0.00000000
721	0.00000000
722	0.00000000
723	0.00000000
724	0.00000000
725	0.00000000
726	0.00000000
727	0.00000000
728	0.00000000
729	0.00000000
730	0.00000000
731	0.00000000
732	0.00000000
733	0.00000000
734	0.00000000
735	0.00000000
736	0.00000000
737	0.00000000
738	0.00000000
739	0.00000000
740	0.00000000
741	0.00000000
742	0.00000000
743	0.00000000
744	0.00000000
745	0.00000000
746	0.00000000
747	0.00000000
748	0.00000000
749	0.00000000
750	0.00000000
751	0.00000000
752	0.00000000
753	0.00000000
754	0.00000000
755	0.00000000
756	0.00000000
757	0.00000000
758	0.00000000
759	0.00000000
760	0.00000000
761	0.00000000
762	0.00000000
763	0.00000000
764	0.00000000
765	0.00000000
766	0.00000000
767	0.00000000
768	0.00000000
769	0.00000000
770	0.00000000
771	0.00000000
772	0.00000000
773	0.00000000
774	0.00000000
775	0.00000000
776	0.00000000
777	0.00000000
778	0.00000000
779	0.00000000
780	0.00000000
781	0.00000000
782	0.00000000
783	0.00000000
784	0.00000000
785	0.00000000
786	0.00000000
787	0.00000000
788	0.00000000
789	0.00000000
790	0.00000000
791	0.00000000
792	0.00000000
793	0.00000000
794	0.00000000
795	0.00000000
796	0.00000000
797	0.00000000
798	0.00000000
799	0.00000000
800	0.00000000
801	0.00000000
802	0.00000000
803	0.00000000
804	0.00000000
805	0.00000000
806	0.00000000
807	0.00000000
808	0.00000000
809	0.00000000
810	0.00000000
811	0.00000000
812	0.00000000
813	0.00000000
814	0.00000000
815	0.00000000
816	0.00000000
817	0.00000000
818	0.00000000
819	0.00000000
820	0.00000000
821	0.00000000
822	0.00000000
823	0.00000000
824	0.00000000
825	0.00000000
826	0.00000000
827	0.00000000
828	0.00000000
829	0.00000000
830	0.00000000
831	0.00000000
832	0.00000000
833	0.00000000
834	0.00000000
835	0.00000000
836	0.00000000
837	0.00000000
838	0.00000000
839	0.00000000
840	0.00000000
841	0.00000000
842	0.00000000
843	0.00000000
844	0.00000000
845	0.00000000
846	0.00000000
847	0.00000000
848	0.00000000
849	0.00000000
850	0.00000000
851	0.00000000
852	0.00000000
853	0.00000000
854	0.00000000
855	0.00000000
856	0.00000000
857	0.00000000
858	0.00000000
859	0.00000000
860	0.00000000
861	0.00000000
862	0.00000000
863	0.00000000
864	0.00000000
865	0.00000000
866	0.00000000
867	0.00000000
868	0.00000000
869	0.00000000
870	0.00000000
871	0.00000000
872	0.00000000
873	0.00000000
874	0.00000000
875	0.00000000
876	0.00000000
877	0.00000000
878	0.00000000
879	0.00000000
880	0.00000000
881	0.00000000
882	0.00000000
883	0.00000000
884	0.00000000
885	0.00000000
886	0.00000000
887	0.00000000
888	0.00000000
889	0.00000000
890	0.00000000
891	0.00000000
892	0.00000000
893	0.00000000
894	0.00000000
895	0.00000000
896	0.00000000
897	0.00000000
898	0.00000000
899	0.00000000
900	0.00000000
901	0.00000000
902	0.00000000
903	0.00000000
904	0.00000000
905	0.00000000
906	0.00000000
907	0.00000000
908	0.00000000
909	0.00000000
910	0.00000000
911	0.00000000
912	0.00000000
913	0.00000000
914	0.00000000
915	0.00000000
916	0.00000000
917	0.00000000
918	0.00000000
919	0.00000000
920	0.00000000
921	0.00000000
922	0.00000000
923	0.00000000
924	0.00000000
925	0.00000000
926	0.00000000
927	0.00000000
928	0.00000000
929	0.00000000
930	0.00000000
931	0.00000000
932	0.00000000
933	0.00000000
934	0.00000000
935	0.00000000
936	0.00000000
937	0.00000000
938	0.00000000
939	0.00000000
940	0.00000000
941	0.00000000
942	0.00000000
943	0.00000000
944	0.00000000
945	0.00000000
946	0.00000000
947	0.00000000
948	0.00000000
949	0.00000000
950	0.00000000
951	0.00000000
952	0.00000000
953	0.00000000
954	0.00000000
955	0.00000000
956	0.00000000
957	0.00000000
958	0.00000000
959	0.00000000
960	0.00000000
961	0.00000000
962	0.00000000
963	0.00000000
964	0.00000000
965	0.00000000
966	0.00000000
967	0.00000000
968	0.00000000
969	0.00000000
970	0.00000000
971	0.00000000
972	0.00000000
973	0.00000000
974	0.00000000
975	0.00000000
976	0.00000000
977	0.00000000
978	0.00000000
979	0.00000000
980	0.00000000
981	0.00000000
982	0.00000000
983	0.00000000
984	0.00000000
985	0.00000000
986	0.00000000
987	0.00000000
988	0.00000000
989	0.00000000
990	0.00000000
991	0.00000000
992	0.00000000
993	0.00000000
994	0.00000000
995	0.00000000
996	0.00000000
997	0.00000000
998	0.00000000
999	0.00000000
