0	0.00000000
1	0.00000000
2	0.00000000
3	0.00000000
4	0.00000000
5	0.00000000
6	0.00000000
7	0.00000000
8	0.00000000
9	0.00000000
10	0.00000000
11	0.00000000
12	0.00000000
13	0.00311216
14	0.02141326
15	0.01809676
16	0.02591360
17	0.02584369
18	0.03536576
19	0.04163098
20	0.04512611
21	0.04146007
22	0.03965711
23	0.03526595
24	0.03285716
25	0.02970256
26	0.02759066
27	0.02507991
28	0.02363676
29	0.02182407
30	0.02043231
31	0.01918809
32	0.02039753
33	0.02202887
34	0.02341413
35	0.02513441
36	0.02612318
37	0.02606052
38	0.02655785
39	0.02697039
40	0.02634789
41	0.02654173
42	0.02608834
43	0.02571349
44	0.02473803
45	0.02400614
46	0.02337667
47	0.02260916
48	0.02246099
49	0.02195723
50	0.02151010
51	0.02104941
52	0.02034187
53	0.01976873
54	0.01901498
55	0.01889348
56	0.01884905
57	0.01848979
58	0.01822982
59	0.01779952
60	0.01732877
61	0.01705082
62	0.01672591
63	0.01651158
64	0.01629158
65	0.01610554
66	0.01583059
67	0.01541074
68	0.01512774
69	0.01471973
70	0.01436420
71	0.01391723
72	0.01361608
73	0.01311212
74	0.01273329
75	0.01224175
76	0.01186419
77	0.01149182
78	0.01122907
79	0.01100563
80	0.01068883
81	0.01043626
82	0.01020345
83	0.00988357
84	0.00967657
85	0.00951466
86	0.00928818
87	0.00906194
88	0.00880257
89	0.00857516
90	0.00828288
91	0.00800031
92	0.00774124
93	0.00747710
94	0.00723500
95	0.00699087
96	0.00677875
97	0.00654923
98	0.00633227
99	0.00613347
100	0.00593736
101	0.00577116
102	0.00563082
103	0.00546779
104	0.00529878
105	0.00514692
106	0.00498552
107	0.00484032
108	0.00469879
109	0.00456579
110	0.00441549
111	0.00427581
112	0.00414730
113	0.00401707
114	0.00388700
115	0.00376361
116	0.00364568
117	0.00353132
118	0.00342234
119	0.00331426
120	0.00320972
121	0.00310936
122	0.00301207
123	0.00291786
124	0.00282841
125	0.00274458
126	0.00265825
127	0.00257698
128	0.00249576
129	0.00241878
130	0.00234339
131	0.00227106
132	0.00220087
133	0.00213273
134	0.00206663
135	0.00200254
136	0.00194041
137	0.00188018
138	0.00182179
139	0.00176520
140	0.00171036
141	0.00165721
142	0.00160571
143	0.00155582
144	0.00150748
145	0.00146064
146	0.00141525
147	0.00137128
148	0.00132870
149	0.00128746
150	0.00124750
151	0.00120878
152	0.00117126
153	0.00113490
154	0.00109967
155	0.00106554
156	0.00103247
157	0.00100042
158	0.00096937
159	0.00093929
160	0.00091013
161	0.00088188
162	0.00085451
163	0.00082798
164	0.00080228
165	0.00077738
166	0.00075324
167	0.00072986
168	0.00070720
169	0.00068525
170	0.00066398
171	0.00064336
172	0.00062339
173	0.00060404
174	0.00058529
175	0.00056712
176	0.00054951
177	0.00053245
178	0.00051592
179	0.00049991
180	0.00048439
181	0.00046935
182	0.00045478
183	0.00044066
184	0.00042698
185	0.00041373
186	0.00040089
187	0.00038844
188	0.00037638
189	0.00036470
190	0.00035338
191	0.00034241
192	0.00033178
193	0.00032148
194	0.00031150
195	0.00030183
196	0.00029246
197	0.00028338
198	0.00027458
199	0.00026606
200	0.00025780
201	0.00024980
202	0.00024204
203	0.00023453
204	0.00022725
205	0.00022019
206	0.00021336
207	0.00020674
208	0.00020032
209	0.00019410
210	0.00018807
211	0.00018224
212	0.00017658
213	0.00017110
214	0.00016579
215	0.00016064
216	0.00015565
217	0.00015082
218	0.00014614
219	0.00014160
220	0.00013721
221	0.00013295
222	0.00012882
223	0.00012482
224	0.00012095
225	0.00011719
226	0.00011355
227	0.00011003
228	0.00010661
229	0.00010330
230	0.00010010
231	0.00009699
232	0.00009398
233	0.00009106
234	0.00008823
235	0.00008549
236	0.00008284
237	0.00008027
238	0.00007778
239	0.00007536
240	0.00007302
241	0.00007076
242	0.00006856
243	0.00006643
244	0.00006437
245	0.00006237
246	0.00006044
247	0.00005856
248	0.00005674
249	0.00005498
250	0.00005327
251	0.00005162
252	0.00005002
253	0.00004846
254	0.00004696
255	0.00004550
256	0.00004409
257	0.00004272
258	0.00004139
259	0.00004011
260	0.00003886
261	0.00003766
262	0.00003649
263	0.00003536
264	0.00003426
265	0.00003320
266	0.00003216
267	0.00003117
268	0.00003020
269	0.00002926
270	0.00002835
271	0.00002747
272	0.00002662
273	0.00002579
274	0.00002499
275	0.00002422
276	0.00002347
277	0.00002274
278	0.00002203
279	0.00002135
280	0.00002068
281	0.00002004
282	0.00001942
283	0.00001882
284	0.00001823
285	0.00001767
286	0.00001712
287	0.00001659
288	0.00001607
289	0.00001557
290	0.00001509
291	0.00001462
292	0.00001417
293	0.00001373
294	0.00001330
295	0.00001289
296	0.00001249
297	0.00001210
298	0.00001173
299	0.00001136
300	0.00001101
301	0.00001067
302	0.00001034
303	0.00001001
304	0.00000970
305	0.00000940
306	0.00000911
307	0.00000883
308	0.00000855
309	0.00000829
310	0.00000803
311	0.00000778
312	0.00000754
313	0.00000731
314	0.00000708
315	0.00000686
316	0.00000665
317	0.00000644
318	0.00000624
319	0.00000605
320	0.00000586
321	0.00000568
322	0.00000550
323	0.00000533
324	0.00000516
325	0.00000500
326	0.00000485
327	0.00000470
328	0.00000455
329	0.00000441
330	0.00000427
331	0.00000414
332	0.00000401
333	0.00000389
334	0.00000377
335	0.00000365
336	0.00000354
337	0.00000343
338	0.00000332
339	0.00000322
340	0.00000312
341	0.00000302
342	0.00000293
343	0.00000284
344	0.00000275
345	0.00000266
346	0.00000258
347	0.00000250
348	0.00000242
349	0.00000235
350	0.00000227
351	0.00000220
352	0.00000214
353	0.00000207
354	0.00000201
355	0.00000194
356	0.00000188
357	0.00000182
358	0.00000177
359	0.00000171
360	0.00000166
361	0.00000161
362	0.00000156
363	0.00000151
364	0.00000146
365	0.00000142
366	0.00000137
367	0.00000133
368	0.00000129
369	0.00000125
370	0.00000121
371	0.00000117
372	0.00000114
373	0.00000110
374	0.00000107
375	0.00000103
376	0.00000100
377	0.00000097
378	0.00000094
379	0.00000091
380	0.00000088
381	0.00000086
382	0.00000083
383	0.00000080
384	0.00000078
385	0.00000075
386	0.00000073
387	0.00000071
388	0.00000069
389	0.00000067
390	0.00000064
391	0.00000062
392	0.00000060
393	0.00000059
394	0.00000057
395	0.00000055
396	0.00000053
397	0.00000052
398	0.00000050
399	0.00000049
400	0.00000047
401	0.00000046
402	0.00000044
403	0.00000043
404	0.00000041
405	0.00000040
406	0.00000039
407	0.00000038
408	0.00000037
409	0.00000035
410	0.00000034
411	0.00000033
412	0.00000032
413	0.00000031
414	0.00000030
415	0.00000029
416	0.00000028
417	0.00000028
418	0.00000027
419	0.00000026
420	0.00000025
421	0.00000024
422	0.00000023
423	0.00000023
424	0.00000022
425	0.00000021
426	0.00000021
427	0.00000020
428	0.00000019
429	0.00000019
430	0.00000018
431	0.00000018
432	0.00000017
433	0.00000017
434	0.00000016
435	0.00000016
436	0.00000015
437	0.00000015
438	0.00000014
439	0.00000014
440	0.00000013
441	0.00000013
442	0.00000013
443	0.00000012
444	0.00000012
445	0.00000011
446	0.00000011
447	0.00000011
448	0.00000010
449	0.00000010
450	0.00000010
451	0.00000009
452	0.00000009
453	0.00000009
454	0.00000009
455	0.00000008
456	0.00000008
457	0.00000008
458	0.00000008
459	0.00000007
460	0.00000007
461	0.00000007
462	0.00000007
463	0.00000006
464	0.00000006
465	0.00000006
466	0.00000006
467	0.00000006
468	0.00000006
469	0.00000005
470	0.00000005
471	0.00000005
472	0.00000005
473	0.00000005
474	0.00000005
475	0.00000004
476	0.00000004
477	0.00000004
478	0.00000004
479	0.00000004
480	0.00000004
481	0.00000004
482	0.00000004
483	0.00000003
484	0.00000003
485	0.00000003
486	0.00000003
487	0.00000003
488	0.00000003
489	0.00000003
490	0.00000003
491	0.00000003
492	0.00000003
493	0.00000003
494	0.00000002
495	0.00000002
496	0.00000002
497	0.00000002
498	0.00000002
499	0.00000002
500	0.00000002
501	0.00000002
502	0.00000002
503	0.00000002
504	0.00000002
505	0.00000002
506	0.00000002
507	0.00000002
508	0.00000002
509	0.00000002
510	0.00000001
511	0.00000001
512	0.00000001
513	0.00000001
514	0.00000001
515	0.00000001
516	0.00000001
517	0.00000001
518	0.00000001
519	0.00000001
520	0.00000001
521	0.00000001
522	0.00000001
523	0.00000001
524	0.00000001
525	0.00000001
526	0.00000001
527	0.00000001
528	0.00000001
529	0.00000001
530	0.00000001
531	0.00000001
532	0.00000001
533	0.00000001
534	0.00000001
535	0.00000001
536	0.00000001
537	0.00000001
538	0.00000001
539	0.00000001
540	0.00000001
541	0.00000001
542	0.00000001
543	0.00000001
544	0.00000001
545	0.00000000
546	0.00000000
547	0.00000000
548	0.00000000
549	0.00000000
550	0.00000000
551	0.00000000
552	0.00000000
553	0.00000000
554	0.00000000
555	0.00000000
556	0.00000000
557	0.00000000
558	0.00000000
559	0.00000000
560	0.00000000
561	0.00000000
562	0.00000000
563	0.00000000
564	0.00000000
565	0.00000000
566	0.00000000
567	0.00000000
568	0.00000000
569	0.00000000
570	0.00000000
571	0.00000000
572	0.00000000
573	0.00000000
574	0.00000000
575	0.00000000
576	0.00000000
577	0.00000000
578	0.00000000
579	0.00000000
580	0.00000000
581	0.00000000
582	0.00000000
583	0.00000000
584	0.00000000
585	0.00000000
586	0.00000000
587	0.00000000
588	0.00000000
589	0.00000000
590	0.00000000
591	0.00000000
592	0.00000000
593	0.00000000
594	0.00000000
595	0.00000000
596	0.00000000
597	0.00000000
598	0.00000000
599	0.00000000
600	0.00000000
601	0.00000000
602	0.00000000
603	0.00000000
604	0.00000000
605	0.00000000
606	0.00000000
607	0.00000000
608	0.00000000
609	0.00000000
610	0.00000000
611	0.00000000
612	0.00000000
613	0.00000000
614	0.00000000
615	0.00000000
616	0.00000000
617	0.00000000
618	0.00000000
619	0.00000000
620	0.00000000
621	0.00000000
622	0.00000000
623	0.00000000
624	0.00000000
625	0.00000000
626	0.00000000
627	0.00000000
628	0.00000000
629	0.00000000
630	0.00000000
631	0.00000000
632	0.00000000
633	0.00000000
634	0.00000000
635	0.00000000
636	0.00000000
637	0.00000000
638	0.00000000
639	0.00000000
640	0.00000000
641	0.00000000
642	0.00000000
643	0.00000000
644	0.00000000
645	0.00000000
646	0.00000000
647	0.00000000
648	0.00000000
649	0.00000000
650	0.00000000
651	0.00000000
652	0.00000000
653	0.00000000
654	0.00000000
655	0.00000000
656	0.00000000
657	0.00000000
658	0.00000000
659	0.00000000
660	0.00000000
661	0.00000000
662	0.00000000
663	0.00000000
664	0.00000000
665	0.00000000
666	0.00000000
667	0.00000000
668	0.00000000
669	0.00000000
670	0.00000000
671	0.00000000
672	0.00000000
673	0.00000000
674	0.00000000
675	0.00000000
676	0.00000000
677	0.00000000
678	0.00000000
679	0.00000000
680	0.00000000
681	0.00000000
682	0.00000000
683	0.00000000
684	0.00000000
685	0.00000000
686	0.00000000
687	0.00000000
688	0.00000000
689	0.00000000
690	0.00000000
691	0.00000000
692	0.00000000
693	0.00000000
694	0.00000000
695	0.00000000
696	0.00000000
697	0.00000000
698	0.00000000
699	0.00000000
700	0.00000000
701	0.00000000
702	0.00000000
703	0.00000000
704	0.00000000
705	0.00000000
706	0.00000000
707	0.00000000
708	0.00000000
709	0.00000000
710	0.00000000
711	0.00000000
712	0.00000000
713	0.00000000
714	0.00000000
715	0.00000000
716	0.00000000
717	0.00000000
718	0.00000000
719	0.00000000
720	0.00000000
721	0.00000000
722	0.00000000
723	0.00000000
724	0.00000000
725	0.00000000
726	0.00000000
727	0.00000000
728	0.00000000
729	0.00000000
730	0.00000000
731	0.00000000
732	0.00000000
733	0.00000000
734	0.00000000
735	0.00000000
736	0.00000000
737	0.00000000
738	0.00000000
739	0.00000000
740	0.00000000
741	0.00000000
742	0.00000000
743	0.00000000
744	0.00000000
745	0.00000000
746	0.00000000
747	0.00000000
748	0.00000000
749	0.00000000
750	0.00000000
751	0.00000000
752	0.00000000
753	0.00000000
754	0.00000000
755	0.00000000
756	0.00000000
757	0.00000000
758	0.00000000
759	0.00000000
760	0.00000000
761	0.00000000
762	0.00000000
763	0.00000000
764	0.00000000
765	0.00000000
766	0.00000000
767	0.00000000
768	0.00000000
769	0.00000000
770	0.00000000
771	0.00000000
772	0.00000000
773	0.00000000
774	0.00000000
775	0.00000000
776	0.00000000
777	0.00000000
778	0.00000000
779	0.00000000
780	0.00000000
781	0.00000000
782	0.00000000
783	0.00000000
784	0.00000000
785	0.00000000
786	0.00000000
787	0.00000000
788	0.00000000
789	0.00000000
790	0.00000000
791	0.00000000
792	0.00000000
793	0.00000000
794	0.00000000
795	0.00000000
796	0.00000000
797	0.00000000
798	0.00000000
799	0.00000000
800	0.00000000
801	0.00000000
802	0.00000000
803	0.00000000
804	0.00000000
805	0.00000000
806	0.00000000
807	0.00000000
808	0.00000000
809	0.00000000
810	0.00000000
811	0.00000000
812	0.00000000
813	0.00000000
814	0.00000000
815	0.00000000
816	0.00000000
817	0.00000000
818	0.00000000
819	0.00000000
820	0.00000000
821	0.00000000
822	0.00000000
823	0.00000000
824	0.00000000
825	0.00000000
826	0.00000000
827	0.00000000
828	0.00000000
829	0.00000000
830	0.00000000
831	0.00000000
832	0.00000000
833	0.00000000
834	0.00000000
835	0.00000000
836	0.00000000
837	0.00000000
838	0.00000000
839	0.00000000
840	0.00000000
841	0.00000000
842	0.00000000
843	0.00000000
844	0.00000000
845	0.00000000
846	0.00000000
847	0.00000000
848	0.00000000
849	0.00000000
850	0.00000000
851	0.00000000
852	0.00000000
853	0.00000000
854	0.00000000
855	0.00000000
856	0.00000000
857	0.00000000
858	0.00000000
859	0.00000000
860	0.00000000
861	0.00000000
862	0.00000000
863	0.00000000
864	0.00000000
865	0.00000000
866	0.00000000
867	0.00000000
868	0.00000000
869	0.00000000
870	0.00000000
871	0.00000000
872	0.00000000
873	0.00000000
874	0.00000000
875	0.00000000
876	0.00000000
877	0.00000000
878	0.00000000
879	0.00000000
880	0.00000000
881	0.00000000
882	0.00000000
883	0.00000000
884	0.00000000
885	0.00000000
886	0.00000000
887	0.00000000
888	0.00000000
889	0.00000000
890	0.00000000
891	0.00000000
892	0.00000000
893	0.00000000
894	0.00000000
895	0.00000000
896	0.00000000
897	0.00000000
898	0.00000000
899	0.00000000
900	0.00000000
901	0.00000000
902	0.00000000
903	0.00000000
904	0.00000000
905	0.00000000
906	0.00000000
907	0.00000000
908	0.00000000
909	0.00000000
910	0.00000000
911	0.00000000
912	0.00000000
913	0.00000000
914	0.00000000
915	0.00000000
916	0.00000000
917	0.00000000
918	0.00000000
919	0.00000000
920	0.00000000
921	0.00000000
922	0.00000000
923	0.00000000
924	0.00000000
925	0.00000000
926	0.00000000
927	0.00000000
928	0.00000000
929	0.00000000
930	0.00000000
931	0.00000000
932	0.00000000
933	0.00000000
934	0.00000000
935	0.00000000
936	0.00000000
937	0.00000000
938	0.00000000
939	0.00000000
940	0.00000000
941	0.00000000
942	0.00000000
943	0.00000000
944	0.00000000
945	0.00000000
946	0.00000000
947	0.00000000
948	0.00000000
949	0.00000000
950	0.00000000
951	0.00000000
952	0.00000000
953	0.00000000
954	0.00000000
955	0.00000000
956	0.00000000
957	0.00000000
958	0.00000000
959	0.00000000
960	0.00000000
961	0.00000000
962	0.00000000
963	0.00000000
964	0.00000000
965	0.00000000
966	0.00000000
967	0.00000000
968	0.00000000
969	0.00000000
970	0.00000000
971	0.00000000
972	0.00000000
973	0.00000000
974	0.00000000
975	0.00000000
976	0.00000000
977	0.00000000
978	0.00000000
979	0.00000000
980	0.00000000
981	0.00000000
982	0.00000000
983	0.00000000
984	0.00000000
985	0.00000000
986	0.00000000
987	0.00000000
988	0.00000000
989	0.00000000
990	0.00000000
991	0.00000000
992	0.00000000
993	0.00000000
994	0.00000000
995	0.00000000
996	0.00000000
997	0.00000000
998	0.00000000
999	0.00000000
