0	0.00000000
1	0.00000000
2	0.00000000
3	0.00000000
4	0.00000000
5	0.00000000
6	0.00000000
7	0.00000000
8	0.00000000
9	0.00000000
10	0.00000000
11	0.00000000
12	0.00000000
13	0.00355573
14	0.02455600
15	0.02075848
16	0.02511536
17	0.02358749
18	0.03169783
19	0.03768978
20	0.04215562
21	0.03960139
22	0.03871069
23	0.03369018
24	0.03009742
25	0.02711207
26	0.02519764
27	0.02309409
28	0.02206933
29	0.02052611
30	0.01962859
31	0.01916930
32	0.02130452
33	0.02384423
34	0.02569992
35	0.02818249
36	0.02879767
37	0.02821413
38	0.02746456
39	0.02692030
40	0.02610959
41	0.02560789
42	0.02531046
43	0.02471261
44	0.02424060
45	0.02406776
46	0.02367109
47	0.02308407
48	0.02276652
49	0.02248742
50	0.02192279
51	0.02141381
52	0.02085222
53	0.02001064
54	0.01920101
55	0.01945592
56	0.01944787
57	0.01915354
58	0.01898014
59	0.01848223
60	0.01781684
61	0.01725016
62	0.01682893
63	0.01657827
64	0.01653537
65	0.01636686
66	0.01613401
67	0.01574640
68	0.01539399
69	0.01505668
70	0.01465787
71	0.01422490
72	0.01380667
73	0.01334409
74	0.01295959
75	0.01248541
76	0.01212623
77	0.01176319
78	0.01153191
79	0.01139877
80	0.01106537
81	0.01078934
82	0.01057388
83	0.01021109
84	0.00992908
85	0.00973441
86	0.00947599
87	0.00927354
88	0.00898881
89	0.00875767
90	0.00848096
91	0.00817264
92	0.00796201
93	0.00768671
94	0.00741600
95	0.00718849
96	0.00695542
97	0.00672790
98	0.00651062
99	0.00630163
100	0.00610500
101	0.00593933
102	0.00581431
103	0.00563750
104	0.00546863
105	0.00530795
106	0.00514391
107	0.00497462
108	0.00482128
109	0.00467808
110	0.00453109
111	0.00439689
112	0.00426399
113	0.00412286
114	0.00400013
115	0.00386824
116	0.00374749
117	0.00362994
118	0.00351666
119	0.00340701
120	0.00329984
121	0.00319688
122	0.00309685
123	0.00300030
124	0.00291053
125	0.00282487
126	0.00273466
127	0.00265190
128	0.00256750
129	0.00248842
130	0.00241062
131	0.00233581
132	0.00226335
133	0.00219326
134	0.00212525
135	0.00205941
136	0.00199552
137	0.00193360
138	0.00187355
139	0.00181535
140	0.00175894
141	0.00170428
142	0.00165132
143	0.00160000
144	0.00155028
145	0.00150211
146	0.00145544
147	0.00141023
148	0.00136647
149	0.00132407
150	0.00128300
151	0.00124318
152	0.00120460
153	0.00116721
154	0.00113097
155	0.00109586
156	0.00106185
157	0.00102888
158	0.00099695
159	0.00096601
160	0.00093602
161	0.00090697
162	0.00087882
163	0.00085154
164	0.00082510
165	0.00079949
166	0.00077467
167	0.00075062
168	0.00072732
169	0.00070474
170	0.00068286
171	0.00066166
172	0.00064112
173	0.00062122
174	0.00060193
175	0.00058325
176	0.00056514
177	0.00054760
178	0.00053060
179	0.00051413
180	0.00049817
181	0.00048270
182	0.00046772
183	0.00045320
184	0.00043913
185	0.00042550
186	0.00041229
187	0.00039949
188	0.00038709
189	0.00037507
190	0.00036343
191	0.00035215
192	0.00034122
193	0.00033062
194	0.00032036
195	0.00031041
196	0.00030078
197	0.00029144
198	0.00028239
199	0.00027363
200	0.00026513
201	0.00025690
202	0.00024893
203	0.00024120
204	0.00023371
205	0.00022646
206	0.00021943
207	0.00021262
208	0.00020602
209	0.00019962
210	0.00019342
211	0.00018742
212	0.00018160
213	0.00017596
214	0.00017050
215	0.00016521
216	0.00016008
217	0.00015511
218	0.00015029
219	0.00014563
220	0.00014111
221	0.00013673
222	0.00013248
223	0.00012837
224	0.00012439
225	0.00012052
226	0.00011678
227	0.00011316
228	0.00010965
229	0.00010624
230	0.00010294
231	0.00009975
232	0.00009665
233	0.00009365
234	0.00009074
235	0.00008793
236	0.00008520
237	0.00008255
238	0.00007999
239	0.00007751
240	0.00007510
241	0.00007277
242	0.00007051
243	0.00006832
244	0.00006620
245	0.00006415
246	0.00006215
247	0.00006022
248	0.00005836
249	0.00005654
250	0.00005479
251	0.00005309
252	0.00005144
253	0.00004984
254	0.00004830
255	0.00004680
256	0.00004534
257	0.00004394
258	0.00004257
259	0.00004125
260	0.00003997
261	0.00003873
262	0.00003753
263	0.00003636
264	0.00003523
265	0.00003414
266	0.00003308
267	0.00003205
268	0.00003106
269	0.00003009
270	0.00002916
271	0.00002825
272	0.00002738
273	0.00002653
274	0.00002570
275	0.00002491
276	0.00002413
277	0.00002338
278	0.00002266
279	0.00002195
280	0.00002127
281	0.00002061
282	0.00001997
283	0.00001935
284	0.00001875
285	0.00001817
286	0.00001761
287	0.00001706
288	0.00001653
289	0.00001602
290	0.00001552
291	0.00001504
292	0.00001457
293	0.00001412
294	0.00001368
295	0.00001326
296	0.00001284
297	0.00001245
298	0.00001206
299	0.00001168
300	0.00001132
301	0.00001097
302	0.00001063
303	0.00001030
304	0.00000998
305	0.00000967
306	0.00000937
307	0.00000908
308	0.00000880
309	0.00000852
310	0.00000826
311	0.00000800
312	0.00000775
313	0.00000751
314	0.00000728
315	0.00000705
316	0.00000684
317	0.00000662
318	0.00000642
319	0.00000622
320	0.00000603
321	0.00000584
322	0.00000566
323	0.00000548
324	0.00000531
325	0.00000515
326	0.00000499
327	0.00000483
328	0.00000468
329	0.00000454
330	0.00000440
331	0.00000426
332	0.00000413
333	0.00000400
334	0.00000387
335	0.00000375
336	0.00000364
337	0.00000353
338	0.00000342
339	0.00000331
340	0.00000321
341	0.00000311
342	0.00000301
343	0.00000292
344	0.00000283
345	0.00000274
346	0.00000265
347	0.00000257
348	0.00000249
349	0.00000241
350	0.00000234
351	0.00000227
352	0.00000220
353	0.00000213
354	0.00000206
355	0.00000200
356	0.00000194
357	0.00000188
358	0.00000182
359	0.00000176
360	0.00000171
361	0.00000165
362	0.00000160
363	0.00000155
364	0.00000150
365	0.00000146
366	0.00000141
367	0.00000137
368	0.00000133
369	0.00000129
370	0.00000125
371	0.00000121
372	0.00000117
373	0.00000113
374	0.00000110
375	0.00000106
376	0.00000103
377	0.00000100
378	0.00000097
379	0.00000094
380	0.00000091
381	0.00000088
382	0.00000085
383	0.00000083
384	0.00000080
385	0.00000078
386	0.00000075
387	0.00000073
388	0.00000071
389	0.00000068
390	0.00000066
391	0.00000064
392	0.00000062
393	0.00000060
394	0.00000058
395	0.00000057
396	0.00000055
397	0.00000053
398	0.00000051
399	0.00000050
400	0.00000048
401	0.00000047
402	0.00000045
403	0.00000044
404	0.00000043
405	0.00000041
406	0.00000040
407	0.00000039
408	0.00000038
409	0.00000036
410	0.00000035
411	0.00000034
412	0.00000033
413	0.00000032
414	0.00000031
415	0.00000030
416	0.00000029
417	0.00000028
418	0.00000027
419	0.00000027
420	0.00000026
421	0.00000025
422	0.00000024
423	0.00000023
424	0.00000023
425	0.00000022
426	0.00000021
427	0.00000021
428	0.00000020
429	0.00000019
430	0.00000019
431	0.00000018
432	0.00000018
433	0.00000017
434	0.00000017
435	0.00000016
436	0.00000016
437	0.00000015
438	0.00000015
439	0.00000014
440	0.00000014
441	0.00000013
442	0.00000013
443	0.00000012
444	0.00000012
445	0.00000012
446	0.00000011
447	0.00000011
448	0.00000011
449	0.00000010
450	0.00000010
451	0.00000010
452	0.00000009
453	0.00000009
454	0.00000009
455	0.00000009
456	0.00000008
457	0.00000008
458	0.00000008
459	0.00000008
460	0.00000007
461	0.00000007
462	0.00000007
463	0.00000007
464	0.00000006
465	0.00000006
466	0.00000006
467	0.00000006
468	0.00000006
469	0.00000005
470	0.00000005
471	0.00000005
472	0.00000005
473	0.00000005
474	0.00000005
475	0.00000005
476	0.00000004
477	0.00000004
478	0.00000004
479	0.00000004
480	0.00000004
481	0.00000004
482	0.00000004
483	0.00000004
484	0.00000003
485	0.00000003
486	0.00000003
487	0.00000003
488	0.00000003
489	0.00000003
490	0.00000003
491	0.00000003
492	0.00000003
493	0.00000003
494	0.00000002
495	0.00000002
496	0.00000002
497	0.00000002
498	0.00000002
499	0.00000002
500	0.00000002
501	0.00000002
502	0.00000002
503	0.00000002
504	0.00000002
505	0.00000002
506	0.00000002
507	0.00000002
508	0.00000002
509	0.00000002
510	0.00000002
511	0.00000001
512	0.00000001
513	0.00000001
514	0.00000001
515	0.00000001
516	0.00000001
517	0.00000001
518	0.00000001
519	0.00000001
520	0.00000001
521	0.00000001
522	0.00000001
523	0.00000001
524	0.00000001
525	0.00000001
526	0.00000001
527	0.00000001
528	0.00000001
529	0.00000001
530	0.00000001
531	0.00000001
532	0.00000001
533	0.00000001
534	0.00000001
535	0.00000001
536	0.00000001
537	0.00000001
538	0.00000001
539	0.00000001
540	0.00000001
541	0.00000001
542	0.00000001
543	0.00000001
544	0.00000001
545	0.00000000
546	0.00000000
547	0.00000000
548	0.00000000
549	0.00000000
550	0.00000000
551	0.00000000
552	0.00000000
553	0.00000000
554	0.00000000
555	0.00000000
556	0.00000000
557	0.00000000
558	0.00000000
559	0.00000000
560	0.00000000
561	0.00000000
562	0.00000000
563	0.00000000
564	0.00000000
565	0.00000000
566	0.00000000
567	0.00000000
568	0.00000000
569	0.00000000
570	0.00000000
571	0.00000000
572	0.00000000
573	0.00000000
574	0.00000000
575	0.00000000
576	0.00000000
577	0.00000000
578	0.00000000
579	0.00000000
580	0.00000000
581	0.00000000
582	0.00000000
583	0.00000000
584	0.00000000
585	0.00000000
586	0.00000000
587	0.00000000
588	0.00000000
589	0.00000000
590	0.00000000
591	0.00000000
592	0.00000000
593	0.00000000
594	0.00000000
595	0.00000000
596	0.00000000
597	0.00000000
598	0.00000000
599	0.00000000
600	0.00000000
601	0.00000000
602	0.00000000
603	0.00000000
604	0.00000000
605	0.00000000
606	0.00000000
607	0.00000000
608	0.00000000
609	0.00000000
610	0.00000000
611	0.00000000
612	0.00000000
613	0.00000000
614	0.00000000
615	0.00000000
616	0.00000000
617	0.00000000
618	0.00000000
619	0.00000000
620	0.00000000
621	0.00000000
622	0.00000000
623	0.00000000
624	0.00000000
625	0.00000000
626	0.00000000
627	0.00000000
628	0.00000000
629	0.00000000
630	0.00000000
631	0.00000000
632	0.00000000
633	0.00000000
634	0.00000000
635	0.00000000
636	0.00000000
637	0.00000000
638	0.00000000
639	0.00000000
640	0.00000000
641	0.00000000
642	0.00000000
643	0.00000000
644	0.00000000
645	0.00000000
646	0.00000000
647	0.00000000
648	0.00000000
649	0.00000000
650	0.00000000
651	0.00000000
652	0.00000000
653	0.00000000
654	0.00000000
655	0.00000000
656	0.00000000
657	0.00000000
658	0.00000000
659	0.00000000
660	0.00000000
661	0.00000000
662	0.00000000
663	0.00000000
664	0.00000000
665	0.00000000
666	0.00000000
667	0.00000000
668	0.00000000
669	0.00000000
670	0.00000000
671	0.00000000
672	0.00000000
673	0.00000000
674	0.00000000
675	0.00000000
676	0.00000000
677	0.00000000
678	0.00000000
679	0.00000000
680	0.00000000
681	0.00000000
682	0.00000000
683	0.00000000
684	0.00000000
685	0.00000000
686	0.00000000
687	0.00000000
688	0.00000000
689	0.00000000
690	0.00000000
691	0.00000000
692	0.00000000
693	0.00000000
694	0.00000000
695	0.00000000
696	0.00000000
697	0.00000000
698	0.00000000
699	0.00000000
700	0.00000000
701	0.00000000
702	0.00000000
703	0.00000000
704	0.00000000
705	0.00000000
706	0.00000000
707	0.00000000
708	0.00000000
709	0.00000000
710	0.00000000
711	0.00000000
712	0.00000000
713	0.00000000
714	0.00000000
715	0.00000000
716	0.00000000
717	0.00000000
718	0.00000000
719	0.00000000
720	0.00000000
721	0.00000000
722	0.00000000
723	0.00000000
724	0.00000000
725	0.00000000
726	0.00000000
727	0.00000000
728	0.00000000
729	0.00000000
730	0.00000000
731	0.00000000
732	0.00000000
733	0.00000000
734	0.00000000
735	0.00000000
736	0.00000000
737	0.00000000
738	0.00000000
739	0.00000000
740	0.00000000
741	0.00000000
742	0.00000000
743	0.00000000
744	0.00000000
745	0.00000000
746	0.00000000
747	0.00000000
748	0.00000000
749	0.00000000
750	0.00000000
751	0.00000000
752	0.00000000
753	0.00000000
754	0.00000000
755	0.00000000
756	0.00000000
757	0.00000000
758	0.00000000
759	0.00000000
760	0.00000000
761	0.00000000
762	0.00000000
763	0.00000000
764	0.00000000
765	0.00000000
766	0.00000000
767	0.00000000
768	0.00000000
769	0.00000000
770	0.00000000
771	0.00000000
772	0.00000000
773	0.00000000
774	0.00000000
775	0.00000000
776	0.00000000
777	0.00000000
778	0.00000000
779	0.00000000
780	0.00000000
781	0.00000000
782	0.00000000
783	0.00000000
784	0.00000000
785	0.00000000
786	0.00000000
787	0.00000000
788	0.00000000
789	0.00000000
790	0.00000000
791	0.00000000
792	0.00000000
793	0.00000000
794	0.00000000
795	0.00000000
796	0.00000000
797	0.00000000
798	0.00000000
799	0.00000000
800	0.00000000
801	0.00000000
802	0.00000000
803	0.00000000
804	0.00000000
805	0.00000000
806	0.00000000
807	0.00000000
808	0.00000000
809	0.00000000
810	0.00000000
811	0.00000000
812	0.00000000
813	0.00000000
814	0.00000000
815	0.00000000
816	0.00000000
817	0.00000000
818	0.00000000
819	0.00000000
820	0.00000000
821	0.00000000
822	0.00000000
823	0.00000000
824	0.00000000
825	0.00000000
826	0.00000000
827	0.00000000
828	0.00000000
829	0.00000000
830	0.00000000
831	0.00000000
832	0.00000000
833	0.00000000
834	0.00000000
835	0.00000000
836	0.00000000
837	0.00000000
838	0.00000000
839	0.00000000
840	0.00000000
841	0.00000000
842	0.00000000
843	0.00000000
844	0.00000000
845	0.00000000
846	0.00000000
847	0.00000000
848	0.00000000
849	0.00000000
850	0.00000000
851	0.00000000
852	0.00000000
853	0.00000000
854	0.00000000
855	0.00000000
856	0.00000000
857	0.00000000
858	0.00000000
859	0.00000000
860	0.00000000
861	0.00000000
862	0.00000000
863	0.00000000
864	0.00000000
865	0.00000000
866	0.00000000
867	0.00000000
868	0.00000000
869	0.00000000
870	0.00000000
871	0.00000000
872	0.00000000
873	0.00000000
874	0.00000000
875	0.00000000
876	0.00000000
877	0.00000000
878	0.00000000
879	0.00000000
880	0.00000000
881	0.00000000
882	0.00000000
883	0.00000000
884	0.00000000
885	0.00000000
886	0.00000000
887	0.00000000
888	0.00000000
889	0.00000000
890	0.00000000
891	0.00000000
892	0.00000000
893	0.00000000
894	0.00000000
895	0.00000000
896	0.00000000
897	0.00000000
898	0.00000000
899	0.00000000
900	0.00000000
901	0.00000000
902	0.00000000
903	0.00000000
904	0.00000000
905	0.00000000
906	0.00000000
907	0.00000000
908	0.00000000
909	0.00000000
910	0.00000000
911	0.00000000
912	0.00000000
913	0.00000000
914	0.00000000
915	0.00000000
916	0.00000000
917	0.00000000
918	0.00000000
919	0.00000000
920	0.00000000
921	0.00000000
922	0.00000000
923	0.00000000
924	0.00000000
925	0.00000000
926	0.00000000
927	0.00000000
928	0.00000000
929	0.00000000
930	0.00000000
931	0.00000000
932	0.00000000
933	0.00000000
934	0.00000000
935	0.00000000
936	0.00000000
937	0.00000000
938	0.00000000
939	0.00000000
940	0.00000000
941	0.00000000
942	0.00000000
943	0.00000000
944	0.00000000
945	0.00000000
946	0.00000000
947	0.00000000
948	0.00000000
949	0.00000000
950	0.00000000
951	0.00000000
952	0.00000000
953	0.00000000
954	0.00000000
955	0.00000000
956	0.00000000
957	0.00000000
958	0.00000000
959	0.00000000
960	0.00000000
961	0.00000000
962	0.00000000
963	0.00000000
964	0.00000000
965	0.00000000
966	0.00000000
967	0.00000000
968	0.00000000
969	0.00000000
970	0.00000000
971	0.00000000
972	0.00000000
973	0.00000000
974	0.00000000
975	0.00000000
976	0.00000000
977	0.00000000
978	0.00000000
979	0.00000000
980	0.00000000
981	0.00000000
982	0.00000000
983	0.00000000
984	0.00000000
985	0.00000000
986	0.00000000
987	0.00000000
988	0.00000000
989	0.00000000
990	0.00000000
991	0.00000000
992	0.00000000
993	0.00000000
994	0.00000000
995	0.00000000
996	0.00000000
997	0.00000000
998	0.00000000
999	0.00000000
