0	0.00000000
1	0.00000000
2	0.00000000
3	0.00000000
4	0.00000000
5	0.00000000
6	0.00000000
7	0.00000000
8	0.00000000
9	0.00000000
10	0.00000000
11	0.00000000
12	0.00000000
13	0.00779163
14	0.05211212
15	0.04269497
16	0.04613064
17	0.03717563
18	0.03951216
19	0.04094983
20	0.04209361
21	0.03721344
22	0.03416443
23	0.02976053
24	0.02641917
25	0.02353531
26	0.02200217
27	0.02050808
28	0.01989641
29	0.01867647
30	0.01796874
31	0.01758336
32	0.02116290
33	0.02490570
34	0.02563393
35	0.02797263
36	0.02943500
37	0.02877006
38	0.02800570
39	0.02781824
40	0.02687935
41	0.02666211
42	0.02597995
43	0.02560657
44	0.02501987
45	0.02469686
46	0.02449324
47	0.02365429
48	0.02317451
49	0.02257616
50	0.02189766
51	0.02126478
52	0.02050101
53	0.01989130
54	0.01923532
55	0.01951754
56	0.01950495
57	0.01928451
58	0.01925099
59	0.01880907
60	0.01831835
61	0.01781055
62	0.01743900
63	0.01723297
64	0.01708438
65	0.01687685
66	0.01661377
67	0.01614213
68	0.01563413
69	0.01530066
70	0.01488378
71	0.01444034
72	0.01404982
73	0.01359527
74	0.01317367
75	0.01267616
76	0.01232406
77	0.01195849
78	0.01177631
79	0.01160654
80	0.01134103
81	0.01105218
82	0.01085453
83	0.01054697
84	0.01027697
85	0.01005240
86	0.00977542
87	0.00954202
88	0.00925046
89	0.00898123
90	0.00870239
91	0.00841466
92	0.00813174
93	0.00787663
94	0.00760541
95	0.00735784
96	0.00714152
97	0.00690097
98	0.00667216
99	0.00646328
100	0.00626025
101	0.00608730
102	0.00594951
103	0.00580252
104	0.00562277
105	0.00547309
106	0.00530229
107	0.00513169
108	0.00497203
109	0.00481853
110	0.00466541
111	0.00451982
112	0.00438314
113	0.00424737
114	0.00410989
115	0.00397708
116	0.00385358
117	0.00373259
118	0.00361536
119	0.00350260
120	0.00339209
121	0.00328623
122	0.00318374
123	0.00308436
124	0.00299030
125	0.00290301
126	0.00281338
127	0.00272794
128	0.00264101
129	0.00256031
130	0.00248000
131	0.00240327
132	0.00232867
133	0.00225643
134	0.00218650
135	0.00211861
136	0.00205281
137	0.00198906
138	0.00192723
139	0.00186730
140	0.00180923
141	0.00175297
142	0.00169847
143	0.00164567
144	0.00159453
145	0.00154497
146	0.00149696
147	0.00145045
148	0.00140543
149	0.00136183
150	0.00131959
151	0.00127865
152	0.00123898
153	0.00120053
154	0.00116327
155	0.00112717
156	0.00109219
157	0.00105829
158	0.00102544
159	0.00099361
160	0.00096277
161	0.00093289
162	0.00090393
163	0.00087587
164	0.00084868
165	0.00082233
166	0.00079680
167	0.00077207
168	0.00074810
169	0.00072487
170	0.00070237
171	0.00068056
172	0.00065943
173	0.00063896
174	0.00061913
175	0.00059991
176	0.00058128
177	0.00056324
178	0.00054575
179	0.00052881
180	0.00051240
181	0.00049649
182	0.00048108
183	0.00046614
184	0.00045167
185	0.00043765
186	0.00042407
187	0.00041090
188	0.00039815
189	0.00038579
190	0.00037381
191	0.00036221
192	0.00035096
193	0.00034007
194	0.00032951
195	0.00031928
196	0.00030937
197	0.00029977
198	0.00029046
199	0.00028144
200	0.00027271
201	0.00026424
202	0.00025604
203	0.00024809
204	0.00024039
205	0.00023293
206	0.00022570
207	0.00021869
208	0.00021190
209	0.00020532
210	0.00019895
211	0.00019277
212	0.00018679
213	0.00018099
214	0.00017537
215	0.00016993
216	0.00016465
217	0.00015954
218	0.00015459
219	0.00014979
220	0.00014514
221	0.00014063
222	0.00013627
223	0.00013204
224	0.00012794
225	0.00012397
226	0.00012012
227	0.00011639
228	0.00011278
229	0.00010928
230	0.00010588
231	0.00010260
232	0.00009941
233	0.00009633
234	0.00009334
235	0.00009044
236	0.00008763
237	0.00008491
238	0.00008227
239	0.00007972
240	0.00007725
241	0.00007485
242	0.00007252
243	0.00007027
244	0.00006809
245	0.00006598
246	0.00006393
247	0.00006195
248	0.00006002
249	0.00005816
250	0.00005635
251	0.00005460
252	0.00005291
253	0.00005127
254	0.00004968
255	0.00004813
256	0.00004664
257	0.00004519
258	0.00004379
259	0.00004243
260	0.00004111
261	0.00003984
262	0.00003860
263	0.00003740
264	0.00003624
265	0.00003511
266	0.00003402
267	0.00003297
268	0.00003194
269	0.00003095
270	0.00002999
271	0.00002906
272	0.00002816
273	0.00002728
274	0.00002644
275	0.00002562
276	0.00002482
277	0.00002405
278	0.00002330
279	0.00002258
280	0.00002188
281	0.00002120
282	0.00002054
283	0.00001991
284	0.00001929
285	0.00001869
286	0.00001811
287	0.00001755
288	0.00001700
289	0.00001647
290	0.00001596
291	0.00001547
292	0.00001499
293	0.00001452
294	0.00001407
295	0.00001363
296	0.00001321
297	0.00001280
298	0.00001240
299	0.00001202
300	0.00001165
301	0.00001128
302	0.00001093
303	0.00001059
304	0.00001027
305	0.00000995
306	0.00000964
307	0.00000934
308	0.00000905
309	0.00000877
310	0.00000850
311	0.00000823
312	0.00000798
313	0.00000773
314	0.00000749
315	0.00000726
316	0.00000703
317	0.00000681
318	0.00000660
319	0.00000640
320	0.00000620
321	0.00000601
322	0.00000582
323	0.00000564
324	0.00000546
325	0.00000529
326	0.00000513
327	0.00000497
328	0.00000482
329	0.00000467
330	0.00000452
331	0.00000438
332	0.00000425
333	0.00000411
334	0.00000399
335	0.00000386
336	0.00000374
337	0.00000363
338	0.00000351
339	0.00000340
340	0.00000330
341	0.00000320
342	0.00000310
343	0.00000300
344	0.00000291
345	0.00000282
346	0.00000273
347	0.00000265
348	0.00000256
349	0.00000248
350	0.00000241
351	0.00000233
352	0.00000226
353	0.00000219
354	0.00000212
355	0.00000206
356	0.00000199
357	0.00000193
358	0.00000187
359	0.00000181
360	0.00000176
361	0.00000170
362	0.00000165
363	0.00000160
364	0.00000155
365	0.00000150
366	0.00000145
367	0.00000141
368	0.00000136
369	0.00000132
370	0.00000128
371	0.00000124
372	0.00000120
373	0.00000117
374	0.00000113
375	0.00000109
376	0.00000106
377	0.00000103
378	0.00000100
379	0.00000096
380	0.00000093
381	0.00000091
382	0.00000088
383	0.00000085
384	0.00000082
385	0.00000080
386	0.00000077
387	0.00000075
388	0.00000073
389	0.00000070
390	0.00000068
391	0.00000066
392	0.00000064
393	0.00000062
394	0.00000060
395	0.00000058
396	0.00000056
397	0.00000055
398	0.00000053
399	0.00000051
400	0.00000050
401	0.00000048
402	0.00000047
403	0.00000045
404	0.00000044
405	0.00000042
406	0.00000041
407	0.00000040
408	0.00000039
409	0.00000037
410	0.00000036
411	0.00000035
412	0.00000034
413	0.00000033
414	0.00000032
415	0.00000031
416	0.00000030
417	0.00000029
418	0.00000028
419	0.00000027
420	0.00000026
421	0.00000026
422	0.00000025
423	0.00000024
424	0.00000023
425	0.00000023
426	0.00000022
427	0.00000021
428	0.00000021
429	0.00000020
430	0.00000019
431	0.00000019
432	0.00000018
433	0.00000018
434	0.00000017
435	0.00000016
436	0.00000016
437	0.00000015
438	0.00000015
439	0.00000015
440	0.00000014
441	0.00000014
442	0.00000013
443	0.00000013
444	0.00000012
445	0.00000012
446	0.00000012
447	0.00000011
448	0.00000011
449	0.00000011
450	0.00000010
451	0.00000010
452	0.00000010
453	0.00000009
454	0.00000009
455	0.00000009
456	0.00000009
457	0.00000008
458	0.00000008
459	0.00000008
460	0.00000007
461	0.00000007
462	0.00000007
463	0.00000007
464	0.00000007
465	0.00000006
466	0.00000006
467	0.00000006
468	0.00000006
469	0.00000006
470	0.00000005
471	0.00000005
472	0.00000005
473	0.00000005
474	0.00000005
475	0.00000005
476	0.00000005
477	0.00000004
478	0.00000004
479	0.00000004
480	0.00000004
481	0.00000004
482	0.00000004
483	0.00000004
484	0.00000004
485	0.00000003
486	0.00000003
487	0.00000003
488	0.00000003
489	0.00000003
490	0.00000003
491	0.00000003
492	0.00000003
493	0.00000003
494	0.00000003
495	0.00000002
496	0.00000002
497	0.00000002
498	0.00000002
499	0.00000002
500	0.00000002
501	0.00000002
502	0.00000002
503	0.00000002
504	0.00000002
505	0.00000002
506	0.00000002
507	0.00000002
508	0.00000002
509	0.00000002
510	0.00000002
511	0.00000002
512	0.00000001
513	0.00000001
514	0.00000001
515	0.00000001
516	0.00000001
517	0.00000001
518	0.00000001
519	0.00000001
520	0.00000001
521	0.00000001
522	0.00000001
523	0.00000001
524	0.00000001
525	0.00000001
526	0.00000001
527	0.00000001
528	0.00000001
529	0.00000001
530	0.00000001
531	0.00000001
532	0.00000001
533	0.00000001
534	0.00000001
535	0.00000001
536	0.00000001
537	0.00000001
538	0.00000001
539	0.00000001
540	0.00000001
541	0.00000001
542	0.00000001
543	0.00000001
544	0.00000001
545	0.00000001
546	0.00000000
547	0.00000000
548	0.00000000
549	0.00000000
550	0.00000000
551	0.00000000
552	0.00000000
553	0.00000000
554	0.00000000
555	0.00000000
556	0.00000000
557	0.00000000
558	0.00000000
559	0.00000000
560	0.00000000
561	0.00000000
562	0.00000000
563	0.00000000
564	0.00000000
565	0.00000000
566	0.00000000
567	0.00000000
568	0.00000000
569	0.00000000
570	0.00000000
571	0.00000000
572	0.00000000
573	0.00000000
574	0.00000000
575	0.00000000
576	0.00000000
577	0.00000000
578	0.00000000
579	0.00000000
580	0.00000000
581	0.00000000
582	0.00000000
583	0.00000000
584	0.00000000
585	0.00000000
586	0.00000000
587	0.00000000
588	0.00000000
589	0.00000000
590	0.00000000
591	0.00000000
592	0.00000000
593	0.00000000
594	0.00000000
595	0.00000000
596	0.00000000
597	0.00000000
598	0.00000000
599	0.00000000
600	0.00000000
601	0.00000000
602	0.00000000
603	0.00000000
604	0.00000000
605	0.00000000
606	0.00000000
607	0.00000000
608	0.00000000
609	0.00000000
610	0.00000000
611	0.00000000
612	0.00000000
613	0.00000000
614	0.00000000
615	0.00000000
616	0.00000000
617	0.00000000
618	0.00000000
619	0.00000000
620	0.00000000
621	0.00000000
622	0.00000000
623	0.00000000
624	0.00000000
625	0.00000000
626	0.00000000
627	0.00000000
628	0.00000000
629	0.00000000
630	0.00000000
631	0.00000000
632	0.00000000
633	0.00000000
634	0.00000000
635	0.00000000
636	0.00000000
637	0.00000000
638	0.00000000
639	0.00000000
640	0.00000000
641	0.00000000
642	0.00000000
643	0.00000000
644	0.00000000
645	0.00000000
646	0.00000000
647	0.00000000
648	0.00000000
649	0.00000000
650	0.00000000
651	0.00000000
652	0.00000000
653	0.00000000
654	0.00000000
655	0.00000000
656	0.00000000
657	0.00000000
658	0.00000000
659	0.00000000
660	0.00000000
661	0.00000000
662	0.00000000
663	0.00000000
664	0.00000000
665	0.00000000
666	0.00000000
667	0.00000000
668	0.00000000
669	0.00000000
670	0.00000000
671	0.00000000
672	0.00000000
673	0.00000000
674	0.00000000
675	0.00000000
676	0.00000000
677	0.00000000
678	0.00000000
679	0.00000000
680	0.00000000
681	0.00000000
682	0.00000000
683	0.00000000
684	0.00000000
685	0.00000000
686	0.00000000
687	0.00000000
688	0.00000000
689	0.00000000
690	0.00000000
691	0.00000000
692	0.00000000
693	0.00000000
694	0.00000000
695	0.00000000
696	0.00000000
697	0.00000000
698	0.00000000
699	0.00000000
700	0.00000000
701	0.00000000
702	0.00000000
703	0.00000000
704	0.00000000
705	0.00000000
706	0.00000000
707	0.00000000
708	0.00000000
709	0.00000000
710	0.00000000
711	0.00000000
712	0.00000000
713	0.00000000
714	0.00000000
715	0.00000000
716	0.00000000
717	0.00000000
718	0.00000000
719	0.00000000
720	0.00000000
721	0.00000000
722	0.00000000
723	0.00000000
724	0.00000000
725	0.00000000
726	0.00000000
727	0.00000000
728	0.00000000
729	0.00000000
730	0.00000000
731	0.00000000
732	0.00000000
733	0.00000000
734	0.00000000
735	0.00000000
736	0.00000000
737	0.00000000
738	0.00000000
739	0.00000000
740	0.00000000
741	0.00000000
742	0.00000000
743	0.00000000
744	0.00000000
745	0.00000000
746	0.00000000
747	0.00000000
748	0.00000000
749	0.00000000
750	0.00000000
751	0.00000000
752	0.00000000
753	0.00000000
754	0.00000000
755	0.00000000
756	0.00000000
757	0.00000000
758	0.00000000
759	0.00000000
760	0.00000000
761	0.00000000
762	0.00000000
763	0.00000000
764	0.00000000
765	0.00000000
766	0.00000000
767	0.00000000
768	0.00000000
769	0.00000000
770	0.00000000
771	0.00000000
772	0.00000000
773	0.00000000
774	0.00000000
775	0.00000000
776	0.00000000
777	0.00000000
778	0.00000000
779	0.00000000
780	0.00000000
781	0.00000000
782	0.00000000
783	0.00000000
784	0.00000000
785	0.00000000
786	0.00000000
787	0.00000000
788	0.00000000
789	0.00000000
790	0.00000000
791	0.00000000
792	0.00000000
793	0.00000000
794	0.00000000
795	0.00000000
796	0.00000000
797	0.00000000
798	0.00000000
799	0.00000000
800	0.00000000
801	0.00000000
802	0.00000000
803	0.00000000
804	0.00000000
805	0.00000000
806	0.00000000
807	0.00000000
808	0.00000000
809	0.00000000
810	0.00000000
811	0.00000000
812	0.00000000
813	0.00000000
814	0.00000000
815	0.00000000
816	0.00000000
817	0.00000000
818	0.00000000
819	0.00000000
820	0.00000000
821	0.00000000
822	0.00000000
823	0.00000000
824	0.00000000
825	0.00000000
826	0.00000000
827	0.00000000
828	0.00000000
829	0.00000000
830	0.00000000
831	0.00000000
832	0.00000000
833	0.00000000
834	0.00000000
835	0.00000000
836	0.00000000
837	0.00000000
838	0.00000000
839	0.00000000
840	0.00000000
841	0.00000000
842	0.00000000
843	0.00000000
844	0.00000000
845	0.00000000
846	0.00000000
847	0.00000000
848	0.00000000
849	0.00000000
850	0.00000000
851	0.00000000
852	0.00000000
853	0.00000000
854	0.00000000
855	0.00000000
856	0.00000000
857	0.00000000
858	0.00000000
859	0.00000000
860	0.00000000
861	0.00000000
862	0.00000000
863	0.00000000
864	0.00000000
865	0.00000000
866	0.00000000
867	0.00000000
868	0.00000000
869	0.00000000
870	0.00000000
871	0.00000000
872	0.00000000
873	0.00000000
874	0.00000000
875	0.00000000
876	0.00000000
877	0.00000000
878	0.00000000
879	0.00000000
880	0.00000000
881	0.00000000
882	0.00000000
883	0.00000000
884	0.00000000
885	0.00000000
886	0.00000000
887	0.00000000
888	0.00000000
889	0.00000000
890	0.00000000
891	0.00000000
892	0.00000000
893	0.00000000
894	0.00000000
895	0.00000000
896	0.00000000
897	0.00000000
898	0.00000000
899	0.00000000
900	0.00000000
901	0.00000000
902	0.00000000
903	0.00000000
904	0.00000000
905	0.00000000
906	0.00000000
907	0.00000000
908	0.00000000
909	0.00000000
910	0.00000000
911	0.00000000
912	0.00000000
913	0.00000000
914	0.00000000
915	0.00000000
916	0.00000000
917	0.00000000
918	0.00000000
919	0.00000000
920	0.00000000
921	0.00000000
922	0.00000000
923	0.00000000
924	0.00000000
925	0.00000000
926	0.00000000
927	0.00000000
928	0.00000000
929	0.00000000
930	0.00000000
931	0.00000000
932	0.00000000
933	0.00000000
934	0.00000000
935	0.00000000
936	0.00000000
937	0.00000000
938	0.00000000
939	0.00000000
940	0.00000000
941	0.00000000
942	0.00000000
943	0.00000000
944	0.00000000
945	0.00000000
946	0.00000000
947	0.00000000
948	0.00000000
949	0.00000000
950	0.00000000
951	0.00000000
952	0.00000000
953	0.00000000
954	0.00000000
955	0.00000000
956	0.00000000
957	0.00000000
958	0.00000000
959	0.00000000
960	0.00000000
961	0.00000000
962	0.00000000
963	0.00000000
964	0.00000000
965	0.00000000
966	0.00000000
967	0.00000000
968	0.00000000
969	0.00000000
970	0.00000000
971	0.00000000
972	0.00000000
973	0.00000000
974	0.00000000
975	0.00000000
976	0.00000000
977	0.00000000
978	0.00000000
979	0.00000000
980	0.00000000
981	0.00000000
982	0.00000000
983	0.00000000
984	0.00000000
985	0.00000000
986	0.00000000
987	0.00000000
988	0.00000000
989	0.00000000
990	0.00000000
991	0.00000000
992	0.00000000
993	0.00000000
994	0.00000000
995	0.00000000
996	0.00000000
997	0.00000000
998	0.00000000
999	0.00000000
