0	0.00000000
1	0.00000000
2	0.00000000
3	0.00000000
4	0.00000000
5	0.00000000
6	0.00000000
7	0.00000000
8	0.00000000
9	0.00000000
10	0.00000000
11	0.00000000
12	0.00000000
13	0.00577362
14	0.03956114
15	0.03379726
16	0.03756199
17	0.03151704
18	0.03645290
19	0.04042031
20	0.04427310
21	0.03833939
22	0.03623937
23	0.03142279
24	0.02661042
25	0.02304778
26	0.02149899
27	0.01989101
28	0.01940270
29	0.01803196
30	0.01761586
31	0.01725482
32	0.02022396
33	0.02422447
34	0.02594269
35	0.02841836
36	0.02997855
37	0.02949646
38	0.02816661
39	0.02764823
40	0.02654594
41	0.02627407
42	0.02585874
43	0.02556400
44	0.02507113
45	0.02472980
46	0.02476498
47	0.02374382
48	0.02314298
49	0.02256902
50	0.02185357
51	0.02118558
52	0.02059303
53	0.01996002
54	0.01924624
55	0.01936477
56	0.01952869
57	0.01935171
58	0.01924795
59	0.01892463
60	0.01841692
61	0.01786610
62	0.01745039
63	0.01721511
64	0.01711483
65	0.01682386
66	0.01658850
67	0.01617526
68	0.01555356
69	0.01527326
70	0.01489147
71	0.01445501
72	0.01412783
73	0.01362044
74	0.01324193
75	0.01275202
76	0.01239894
77	0.01199156
78	0.01176885
79	0.01161415
80	0.01132168
81	0.01105509
82	0.01089606
83	0.01059733
84	0.01031366
85	0.01008674
86	0.00979673
87	0.00954055
88	0.00926669
89	0.00897518
90	0.00870131
91	0.00842433
92	0.00814040
93	0.00791179
94	0.00762300
95	0.00738218
96	0.00715437
97	0.00691260
98	0.00668548
99	0.00647589
100	0.00627384
101	0.00609096
102	0.00595505
103	0.00581315
104	0.00563012
105	0.00548506
106	0.00532113
107	0.00514469
108	0.00497949
109	0.00482587
110	0.00467109
111	0.00452391
112	0.00438794
113	0.00425129
114	0.00412078
115	0.00398230
116	0.00386006
117	0.00374095
118	0.00362170
119	0.00351057
120	0.00339843
121	0.00329217
122	0.00318928
123	0.00308979
124	0.00299693
125	0.00290819
126	0.00281782
127	0.00273449
128	0.00264593
129	0.00256542
130	0.00248479
131	0.00240776
132	0.00233287
133	0.00226040
134	0.00219023
135	0.00212226
136	0.00205637
137	0.00199252
138	0.00193059
139	0.00187060
140	0.00181244
141	0.00175609
142	0.00170149
143	0.00164860
144	0.00159735
145	0.00154771
146	0.00149961
147	0.00145303
148	0.00140792
149	0.00136424
150	0.00132193
151	0.00128092
152	0.00124119
153	0.00120268
154	0.00116536
155	0.00112919
156	0.00109414
157	0.00106018
158	0.00102727
159	0.00099538
160	0.00096449
161	0.00093455
162	0.00090554
163	0.00087743
164	0.00085019
165	0.00082380
166	0.00079822
167	0.00077344
168	0.00074943
169	0.00072616
170	0.00070362
171	0.00068177
172	0.00066061
173	0.00064010
174	0.00062023
175	0.00060097
176	0.00058232
177	0.00056424
178	0.00054673
179	0.00052975
180	0.00051331
181	0.00049737
182	0.00048193
183	0.00046697
184	0.00045248
185	0.00043843
186	0.00042482
187	0.00041163
188	0.00039886
189	0.00038647
190	0.00037448
191	0.00036285
192	0.00035159
193	0.00034067
194	0.00033010
195	0.00031985
196	0.00030992
197	0.00030030
198	0.00029098
199	0.00028195
200	0.00027319
201	0.00026471
202	0.00025649
203	0.00024853
204	0.00024082
205	0.00023334
206	0.00022610
207	0.00021908
208	0.00021228
209	0.00020569
210	0.00019930
211	0.00019312
212	0.00018712
213	0.00018131
214	0.00017568
215	0.00017023
216	0.00016495
217	0.00015983
218	0.00015486
219	0.00015006
220	0.00014540
221	0.00014088
222	0.00013651
223	0.00013227
224	0.00012817
225	0.00012419
226	0.00012033
227	0.00011660
228	0.00011298
229	0.00010947
230	0.00010607
231	0.00010278
232	0.00009959
233	0.00009650
234	0.00009350
235	0.00009060
236	0.00008779
237	0.00008506
238	0.00008242
239	0.00007986
240	0.00007738
241	0.00007498
242	0.00007265
243	0.00007040
244	0.00006821
245	0.00006610
246	0.00006404
247	0.00006206
248	0.00006013
249	0.00005826
250	0.00005645
251	0.00005470
252	0.00005300
253	0.00005136
254	0.00004976
255	0.00004822
256	0.00004672
257	0.00004527
258	0.00004387
259	0.00004250
260	0.00004118
261	0.00003991
262	0.00003867
263	0.00003747
264	0.00003630
265	0.00003518
266	0.00003409
267	0.00003303
268	0.00003200
269	0.00003101
270	0.00003005
271	0.00002911
272	0.00002821
273	0.00002733
274	0.00002649
275	0.00002566
276	0.00002487
277	0.00002409
278	0.00002335
279	0.00002262
280	0.00002192
281	0.00002124
282	0.00002058
283	0.00001994
284	0.00001932
285	0.00001872
286	0.00001814
287	0.00001758
288	0.00001703
289	0.00001650
290	0.00001599
291	0.00001549
292	0.00001501
293	0.00001455
294	0.00001410
295	0.00001366
296	0.00001323
297	0.00001282
298	0.00001243
299	0.00001204
300	0.00001167
301	0.00001130
302	0.00001095
303	0.00001061
304	0.00001028
305	0.00000996
306	0.00000965
307	0.00000936
308	0.00000906
309	0.00000878
310	0.00000851
311	0.00000825
312	0.00000799
313	0.00000774
314	0.00000750
315	0.00000727
316	0.00000704
317	0.00000682
318	0.00000661
319	0.00000641
320	0.00000621
321	0.00000602
322	0.00000583
323	0.00000565
324	0.00000547
325	0.00000530
326	0.00000514
327	0.00000498
328	0.00000482
329	0.00000467
330	0.00000453
331	0.00000439
332	0.00000425
333	0.00000412
334	0.00000399
335	0.00000387
336	0.00000375
337	0.00000363
338	0.00000352
339	0.00000341
340	0.00000330
341	0.00000320
342	0.00000310
343	0.00000301
344	0.00000291
345	0.00000282
346	0.00000273
347	0.00000265
348	0.00000257
349	0.00000249
350	0.00000241
351	0.00000234
352	0.00000226
353	0.00000219
354	0.00000212
355	0.00000206
356	0.00000200
357	0.00000193
358	0.00000187
359	0.00000182
360	0.00000176
361	0.00000170
362	0.00000165
363	0.00000160
364	0.00000155
365	0.00000150
366	0.00000146
367	0.00000141
368	0.00000137
369	0.00000132
370	0.00000128
371	0.00000124
372	0.00000120
373	0.00000117
374	0.00000113
375	0.00000110
376	0.00000106
377	0.00000103
378	0.00000100
379	0.00000097
380	0.00000094
381	0.00000091
382	0.00000088
383	0.00000085
384	0.00000083
385	0.00000080
386	0.00000077
387	0.00000075
388	0.00000073
389	0.00000070
390	0.00000068
391	0.00000066
392	0.00000064
393	0.00000062
394	0.00000060
395	0.00000058
396	0.00000057
397	0.00000055
398	0.00000053
399	0.00000051
400	0.00000050
401	0.00000048
402	0.00000047
403	0.00000045
404	0.00000044
405	0.00000043
406	0.00000041
407	0.00000040
408	0.00000039
409	0.00000038
410	0.00000036
411	0.00000035
412	0.00000034
413	0.00000033
414	0.00000032
415	0.00000031
416	0.00000030
417	0.00000029
418	0.00000028
419	0.00000027
420	0.00000027
421	0.00000026
422	0.00000025
423	0.00000024
424	0.00000023
425	0.00000023
426	0.00000022
427	0.00000021
428	0.00000021
429	0.00000020
430	0.00000019
431	0.00000019
432	0.00000018
433	0.00000018
434	0.00000017
435	0.00000017
436	0.00000016
437	0.00000016
438	0.00000015
439	0.00000015
440	0.00000014
441	0.00000014
442	0.00000013
443	0.00000013
444	0.00000012
445	0.00000012
446	0.00000012
447	0.00000011
448	0.00000011
449	0.00000011
450	0.00000010
451	0.00000010
452	0.00000010
453	0.00000009
454	0.00000009
455	0.00000009
456	0.00000009
457	0.00000008
458	0.00000008
459	0.00000008
460	0.00000008
461	0.00000007
462	0.00000007
463	0.00000007
464	0.00000007
465	0.00000006
466	0.00000006
467	0.00000006
468	0.00000006
469	0.00000006
470	0.00000005
471	0.00000005
472	0.00000005
473	0.00000005
474	0.00000005
475	0.00000005
476	0.00000005
477	0.00000004
478	0.00000004
479	0.00000004
480	0.00000004
481	0.00000004
482	0.00000004
483	0.00000004
484	0.00000004
485	0.00000003
486	0.00000003
487	0.00000003
488	0.00000003
489	0.00000003
490	0.00000003
491	0.00000003
492	0.00000003
493	0.00000003
494	0.00000003
495	0.00000002
496	0.00000002
497	0.00000002
498	0.00000002
499	0.00000002
500	0.00000002
501	0.00000002
502	0.00000002
503	0.00000002
504	0.00000002
505	0.00000002
506	0.00000002
507	0.00000002
508	0.00000002
509	0.00000002
510	0.00000002
511	0.00000002
512	0.00000001
513	0.00000001
514	0.00000001
515	0.00000001
516	0.00000001
517	0.00000001
518	0.00000001
519	0.00000001
520	0.00000001
521	0.00000001
522	0.00000001
523	0.00000001
524	0.00000001
525	0.00000001
526	0.00000001
527	0.00000001
528	0.00000001
529	0.00000001
530	0.00000001
531	0.00000001
532	0.00000001
533	0.00000001
534	0.00000001
535	0.00000001
536	0.00000001
537	0.00000001
538	0.00000001
539	0.00000001
540	0.00000001
541	0.00000001
542	0.00000001
543	0.00000001
544	0.00000001
545	0.00000001
546	0.00000000
547	0.00000000
548	0.00000000
549	0.00000000
550	0.00000000
551	0.00000000
552	0.00000000
553	0.00000000
554	0.00000000
555	0.00000000
556	0.00000000
557	0.00000000
558	0.00000000
559	0.00000000
560	0.00000000
561	0.00000000
562	0.00000000
563	0.00000000
564	0.00000000
565	0.00000000
566	0.00000000
567	0.00000000
568	0.00000000
569	0.00000000
570	0.00000000
571	0.00000000
572	0.00000000
573	0.00000000
574	0.00000000
575	0.00000000
576	0.00000000
577	0.00000000
578	0.00000000
579	0.00000000
580	0.00000000
581	0.00000000
582	0.00000000
583	0.00000000
584	0.00000000
585	0.00000000
586	0.00000000
587	0.00000000
588	0.00000000
589	0.00000000
590	0.00000000
591	0.00000000
592	0.00000000
593	0.00000000
594	0.00000000
595	0.00000000
596	0.00000000
597	0.00000000
598	0.00000000
599	0.00000000
600	0.00000000
601	0.00000000
602	0.00000000
603	0.00000000
604	0.00000000
605	0.00000000
606	0.00000000
607	0.00000000
608	0.00000000
609	0.00000000
610	0.00000000
611	0.00000000
612	0.00000000
613	0.00000000
614	0.00000000
615	0.00000000
616	0.00000000
617	0.00000000
618	0.00000000
619	0.00000000
620	0.00000000
621	0.00000000
622	0.00000000
623	0.00000000
624	0.00000000
625	0.00000000
626	0.00000000
627	0.00000000
628	0.00000000
629	0.00000000
630	0.00000000
631	0.00000000
632	0.00000000
633	0.00000000
634	0.00000000
635	0.00000000
636	0.00000000
637	0.00000000
638	0.00000000
639	0.00000000
640	0.00000000
641	0.00000000
642	0.00000000
643	0.00000000
644	0.00000000
645	0.00000000
646	0.00000000
647	0.00000000
648	0.00000000
649	0.00000000
650	0.00000000
651	0.00000000
652	0.00000000
653	0.00000000
654	0.00000000
655	0.00000000
656	0.00000000
657	0.00000000
658	0.00000000
659	0.00000000
660	0.00000000
661	0.00000000
662	0.00000000
663	0.00000000
664	0.00000000
665	0.00000000
666	0.00000000
667	0.00000000
668	0.00000000
669	0.00000000
670	0.00000000
671	0.00000000
672	0.00000000
673	0.00000000
674	0.00000000
675	0.00000000
676	0.00000000
677	0.00000000
678	0.00000000
679	0.00000000
680	0.00000000
681	0.00000000
682	0.00000000
683	0.00000000
684	0.00000000
685	0.00000000
686	0.00000000
687	0.00000000
688	0.00000000
689	0.00000000
690	0.00000000
691	0.00000000
692	0.00000000
693	0.00000000
694	0.00000000
695	0.00000000
696	0.00000000
697	0.00000000
698	0.00000000
699	0.00000000
700	0.00000000
701	0.00000000
702	0.00000000
703	0.00000000
704	0.00000000
705	0.00000000
706	0.00000000
707	0.00000000
708	0.00000000
709	0.00000000
710	0.00000000
711	0.00000000
712	0.00000000
713	0.00000000
714	0.00000000
715	0.00000000
716	0.00000000
717	0.00000000
718	0.00000000
719	0.00000000
720	0.00000000
721	0.00000000
722	0.00000000
723	0.00000000
724	0.00000000
725	0.00000000
726	0.00000000
727	0.00000000
728	0.00000000
729	0.00000000
730	0.00000000
731	0.00000000
732	0.00000000
733	0.00000000
734	0.00000000
735	0.00000000
736	0.00000000
737	0.00000000
738	0.00000000
739	0.00000000
740	0.00000000
741	0.00000000
742	0.00000000
743	0.00000000
744	0.00000000
745	0.00000000
746	0.00000000
747	0.00000000
748	0.00000000
749	0.00000000
750	0.00000000
751	0.00000000
752	0.00000000
753	0.00000000
754	0.00000000
755	0.00000000
756	0.00000000
757	0.00000000
758	0.00000000
759	0.00000000
760	0.00000000
761	0.00000000
762	0.00000000
763	0.00000000
764	0.00000000
765	0.00000000
766	0.00000000
767	0.00000000
768	0.00000000
769	0.00000000
770	0.00000000
771	0.00000000
772	0.00000000
773	0.00000000
774	0.00000000
775	0.00000000
776	0.00000000
777	0.00000000
778	0.00000000
779	0.00000000
780	0.00000000
781	0.00000000
782	0.00000000
783	0.00000000
784	0.00000000
785	0.00000000
786	0.00000000
787	0.00000000
788	0.00000000
789	0.00000000
790	0.00000000
791	0.00000000
792	0.00000000
793	0.00000000
794	0.00000000
795	0.00000000
796	0.00000000
797	0.00000000
798	0.00000000
799	0.00000000
800	0.00000000
801	0.00000000
802	0.00000000
803	0.00000000
804	0.00000000
805	0.00000000
806	0.00000000
807	0.00000000
808	0.00000000
809	0.00000000
810	0.00000000
811	0.00000000
812	0.00000000
813	0.00000000
814	0.00000000
815	0.00000000
816	0.00000000
817	0.00000000
818	0.00000000
819	0.00000000
820	0.00000000
821	0.00000000
822	0.00000000
823	0.00000000
824	0.00000000
825	0.00000000
826	0.00000000
827	0.00000000
828	0.00000000
829	0.00000000
830	0.00000000
831	0.00000000
832	0.00000000
833	0.00000000
834	0.00000000
835	0.00000000
836	0.00000000
837	0.00000000
838	0.00000000
839	0.00000000
840	0.00000000
841	0.00000000
842	0.00000000
843	0.00000000
844	0.00000000
845	0.00000000
846	0.00000000
847	0.00000000
848	0.00000000
849	0.00000000
850	0.00000000
851	0.00000000
852	0.00000000
853	0.00000000
854	0.00000000
855	0.00000000
856	0.00000000
857	0.00000000
858	0.00000000
859	0.00000000
860	0.00000000
861	0.00000000
862	0.00000000
863	0.00000000
864	0.00000000
865	0.00000000
866	0.00000000
867	0.00000000
868	0.00000000
869	0.00000000
870	0.00000000
871	0.00000000
872	0.00000000
873	0.00000000
874	0.00000000
875	0.00000000
876	0.00000000
877	0.00000000
878	0.00000000
879	0.00000000
880	0.00000000
881	0.00000000
882	0.00000000
883	0.00000000
884	0.00000000
885	0.00000000
886	0.00000000
887	0.00000000
888	0.00000000
889	0.00000000
890	0.00000000
891	0.00000000
892	0.00000000
893	0.00000000
894	0.00000000
895	0.00000000
896	0.00000000
897	0.00000000
898	0.00000000
899	0.00000000
900	0.00000000
901	0.00000000
902	0.00000000
903	0.00000000
904	0.00000000
905	0.00000000
906	0.00000000
907	0.00000000
908	0.00000000
909	0.00000000
910	0.00000000
911	0.00000000
912	0.00000000
913	0.00000000
914	0.00000000
915	0.00000000
916	0.00000000
917	0.00000000
918	0.00000000
919	0.00000000
920	0.00000000
921	0.00000000
922	0.00000000
923	0.00000000
924	0.00000000
925	0.00000000
926	0.00000000
927	0.00000000
928	0.00000000
929	0.00000000
930	0.00000000
931	0.00000000
932	0.00000000
933	0.00000000
934	0.00000000
935	0.00000000
936	0.00000000
937	0.00000000
938	0.00000000
939	0.00000000
940	0.00000000
941	0.00000000
942	0.00000000
943	0.00000000
944	0.00000000
945	0.00000000
946	0.00000000
947	0.00000000
948	0.00000000
949	0.00000000
950	0.00000000
951	0.00000000
952	0.00000000
953	0.00000000
954	0.00000000
955	0.00000000
956	0.00000000
957	0.00000000
958	0.00000000
959	0.00000000
960	0.00000000
961	0.00000000
962	0.00000000
963	0.00000000
964	0.00000000
965	0.00000000
966	0.00000000
967	0.00000000
968	0.00000000
969	0.00000000
970	0.00000000
971	0.00000000
972	0.00000000
973	0.00000000
974	0.00000000
975	0.00000000
976	0.00000000
977	0.00000000
978	0.00000000
979	0.00000000
980	0.00000000
981	0.00000000
982	0.00000000
983	0.00000000
984	0.00000000
985	0.00000000
986	0.00000000
987	0.00000000
988	0.00000000
989	0.00000000
990	0.00000000
991	0.00000000
992	0.00000000
993	0.00000000
994	0.00000000
995	0.00000000
996	0.00000000
997	0.00000000
998	0.00000000
999	0.00000000
