0	0.00000000
1	0.00000000
2	0.00000000
3	0.00000000
4	0.00000000
5	0.00000000
6	0.00000000
7	0.00000000
8	0.00000000
9	0.00000000
10	0.00000000
11	0.00000000
12	0.00000000
13	0.00485957
14	0.03290355
15	0.02737443
16	0.03331004
17	0.03016553
18	0.03710027
19	0.04136159
20	0.04376680
21	0.03959717
22	0.03680349
23	0.03234691
24	0.02950263
25	0.02658083
26	0.02487292
27	0.02292333
28	0.02189898
29	0.02039739
30	0.01939317
31	0.01851180
32	0.02088307
33	0.02355387
34	0.02479326
35	0.02689990
36	0.02802672
37	0.02768450
38	0.02733350
39	0.02738712
40	0.02652871
41	0.02644637
42	0.02585940
43	0.02551739
44	0.02475526
45	0.02425100
46	0.02387434
47	0.02311682
48	0.02284829
49	0.02234887
50	0.02175613
51	0.02124197
52	0.02049405
53	0.01987482
54	0.01917757
55	0.01923705
56	0.01924080
57	0.01895924
58	0.01880778
59	0.01835944
60	0.01786662
61	0.01743208
62	0.01706159
63	0.01684916
64	0.01665316
65	0.01647885
66	0.01621427
67	0.01578019
68	0.01540130
69	0.01502989
70	0.01464553
71	0.01419424
72	0.01385144
73	0.01337018
74	0.01297245
75	0.01247765
76	0.01211316
77	0.01174392
78	0.01152602
79	0.01133574
80	0.01103527
81	0.01076557
82	0.01054695
83	0.01023080
84	0.00998434
85	0.00978626
86	0.00953463
87	0.00930243
88	0.00902827
89	0.00878264
90	0.00850107
91	0.00822033
92	0.00794492
93	0.00768811
94	0.00743064
95	0.00718379
96	0.00697012
97	0.00673494
98	0.00651111
99	0.00630768
100	0.00610781
101	0.00593863
102	0.00580036
103	0.00564477
104	0.00546867
105	0.00531660
106	0.00515070
107	0.00499023
108	0.00483908
109	0.00469610
110	0.00454374
111	0.00440281
112	0.00427034
113	0.00413734
114	0.00400328
115	0.00387511
116	0.00375410
117	0.00363639
118	0.00352298
119	0.00341275
120	0.00330509
121	0.00320182
122	0.00310181
123	0.00300489
124	0.00291313
125	0.00282764
126	0.00273908
127	0.00265580
128	0.00257161
129	0.00249256
130	0.00241465
131	0.00233994
132	0.00226744
133	0.00219719
134	0.00212910
135	0.00206305
136	0.00199902
137	0.00193696
138	0.00187677
139	0.00181845
140	0.00176193
141	0.00170716
142	0.00165410
143	0.00160270
144	0.00155289
145	0.00150463
146	0.00145788
147	0.00141259
148	0.00136874
149	0.00132626
150	0.00128511
151	0.00124523
152	0.00120659
153	0.00116914
154	0.00113285
155	0.00109769
156	0.00106362
157	0.00103061
158	0.00099862
159	0.00096763
160	0.00093759
161	0.00090849
162	0.00088029
163	0.00085296
164	0.00082649
165	0.00080083
166	0.00077597
167	0.00075188
168	0.00072854
169	0.00070592
170	0.00068400
171	0.00066277
172	0.00064219
173	0.00062226
174	0.00060294
175	0.00058422
176	0.00056609
177	0.00054851
178	0.00053148
179	0.00051499
180	0.00049900
181	0.00048351
182	0.00046850
183	0.00045396
184	0.00043986
185	0.00042621
186	0.00041298
187	0.00040016
188	0.00038774
189	0.00037570
190	0.00036404
191	0.00035274
192	0.00034179
193	0.00033118
194	0.00032090
195	0.00031093
196	0.00030128
197	0.00029193
198	0.00028287
199	0.00027409
200	0.00026558
201	0.00025733
202	0.00024934
203	0.00024160
204	0.00023410
205	0.00022684
206	0.00021979
207	0.00021297
208	0.00020636
209	0.00019995
210	0.00019375
211	0.00018773
212	0.00018190
213	0.00017626
214	0.00017079
215	0.00016548
216	0.00016035
217	0.00015537
218	0.00015055
219	0.00014587
220	0.00014134
221	0.00013696
222	0.00013271
223	0.00012859
224	0.00012459
225	0.00012073
226	0.00011698
227	0.00011335
228	0.00010983
229	0.00010642
230	0.00010312
231	0.00009991
232	0.00009681
233	0.00009381
234	0.00009090
235	0.00008807
236	0.00008534
237	0.00008269
238	0.00008012
239	0.00007764
240	0.00007523
241	0.00007289
242	0.00007063
243	0.00006844
244	0.00006631
245	0.00006425
246	0.00006226
247	0.00006033
248	0.00005845
249	0.00005664
250	0.00005488
251	0.00005318
252	0.00005153
253	0.00004993
254	0.00004838
255	0.00004687
256	0.00004542
257	0.00004401
258	0.00004264
259	0.00004132
260	0.00004004
261	0.00003879
262	0.00003759
263	0.00003642
264	0.00003529
265	0.00003420
266	0.00003313
267	0.00003211
268	0.00003111
269	0.00003014
270	0.00002921
271	0.00002830
272	0.00002742
273	0.00002657
274	0.00002575
275	0.00002495
276	0.00002417
277	0.00002342
278	0.00002270
279	0.00002199
280	0.00002131
281	0.00002065
282	0.00002001
283	0.00001938
284	0.00001878
285	0.00001820
286	0.00001763
287	0.00001709
288	0.00001656
289	0.00001604
290	0.00001555
291	0.00001506
292	0.00001459
293	0.00001414
294	0.00001370
295	0.00001328
296	0.00001287
297	0.00001247
298	0.00001208
299	0.00001170
300	0.00001134
301	0.00001099
302	0.00001065
303	0.00001032
304	0.00001000
305	0.00000969
306	0.00000939
307	0.00000909
308	0.00000881
309	0.00000854
310	0.00000827
311	0.00000802
312	0.00000777
313	0.00000753
314	0.00000729
315	0.00000707
316	0.00000685
317	0.00000663
318	0.00000643
319	0.00000623
320	0.00000604
321	0.00000585
322	0.00000567
323	0.00000549
324	0.00000532
325	0.00000516
326	0.00000500
327	0.00000484
328	0.00000469
329	0.00000454
330	0.00000440
331	0.00000427
332	0.00000413
333	0.00000401
334	0.00000388
335	0.00000376
336	0.00000364
337	0.00000353
338	0.00000342
339	0.00000332
340	0.00000321
341	0.00000311
342	0.00000302
343	0.00000292
344	0.00000283
345	0.00000274
346	0.00000266
347	0.00000258
348	0.00000250
349	0.00000242
350	0.00000234
351	0.00000227
352	0.00000220
353	0.00000213
354	0.00000207
355	0.00000200
356	0.00000194
357	0.00000188
358	0.00000182
359	0.00000176
360	0.00000171
361	0.00000166
362	0.00000161
363	0.00000156
364	0.00000151
365	0.00000146
366	0.00000141
367	0.00000137
368	0.00000133
369	0.00000129
370	0.00000125
371	0.00000121
372	0.00000117
373	0.00000113
374	0.00000110
375	0.00000107
376	0.00000103
377	0.00000100
378	0.00000097
379	0.00000094
380	0.00000091
381	0.00000088
382	0.00000085
383	0.00000083
384	0.00000080
385	0.00000078
386	0.00000075
387	0.00000073
388	0.00000071
389	0.00000069
390	0.00000066
391	0.00000064
392	0.00000062
393	0.00000060
394	0.00000059
395	0.00000057
396	0.00000055
397	0.00000053
398	0.00000052
399	0.00000050
400	0.00000048
401	0.00000047
402	0.00000045
403	0.00000044
404	0.00000043
405	0.00000041
406	0.00000040
407	0.00000039
408	0.00000038
409	0.00000036
410	0.00000035
411	0.00000034
412	0.00000033
413	0.00000032
414	0.00000031
415	0.00000030
416	0.00000029
417	0.00000028
418	0.00000027
419	0.00000027
420	0.00000026
421	0.00000025
422	0.00000024
423	0.00000023
424	0.00000023
425	0.00000022
426	0.00000021
427	0.00000021
428	0.00000020
429	0.00000019
430	0.00000019
431	0.00000018
432	0.00000018
433	0.00000017
434	0.00000017
435	0.00000016
436	0.00000016
437	0.00000015
438	0.00000015
439	0.00000014
440	0.00000014
441	0.00000013
442	0.00000013
443	0.00000012
444	0.00000012
445	0.00000012
446	0.00000011
447	0.00000011
448	0.00000011
449	0.00000010
450	0.00000010
451	0.00000010
452	0.00000009
453	0.00000009
454	0.00000009
455	0.00000009
456	0.00000008
457	0.00000008
458	0.00000008
459	0.00000008
460	0.00000007
461	0.00000007
462	0.00000007
463	0.00000007
464	0.00000006
465	0.00000006
466	0.00000006
467	0.00000006
468	0.00000006
469	0.00000005
470	0.00000005
471	0.00000005
472	0.00000005
473	0.00000005
474	0.00000005
475	0.00000005
476	0.00000004
477	0.00000004
478	0.00000004
479	0.00000004
480	0.00000004
481	0.00000004
482	0.00000004
483	0.00000004
484	0.00000003
485	0.00000003
486	0.00000003
487	0.00000003
488	0.00000003
489	0.00000003
490	0.00000003
491	0.00000003
492	0.00000003
493	0.00000003
494	0.00000002
495	0.00000002
496	0.00000002
497	0.00000002
498	0.00000002
499	0.00000002
500	0.00000002
501	0.00000002
502	0.00000002
503	0.00000002
504	0.00000002
505	0.00000002
506	0.00000002
507	0.00000002
508	0.00000002
509	0.00000002
510	0.00000002
511	0.00000001
512	0.00000001
513	0.00000001
514	0.00000001
515	0.00000001
516	0.00000001
517	0.00000001
518	0.00000001
519	0.00000001
520	0.00000001
521	0.00000001
522	0.00000001
523	0.00000001
524	0.00000001
525	0.00000001
526	0.00000001
527	0.00000001
528	0.00000001
529	0.00000001
530	0.00000001
531	0.00000001
532	0.00000001
533	0.00000001
534	0.00000001
535	0.00000001
536	0.00000001
537	0.00000001
538	0.00000001
539	0.00000001
540	0.00000001
541	0.00000001
542	0.00000001
543	0.00000001
544	0.00000001
545	0.00000001
546	0.00000000
547	0.00000000
548	0.00000000
549	0.00000000
550	0.00000000
551	0.00000000
552	0.00000000
553	0.00000000
554	0.00000000
555	0.00000000
556	0.00000000
557	0.00000000
558	0.00000000
559	0.00000000
560	0.00000000
561	0.00000000
562	0.00000000
563	0.00000000
564	0.00000000
565	0.00000000
566	0.00000000
567	0.00000000
568	0.00000000
569	0.00000000
570	0.00000000
571	0.00000000
572	0.00000000
573	0.00000000
574	0.00000000
575	0.00000000
576	0.00000000
577	0.00000000
578	0.00000000
579	0.00000000
580	0.00000000
581	0.00000000
582	0.00000000
583	0.00000000
584	0.00000000
585	0.00000000
586	0.00000000
587	0.00000000
588	0.00000000
589	0.00000000
590	0.00000000
591	0.00000000
592	0.00000000
593	0.00000000
594	0.00000000
595	0.00000000
596	0.00000000
597	0.00000000
598	0.00000000
599	0.00000000
600	0.00000000
601	0.00000000
602	0.00000000
603	0.00000000
604	0.00000000
605	0.00000000
606	0.00000000
607	0.00000000
608	0.00000000
609	0.00000000
610	0.00000000
611	0.00000000
612	0.00000000
613	0.00000000
614	0.00000000
615	0.00000000
616	0.00000000
617	0.00000000
618	0.00000000
619	0.00000000
620	0.00000000
621	0.00000000
622	0.00000000
623	0.00000000
624	0.00000000
625	0.00000000
626	0.00000000
627	0.00000000
628	0.00000000
629	0.00000000
630	0.00000000
631	0.00000000
632	0.00000000
633	0.00000000
634	0.00000000
635	0.00000000
636	0.00000000
637	0.00000000
638	0.00000000
639	0.00000000
640	0.00000000
641	0.00000000
642	0.00000000
643	0.00000000
644	0.00000000
645	0.00000000
646	0.00000000
647	0.00000000
648	0.00000000
649	0.00000000
650	0.00000000
651	0.00000000
652	0.00000000
653	0.00000000
654	0.00000000
655	0.00000000
656	0.00000000
657	0.00000000
658	0.00000000
659	0.00000000
660	0.00000000
661	0.00000000
662	0.00000000
663	0.00000000
664	0.00000000
665	0.00000000
666	0.00000000
667	0.00000000
668	0.00000000
669	0.00000000
670	0.00000000
671	0.00000000
672	0.00000000
673	0.00000000
674	0.00000000
675	0.00000000
676	0.00000000
677	0.00000000
678	0.00000000
679	0.00000000
680	0.00000000
681	0.00000000
682	0.00000000
683	0.00000000
684	0.00000000
685	0.00000000
686	0.00000000
687	0.00000000
688	0.00000000
689	0.00000000
690	0.00000000
691	0.00000000
692	0.00000000
693	0.00000000
694	0.00000000
695	0.00000000
696	0.00000000
697	0.00000000
698	0.00000000
699	0.00000000
700	0.00000000
701	0.00000000
702	0.00000000
703	0.00000000
704	0.00000000
705	0.00000000
706	0.00000000
707	0.00000000
708	0.00000000
709	0.00000000
710	0.00000000
711	0.00000000
712	0.00000000
713	0.00000000
714	0.00000000
715	0.00000000
716	0.00000000
717	0.00000000
718	0.00000000
719	0.00000000
720	0.00000000
721	0.00000000
722	0.00000000
723	0.00000000
724	0.00000000
725	0.00000000
726	0.00000000
727	0.00000000
728	0.00000000
729	0.00000000
730	0.00000000
731	0.00000000
732	0.00000000
733	0.00000000
734	0.00000000
735	0.00000000
736	0.00000000
737	0.00000000
738	0.00000000
739	0.00000000
740	0.00000000
741	0.00000000
742	0.00000000
743	0.00000000
744	0.00000000
745	0.00000000
746	0.00000000
747	0.00000000
748	0.00000000
749	0.00000000
750	0.00000000
751	0.00000000
752	0.00000000
753	0.00000000
754	0.00000000
755	0.00000000
756	0.00000000
757	0.00000000
758	0.00000000
759	0.00000000
760	0.00000000
761	0.00000000
762	0.00000000
763	0.00000000
764	0.00000000
765	0.00000000
766	0.00000000
767	0.00000000
768	0.00000000
769	0.00000000
770	0.00000000
771	0.00000000
772	0.00000000
773	0.00000000
774	0.00000000
775	0.00000000
776	0.00000000
777	0.00000000
778	0.00000000
779	0.00000000
780	0.00000000
781	0.00000000
782	0.00000000
783	0.00000000
784	0.00000000
785	0.00000000
786	0.00000000
787	0.00000000
788	0.00000000
789	0.00000000
790	0.00000000
791	0.00000000
792	0.00000000
793	0.00000000
794	0.00000000
795	0.00000000
796	0.00000000
797	0.00000000
798	0.00000000
799	0.00000000
800	0.00000000
801	0.00000000
802	0.00000000
803	0.00000000
804	0.00000000
805	0.00000000
806	0.00000000
807	0.00000000
808	0.00000000
809	0.00000000
810	0.00000000
811	0.00000000
812	0.00000000
813	0.00000000
814	0.00000000
815	0.00000000
816	0.00000000
817	0.00000000
818	0.00000000
819	0.00000000
820	0.00000000
821	0.00000000
822	0.00000000
823	0.00000000
824	0.00000000
825	0.00000000
826	0.00000000
827	0.00000000
828	0.00000000
829	0.00000000
830	0.00000000
831	0.00000000
832	0.00000000
833	0.00000000
834	0.00000000
835	0.00000000
836	0.00000000
837	0.00000000
838	0.00000000
839	0.00000000
840	0.00000000
841	0.00000000
842	0.00000000
843	0.00000000
844	0.00000000
845	0.00000000
846	0.00000000
847	0.00000000
848	0.00000000
849	0.00000000
850	0.00000000
851	0.00000000
852	0.00000000
853	0.00000000
854	0.00000000
855	0.00000000
856	0.00000000
857	0.00000000
858	0.00000000
859	0.00000000
860	0.00000000
861	0.00000000
862	0.00000000
863	0.00000000
864	0.00000000
865	0.00000000
866	0.00000000
867	0.00000000
868	0.00000000
869	0.00000000
870	0.00000000
871	0.00000000
872	0.00000000
873	0.00000000
874	0.00000000
875	0.00000000
876	0.00000000
877	0.00000000
878	0.00000000
879	0.00000000
880	0.00000000
881	0.00000000
882	0.00000000
883	0.00000000
884	0.00000000
885	0.00000000
886	0.00000000
887	0.00000000
888	0.00000000
889	0.00000000
890	0.00000000
891	0.00000000
892	0.00000000
893	0.00000000
894	0.00000000
895	0.00000000
896	0.00000000
897	0.00000000
898	0.00000000
899	0.00000000
900	0.00000000
901	0.00000000
902	0.00000000
903	0.00000000
904	0.00000000
905	0.00000000
906	0.00000000
907	0.00000000
908	0.00000000
909	0.00000000
910	0.00000000
911	0.00000000
912	0.00000000
913	0.00000000
914	0.00000000
915	0.00000000
916	0.00000000
917	0.00000000
918	0.00000000
919	0.00000000
920	0.00000000
921	0.00000000
922	0.00000000
923	0.00000000
924	0.00000000
925	0.00000000
926	0.00000000
927	0.00000000
928	0.00000000
929	0.00000000
930	0.00000000
931	0.00000000
932	0.00000000
933	0.00000000
934	0.00000000
935	0.00000000
936	0.00000000
937	0.00000000
938	0.00000000
939	0.00000000
940	0.00000000
941	0.00000000
942	0.00000000
943	0.00000000
944	0.00000000
945	0.00000000
946	0.00000000
947	0.00000000
948	0.00000000
949	0.00000000
950	0.00000000
951	0.00000000
952	0.00000000
953	0.00000000
954	0.00000000
955	0.00000000
956	0.00000000
957	0.00000000
958	0.00000000
959	0.00000000
960	0.00000000
961	0.00000000
962	0.00000000
963	0.00000000
964	0.00000000
965	0.00000000
966	0.00000000
967	0.00000000
968	0.00000000
969	0.00000000
970	0.00000000
971	0.00000000
972	0.00000000
973	0.00000000
974	0.00000000
975	0.00000000
976	0.00000000
977	0.00000000
978	0.00000000
979	0.00000000
980	0.00000000
981	0.00000000
982	0.00000000
983	0.00000000
984	0.00000000
985	0.00000000
986	0.00000000
987	0.00000000
988	0.00000000
989	0.00000000
990	0.00000000
991	0.00000000
992	0.00000000
993	0.00000000
994	0.00000000
995	0.00000000
996	0.00000000
997	0.00000000
998	0.00000000
999	0.00000000
