0	0.00000000
1	0.00000000
2	0.00000000
3	0.00000000
4	0.00000000
5	0.00000000
6	0.00000000
7	0.00000000
8	0.00000000
9	0.00000000
10	0.00000000
11	0.00000000
12	0.00000000
13	0.00319160
14	0.02187041
15	0.01841883
16	0.02617512
17	0.02617251
18	0.03633362
19	0.04195611
20	0.04552684
21	0.04187984
22	0.03986461
23	0.03580913
24	0.03324101
25	0.03014624
26	0.02782491
27	0.02510669
28	0.02384044
29	0.02181086
30	0.02029581
31	0.01911615
32	0.02022298
33	0.02174262
34	0.02297445
35	0.02489688
36	0.02569703
37	0.02570997
38	0.02646050
39	0.02695424
40	0.02662987
41	0.02661999
42	0.02643535
43	0.02576794
44	0.02489616
45	0.02404686
46	0.02339577
47	0.02257683
48	0.02239161
49	0.02193324
50	0.02148592
51	0.02094222
52	0.02035622
53	0.01971046
54	0.01893913
55	0.01885155
56	0.01877065
57	0.01842320
58	0.01816403
59	0.01770049
60	0.01725944
61	0.01702093
62	0.01673420
63	0.01650884
64	0.01627954
65	0.01612803
66	0.01576853
67	0.01538287
68	0.01503569
69	0.01471672
70	0.01433935
71	0.01390245
72	0.01358348
73	0.01310633
74	0.01270513
75	0.01222499
76	0.01182988
77	0.01145357
78	0.01118576
79	0.01096192
80	0.01065036
81	0.01038725
82	0.01016203
83	0.00984339
84	0.00964010
85	0.00952415
86	0.00925776
87	0.00904520
88	0.00878627
89	0.00856184
90	0.00827230
91	0.00797276
92	0.00772261
93	0.00746471
94	0.00720779
95	0.00697238
96	0.00675571
97	0.00652991
98	0.00631425
99	0.00611366
100	0.00592002
101	0.00575099
102	0.00561078
103	0.00544881
104	0.00528034
105	0.00512906
106	0.00497010
107	0.00482569
108	0.00468907
109	0.00455265
110	0.00440294
111	0.00426589
112	0.00413637
113	0.00400285
114	0.00387604
115	0.00375208
116	0.00363444
117	0.00352047
118	0.00341084
119	0.00330416
120	0.00319984
121	0.00309979
122	0.00300280
123	0.00290894
124	0.00282008
125	0.00273584
126	0.00264996
127	0.00256919
128	0.00248802
129	0.00241140
130	0.00233626
131	0.00226421
132	0.00219423
133	0.00212631
134	0.00206035
135	0.00199647
136	0.00193452
137	0.00187447
138	0.00181625
139	0.00175984
140	0.00170515
141	0.00165217
142	0.00160083
143	0.00155109
144	0.00150289
145	0.00145619
146	0.00141094
147	0.00136710
148	0.00132465
149	0.00128354
150	0.00124370
151	0.00120510
152	0.00116769
153	0.00113144
154	0.00109632
155	0.00106229
156	0.00102932
157	0.00099738
158	0.00096642
159	0.00093643
160	0.00090736
161	0.00087920
162	0.00085191
163	0.00082546
164	0.00079984
165	0.00077501
166	0.00075095
167	0.00072764
168	0.00070505
169	0.00068316
170	0.00066195
171	0.00064140
172	0.00062149
173	0.00060220
174	0.00058350
175	0.00056539
176	0.00054784
177	0.00053083
178	0.00051435
179	0.00049838
180	0.00048291
181	0.00046792
182	0.00045340
183	0.00043932
184	0.00042568
185	0.00041247
186	0.00039967
187	0.00038726
188	0.00037524
189	0.00036359
190	0.00035230
191	0.00034137
192	0.00033077
193	0.00032050
194	0.00031055
195	0.00030091
196	0.00029157
197	0.00028252
198	0.00027375
199	0.00026525
200	0.00025702
201	0.00024904
202	0.00024131
203	0.00023381
204	0.00022656
205	0.00021952
206	0.00021271
207	0.00020611
208	0.00019971
209	0.00019351
210	0.00018750
211	0.00018168
212	0.00017604
213	0.00017058
214	0.00016528
215	0.00016015
216	0.00015518
217	0.00015036
218	0.00014569
219	0.00014117
220	0.00013679
221	0.00013254
222	0.00012843
223	0.00012444
224	0.00012058
225	0.00011683
226	0.00011321
227	0.00010969
228	0.00010629
229	0.00010299
230	0.00009979
231	0.00009669
232	0.00009369
233	0.00009078
234	0.00008797
235	0.00008523
236	0.00008259
237	0.00008002
238	0.00007754
239	0.00007513
240	0.00007280
241	0.00007054
242	0.00006835
243	0.00006623
244	0.00006417
245	0.00006218
246	0.00006025
247	0.00005838
248	0.00005657
249	0.00005481
250	0.00005311
251	0.00005146
252	0.00004986
253	0.00004832
254	0.00004682
255	0.00004536
256	0.00004396
257	0.00004259
258	0.00004127
259	0.00003999
260	0.00003875
261	0.00003754
262	0.00003638
263	0.00003525
264	0.00003415
265	0.00003309
266	0.00003207
267	0.00003107
268	0.00003011
269	0.00002917
270	0.00002827
271	0.00002739
272	0.00002654
273	0.00002571
274	0.00002492
275	0.00002414
276	0.00002339
277	0.00002267
278	0.00002196
279	0.00002128
280	0.00002062
281	0.00001998
282	0.00001936
283	0.00001876
284	0.00001818
285	0.00001761
286	0.00001707
287	0.00001654
288	0.00001602
289	0.00001553
290	0.00001504
291	0.00001458
292	0.00001412
293	0.00001369
294	0.00001326
295	0.00001285
296	0.00001245
297	0.00001206
298	0.00001169
299	0.00001133
300	0.00001098
301	0.00001063
302	0.00001030
303	0.00000998
304	0.00000967
305	0.00000937
306	0.00000908
307	0.00000880
308	0.00000853
309	0.00000826
310	0.00000801
311	0.00000776
312	0.00000752
313	0.00000728
314	0.00000706
315	0.00000684
316	0.00000663
317	0.00000642
318	0.00000622
319	0.00000603
320	0.00000584
321	0.00000566
322	0.00000548
323	0.00000531
324	0.00000515
325	0.00000499
326	0.00000483
327	0.00000468
328	0.00000454
329	0.00000440
330	0.00000426
331	0.00000413
332	0.00000400
333	0.00000388
334	0.00000376
335	0.00000364
336	0.00000353
337	0.00000342
338	0.00000331
339	0.00000321
340	0.00000311
341	0.00000301
342	0.00000292
343	0.00000283
344	0.00000274
345	0.00000266
346	0.00000257
347	0.00000249
348	0.00000242
349	0.00000234
350	0.00000227
351	0.00000220
352	0.00000213
353	0.00000206
354	0.00000200
355	0.00000194
356	0.00000188
357	0.00000182
358	0.00000176
359	0.00000171
360	0.00000165
361	0.00000160
362	0.00000155
363	0.00000151
364	0.00000146
365	0.00000141
366	0.00000137
367	0.00000133
368	0.00000129
369	0.00000125
370	0.00000121
371	0.00000117
372	0.00000113
373	0.00000110
374	0.00000106
375	0.00000103
376	0.00000100
377	0.00000097
378	0.00000094
379	0.00000091
380	0.00000088
381	0.00000085
382	0.00000083
383	0.00000080
384	0.00000078
385	0.00000075
386	0.00000073
387	0.00000071
388	0.00000068
389	0.00000066
390	0.00000064
391	0.00000062
392	0.00000060
393	0.00000058
394	0.00000057
395	0.00000055
396	0.00000053
397	0.00000052
398	0.00000050
399	0.00000048
400	0.00000047
401	0.00000045
402	0.00000044
403	0.00000043
404	0.00000041
405	0.00000040
406	0.00000039
407	0.00000038
408	0.00000036
409	0.00000035
410	0.00000034
411	0.00000033
412	0.00000032
413	0.00000031
414	0.00000030
415	0.00000029
416	0.00000028
417	0.00000027
418	0.00000027
419	0.00000026
420	0.00000025
421	0.00000024
422	0.00000023
423	0.00000023
424	0.00000022
425	0.00000021
426	0.00000021
427	0.00000020
428	0.00000019
429	0.00000019
430	0.00000018
431	0.00000018
432	0.00000017
433	0.00000017
434	0.00000016
435	0.00000016
436	0.00000015
437	0.00000015
438	0.00000014
439	0.00000014
440	0.00000013
441	0.00000013
442	0.00000012
443	0.00000012
444	0.00000012
445	0.00000011
446	0.00000011
447	0.00000011
448	0.00000010
449	0.00000010
450	0.00000010
451	0.00000009
452	0.00000009
453	0.00000009
454	0.00000009
455	0.00000008
456	0.00000008
457	0.00000008
458	0.00000008
459	0.00000007
460	0.00000007
461	0.00000007
462	0.00000007
463	0.00000006
464	0.00000006
465	0.00000006
466	0.00000006
467	0.00000006
468	0.00000005
469	0.00000005
470	0.00000005
471	0.00000005
472	0.00000005
473	0.00000005
474	0.00000005
475	0.00000004
476	0.00000004
477	0.00000004
478	0.00000004
479	0.00000004
480	0.00000004
481	0.00000004
482	0.00000004
483	0.00000003
484	0.00000003
485	0.00000003
486	0.00000003
487	0.00000003
488	0.00000003
489	0.00000003
490	0.00000003
491	0.00000003
492	0.00000003
493	0.00000002
494	0.00000002
495	0.00000002
496	0.00000002
497	0.00000002
498	0.00000002
499	0.00000002
500	0.00000002
501	0.00000002
502	0.00000002
503	0.00000002
504	0.00000002
505	0.00000002
506	0.00000002
507	0.00000002
508	0.00000002
509	0.00000002
510	0.00000001
511	0.00000001
512	0.00000001
513	0.00000001
514	0.00000001
515	0.00000001
516	0.00000001
517	0.00000001
518	0.00000001
519	0.00000001
520	0.00000001
521	0.00000001
522	0.00000001
523	0.00000001
524	0.00000001
525	0.00000001
526	0.00000001
527	0.00000001
528	0.00000001
529	0.00000001
530	0.00000001
531	0.00000001
532	0.00000001
533	0.00000001
534	0.00000001
535	0.00000001
536	0.00000001
537	0.00000001
538	0.00000001
539	0.00000001
540	0.00000001
541	0.00000001
542	0.00000001
543	0.00000001
544	0.00000000
545	0.00000000
546	0.00000000
547	0.00000000
548	0.00000000
549	0.00000000
550	0.00000000
551	0.00000000
552	0.00000000
553	0.00000000
554	0.00000000
555	0.00000000
556	0.00000000
557	0.00000000
558	0.00000000
559	0.00000000
560	0.00000000
561	0.00000000
562	0.00000000
563	0.00000000
564	0.00000000
565	0.00000000
566	0.00000000
567	0.00000000
568	0.00000000
569	0.00000000
570	0.00000000
571	0.00000000
572	0.00000000
573	0.00000000
574	0.00000000
575	0.00000000
576	0.00000000
577	0.00000000
578	0.00000000
579	0.00000000
580	0.00000000
581	0.00000000
582	0.00000000
583	0.00000000
584	0.00000000
585	0.00000000
586	0.00000000
587	0.00000000
588	0.00000000
589	0.00000000
590	0.00000000
591	0.00000000
592	0.00000000
593	0.00000000
594	0.00000000
595	0.00000000
596	0.00000000
597	0.00000000
598	0.00000000
599	0.00000000
600	0.00000000
601	0.00000000
602	0.00000000
603	0.00000000
604	0.00000000
605	0.00000000
606	0.00000000
607	0.00000000
608	0.00000000
609	0.00000000
610	0.00000000
611	0.00000000
612	0.00000000
613	0.00000000
614	0.00000000
615	0.00000000
616	0.00000000
617	0.00000000
618	0.00000000
619	0.00000000
620	0.00000000
621	0.00000000
622	0.00000000
623	0.00000000
624	0.00000000
625	0.00000000
626	0.00000000
627	0.00000000
628	0.00000000
629	0.00000000
630	0.00000000
631	0.00000000
632	0.00000000
633	0.00000000
634	0.00000000
635	0.00000000
636	0.00000000
637	0.00000000
638	0.00000000
639	0.00000000
640	0.00000000
641	0.00000000
642	0.00000000
643	0.00000000
644	0.00000000
645	0.00000000
646	0.00000000
647	0.00000000
648	0.00000000
649	0.00000000
650	0.00000000
651	0.00000000
652	0.00000000
653	0.00000000
654	0.00000000
655	0.00000000
656	0.00000000
657	0.00000000
658	0.00000000
659	0.00000000
660	0.00000000
661	0.00000000
662	0.00000000
663	0.00000000
664	0.00000000
665	0.00000000
666	0.00000000
667	0.00000000
668	0.00000000
669	0.00000000
670	0.00000000
671	0.00000000
672	0.00000000
673	0.00000000
674	0.00000000
675	0.00000000
676	0.00000000
677	0.00000000
678	0.00000000
679	0.00000000
680	0.00000000
681	0.00000000
682	0.00000000
683	0.00000000
684	0.00000000
685	0.00000000
686	0.00000000
687	0.00000000
688	0.00000000
689	0.00000000
690	0.00000000
691	0.00000000
692	0.00000000
693	0.00000000
694	0.00000000
695	0.00000000
696	0.00000000
697	0.00000000
698	0.00000000
699	0.00000000
700	0.00000000
701	0.00000000
702	0.00000000
703	0.00000000
704	0.00000000
705	0.00000000
706	0.00000000
707	0.00000000
708	0.00000000
709	0.00000000
710	0.00000000
711	0.00000000
712	0.00000000
713	0.00000000
714	0.00000000
715	0.00000000
716	0.00000000
717	0.00000000
718	0.00000000
719	0.00000000
720	0.00000000
721	0.00000000
722	0.00000000
723	0.00000000
724	0.00000000
725	0.00000000
726	0.00000000
727	0.00000000
728	0.00000000
729	0.00000000
730	0.00000000
731	0.00000000
732	0.00000000
733	0.00000000
734	0.00000000
735	0.00000000
736	0.00000000
737	0.00000000
738	0.00000000
739	0.00000000
740	0.00000000
741	0.00000000
742	0.00000000
743	0.00000000
744	0.00000000
745	0.00000000
746	0.00000000
747	0.00000000
748	0.00000000
749	0.00000000
750	0.00000000
751	0.00000000
752	0.00000000
753	0.00000000
754	0.00000000
755	0.00000000
756	0.00000000
757	0.00000000
758	0.00000000
759	0.00000000
760	0.00000000
761	0.00000000
762	0.00000000
763	0.00000000
764	0.00000000
765	0.00000000
766	0.00000000
767	0.00000000
768	0.00000000
769	0.00000000
770	0.00000000
771	0.00000000
772	0.00000000
773	0.00000000
774	0.00000000
775	0.00000000
776	0.00000000
777	0.00000000
778	0.00000000
779	0.00000000
780	0.00000000
781	0.00000000
782	0.00000000
783	0.00000000
784	0.00000000
785	0.00000000
786	0.00000000
787	0.00000000
788	0.00000000
789	0.00000000
790	0.00000000
791	0.00000000
792	0.00000000
793	0.00000000
794	0.00000000
795	0.00000000
796	0.00000000
797	0.00000000
798	0.00000000
799	0.00000000
800	0.00000000
801	0.00000000
802	0.00000000
803	0.00000000
804	0.00000000
805	0.00000000
806	0.00000000
807	0.00000000
808	0.00000000
809	0.00000000
810	0.00000000
811	0.00000000
812	0.00000000
813	0.00000000
814	0.00000000
815	0.00000000
816	0.00000000
817	0.00000000
818	0.00000000
819	0.00000000
820	0.00000000
821	0.00000000
822	0.00000000
823	0.00000000
824	0.00000000
825	0.00000000
826	0.00000000
827	0.00000000
828	0.00000000
829	0.00000000
830	0.00000000
831	0.00000000
832	0.00000000
833	0.00000000
834	0.00000000
835	0.00000000
836	0.00000000
837	0.00000000
838	0.00000000
839	0.00000000
840	0.00000000
841	0.00000000
842	0.00000000
843	0.00000000
844	0.00000000
845	0.00000000
846	0.00000000
847	0.00000000
848	0.00000000
849	0.00000000
850	0.00000000
851	0.00000000
852	0.00000000
853	0.00000000
854	0.00000000
855	0.00000000
856	0.00000000
857	0.00000000
858	0.00000000
859	0.00000000
860	0.00000000
861	0.00000000
862	0.00000000
863	0.00000000
864	0.00000000
865	0.00000000
866	0.00000000
867	0.00000000
868	0.00000000
869	0.00000000
870	0.00000000
871	0.00000000
872	0.00000000
873	0.00000000
874	0.00000000
875	0.00000000
876	0.00000000
877	0.00000000
878	0.00000000
879	0.00000000
880	0.00000000
881	0.00000000
882	0.00000000
883	0.00000000
884	0.00000000
885	0.00000000
886	0.00000000
887	0.00000000
888	0.00000000
889	0.00000000
890	0.00000000
891	0.00000000
892	0.00000000
893	0.00000000
894	0.00000000
895	0.00000000
896	0.00000000
897	0.00000000
898	0.00000000
899	0.00000000
900	0.00000000
901	0.00000000
902	0.00000000
903	0.00000000
904	0.00000000
905	0.00000000
906	0.00000000
907	0.00000000
908	0.00000000
909	0.00000000
910	0.00000000
911	0.00000000
912	0.00000000
913	0.00000000
914	0.00000000
915	0.00000000
916	0.00000000
917	0.00000000
918	0.00000000
919	0.00000000
920	0.00000000
921	0.00000000
922	0.00000000
923	0.00000000
924	0.00000000
925	0.00000000
926	0.00000000
927	0.00000000
928	0.00000000
929	0.00000000
930	0.00000000
931	0.00000000
932	0.00000000
933	0.00000000
934	0.00000000
935	0.00000000
936	0.00000000
937	0.00000000
938	0.00000000
939	0.00000000
940	0.00000000
941	0.00000000
942	0.00000000
943	0.00000000
944	0.00000000
945	0.00000000
946	0.00000000
947	0.00000000
948	0.00000000
949	0.00000000
950	0.00000000
951	0.00000000
952	0.00000000
953	0.00000000
954	0.00000000
955	0.00000000
956	0.00000000
957	0.00000000
958	0.00000000
959	0.00000000
960	0.00000000
961	0.00000000
962	0.00000000
963	0.00000000
964	0.00000000
965	0.00000000
966	0.00000000
967	0.00000000
968	0.00000000
969	0.00000000
970	0.00000000
971	0.00000000
972	0.00000000
973	0.00000000
974	0.00000000
975	0.00000000
976	0.00000000
977	0.00000000
978	0.00000000
979	0.00000000
980	0.00000000
981	0.00000000
982	0.00000000
983	0.00000000
984	0.00000000
985	0.00000000
986	0.00000000
987	0.00000000
988	0.00000000
989	0.00000000
990	0.00000000
991	0.00000000
992	0.00000000
993	0.00000000
994	0.00000000
995	0.00000000
996	0.00000000
997	0.00000000
998	0.00000000
999	0.00000000
