0	0.00000000
1	0.00000000
2	0.00000000
3	0.00000000
4	0.00000000
5	0.00000000
6	0.00000000
7	0.00000000
8	0.00000000
9	0.00000000
10	0.00000000
11	0.00000000
12	0.00000000
13	0.00565804
14	0.03813331
15	0.03161276
16	0.03605424
17	0.03110171
18	0.03724563
19	0.04103119
20	0.04272914
21	0.03935452
22	0.03588687
23	0.03116841
24	0.02767687
25	0.02484818
26	0.02298807
27	0.02110078
28	0.02043340
29	0.01931865
30	0.01839087
31	0.01800061
32	0.02083848
33	0.02439678
34	0.02581889
35	0.02819240
36	0.02939788
37	0.02872942
38	0.02788149
39	0.02769412
40	0.02665739
41	0.02619168
42	0.02587206
43	0.02533599
44	0.02468444
45	0.02450093
46	0.02412102
47	0.02340188
48	0.02309516
49	0.02248744
50	0.02182837
51	0.02128055
52	0.02056690
53	0.01991437
54	0.01924782
55	0.01935808
56	0.01951537
57	0.01934872
58	0.01922366
59	0.01876753
60	0.01822256
61	0.01770767
62	0.01733368
63	0.01702412
64	0.01687381
65	0.01673120
66	0.01643197
67	0.01598922
68	0.01555516
69	0.01517070
70	0.01478542
71	0.01434614
72	0.01401373
73	0.01352943
74	0.01313070
75	0.01263204
76	0.01223508
77	0.01190250
78	0.01167520
79	0.01152214
80	0.01123263
81	0.01098330
82	0.01074816
83	0.01042494
84	0.01018416
85	0.00997729
86	0.00969321
87	0.00946010
88	0.00915613
89	0.00890987
90	0.00861505
91	0.00834489
92	0.00807683
93	0.00781237
94	0.00754818
95	0.00731038
96	0.00707802
97	0.00684871
98	0.00662037
99	0.00640962
100	0.00621014
101	0.00603624
102	0.00589906
103	0.00575528
104	0.00557920
105	0.00541967
106	0.00525666
107	0.00508648
108	0.00492668
109	0.00477752
110	0.00462093
111	0.00448230
112	0.00434439
113	0.00420812
114	0.00407383
115	0.00394439
116	0.00381987
117	0.00369985
118	0.00358360
119	0.00347224
120	0.00336272
121	0.00325779
122	0.00315599
123	0.00305752
124	0.00296462
125	0.00287819
126	0.00278736
127	0.00270489
128	0.00261763
129	0.00253760
130	0.00245824
131	0.00238205
132	0.00230813
133	0.00223659
134	0.00216714
135	0.00209992
136	0.00203473
137	0.00197156
138	0.00191030
139	0.00185090
140	0.00179334
141	0.00173759
142	0.00168357
143	0.00163124
144	0.00158054
145	0.00153141
146	0.00148382
147	0.00143773
148	0.00139310
149	0.00134988
150	0.00130801
151	0.00126742
152	0.00122810
153	0.00118999
154	0.00115306
155	0.00111727
156	0.00108259
157	0.00104899
158	0.00101643
159	0.00098489
160	0.00095432
161	0.00092469
162	0.00089599
163	0.00086818
164	0.00084123
165	0.00081511
166	0.00078981
167	0.00076529
168	0.00074153
169	0.00071851
170	0.00069620
171	0.00067458
172	0.00065364
173	0.00063335
174	0.00061369
175	0.00059464
176	0.00057618
177	0.00055829
178	0.00054096
179	0.00052417
180	0.00050790
181	0.00049213
182	0.00047685
183	0.00046205
184	0.00044771
185	0.00043381
186	0.00042034
187	0.00040729
188	0.00039465
189	0.00038240
190	0.00037053
191	0.00035903
192	0.00034788
193	0.00033708
194	0.00032662
195	0.00031648
196	0.00030665
197	0.00029713
198	0.00028791
199	0.00027897
200	0.00027031
201	0.00026192
202	0.00025379
203	0.00024591
204	0.00023828
205	0.00023088
206	0.00022371
207	0.00021677
208	0.00021004
209	0.00020352
210	0.00019720
211	0.00019108
212	0.00018515
213	0.00017940
214	0.00017383
215	0.00016844
216	0.00016321
217	0.00015814
218	0.00015323
219	0.00014847
220	0.00014386
221	0.00013940
222	0.00013507
223	0.00013088
224	0.00012682
225	0.00012288
226	0.00011906
227	0.00011537
228	0.00011179
229	0.00010832
230	0.00010495
231	0.00010170
232	0.00009854
233	0.00009548
234	0.00009252
235	0.00008964
236	0.00008686
237	0.00008416
238	0.00008155
239	0.00007902
240	0.00007657
241	0.00007419
242	0.00007189
243	0.00006966
244	0.00006749
245	0.00006540
246	0.00006337
247	0.00006140
248	0.00005950
249	0.00005765
250	0.00005586
251	0.00005412
252	0.00005244
253	0.00005082
254	0.00004924
255	0.00004771
256	0.00004623
257	0.00004479
258	0.00004340
259	0.00004206
260	0.00004075
261	0.00003949
262	0.00003826
263	0.00003707
264	0.00003592
265	0.00003481
266	0.00003373
267	0.00003268
268	0.00003166
269	0.00003068
270	0.00002973
271	0.00002881
272	0.00002791
273	0.00002705
274	0.00002621
275	0.00002539
276	0.00002460
277	0.00002384
278	0.00002310
279	0.00002238
280	0.00002169
281	0.00002101
282	0.00002036
283	0.00001973
284	0.00001912
285	0.00001852
286	0.00001795
287	0.00001739
288	0.00001685
289	0.00001633
290	0.00001582
291	0.00001533
292	0.00001486
293	0.00001439
294	0.00001395
295	0.00001351
296	0.00001309
297	0.00001269
298	0.00001229
299	0.00001191
300	0.00001154
301	0.00001118
302	0.00001084
303	0.00001050
304	0.00001017
305	0.00000986
306	0.00000955
307	0.00000926
308	0.00000897
309	0.00000869
310	0.00000842
311	0.00000816
312	0.00000791
313	0.00000766
314	0.00000742
315	0.00000719
316	0.00000697
317	0.00000675
318	0.00000654
319	0.00000634
320	0.00000614
321	0.00000595
322	0.00000577
323	0.00000559
324	0.00000542
325	0.00000525
326	0.00000508
327	0.00000493
328	0.00000477
329	0.00000463
330	0.00000448
331	0.00000434
332	0.00000421
333	0.00000408
334	0.00000395
335	0.00000383
336	0.00000371
337	0.00000359
338	0.00000348
339	0.00000337
340	0.00000327
341	0.00000317
342	0.00000307
343	0.00000297
344	0.00000288
345	0.00000279
346	0.00000271
347	0.00000262
348	0.00000254
349	0.00000246
350	0.00000239
351	0.00000231
352	0.00000224
353	0.00000217
354	0.00000210
355	0.00000204
356	0.00000197
357	0.00000191
358	0.00000185
359	0.00000180
360	0.00000174
361	0.00000169
362	0.00000163
363	0.00000158
364	0.00000153
365	0.00000149
366	0.00000144
367	0.00000140
368	0.00000135
369	0.00000131
370	0.00000127
371	0.00000123
372	0.00000119
373	0.00000115
374	0.00000112
375	0.00000108
376	0.00000105
377	0.00000102
378	0.00000099
379	0.00000096
380	0.00000093
381	0.00000090
382	0.00000087
383	0.00000084
384	0.00000082
385	0.00000079
386	0.00000077
387	0.00000074
388	0.00000072
389	0.00000070
390	0.00000068
391	0.00000065
392	0.00000063
393	0.00000061
394	0.00000060
395	0.00000058
396	0.00000056
397	0.00000054
398	0.00000052
399	0.00000051
400	0.00000049
401	0.00000048
402	0.00000046
403	0.00000045
404	0.00000043
405	0.00000042
406	0.00000041
407	0.00000040
408	0.00000038
409	0.00000037
410	0.00000036
411	0.00000035
412	0.00000034
413	0.00000033
414	0.00000032
415	0.00000031
416	0.00000030
417	0.00000029
418	0.00000028
419	0.00000027
420	0.00000026
421	0.00000025
422	0.00000025
423	0.00000024
424	0.00000023
425	0.00000022
426	0.00000022
427	0.00000021
428	0.00000020
429	0.00000020
430	0.00000019
431	0.00000019
432	0.00000018
433	0.00000017
434	0.00000017
435	0.00000016
436	0.00000016
437	0.00000015
438	0.00000015
439	0.00000014
440	0.00000014
441	0.00000014
442	0.00000013
443	0.00000013
444	0.00000012
445	0.00000012
446	0.00000012
447	0.00000011
448	0.00000011
449	0.00000011
450	0.00000010
451	0.00000010
452	0.00000010
453	0.00000009
454	0.00000009
455	0.00000009
456	0.00000008
457	0.00000008
458	0.00000008
459	0.00000008
460	0.00000007
461	0.00000007
462	0.00000007
463	0.00000007
464	0.00000007
465	0.00000006
466	0.00000006
467	0.00000006
468	0.00000006
469	0.00000006
470	0.00000005
471	0.00000005
472	0.00000005
473	0.00000005
474	0.00000005
475	0.00000005
476	0.00000004
477	0.00000004
478	0.00000004
479	0.00000004
480	0.00000004
481	0.00000004
482	0.00000004
483	0.00000004
484	0.00000003
485	0.00000003
486	0.00000003
487	0.00000003
488	0.00000003
489	0.00000003
490	0.00000003
491	0.00000003
492	0.00000003
493	0.00000003
494	0.00000003
495	0.00000002
496	0.00000002
497	0.00000002
498	0.00000002
499	0.00000002
500	0.00000002
501	0.00000002
502	0.00000002
503	0.00000002
504	0.00000002
505	0.00000002
506	0.00000002
507	0.00000002
508	0.00000002
509	0.00000002
510	0.00000002
511	0.00000001
512	0.00000001
513	0.00000001
514	0.00000001
515	0.00000001
516	0.00000001
517	0.00000001
518	0.00000001
519	0.00000001
520	0.00000001
521	0.00000001
522	0.00000001
523	0.00000001
524	0.00000001
525	0.00000001
526	0.00000001
527	0.00000001
528	0.00000001
529	0.00000001
530	0.00000001
531	0.00000001
532	0.00000001
533	0.00000001
534	0.00000001
535	0.00000001
536	0.00000001
537	0.00000001
538	0.00000001
539	0.00000001
540	0.00000001
541	0.00000001
542	0.00000001
543	0.00000001
544	0.00000001
545	0.00000001
546	0.00000000
547	0.00000000
548	0.00000000
549	0.00000000
550	0.00000000
551	0.00000000
552	0.00000000
553	0.00000000
554	0.00000000
555	0.00000000
556	0.00000000
557	0.00000000
558	0.00000000
559	0.00000000
560	0.00000000
561	0.00000000
562	0.00000000
563	0.00000000
564	0.00000000
565	0.00000000
566	0.00000000
567	0.00000000
568	0.00000000
569	0.00000000
570	0.00000000
571	0.00000000
572	0.00000000
573	0.00000000
574	0.00000000
575	0.00000000
576	0.00000000
577	0.00000000
578	0.00000000
579	0.00000000
580	0.00000000
581	0.00000000
582	0.00000000
583	0.00000000
584	0.00000000
585	0.00000000
586	0.00000000
587	0.00000000
588	0.00000000
589	0.00000000
590	0.00000000
591	0.00000000
592	0.00000000
593	0.00000000
594	0.00000000
595	0.00000000
596	0.00000000
597	0.00000000
598	0.00000000
599	0.00000000
600	0.00000000
601	0.00000000
602	0.00000000
603	0.00000000
604	0.00000000
605	0.00000000
606	0.00000000
607	0.00000000
608	0.00000000
609	0.00000000
610	0.00000000
611	0.00000000
612	0.00000000
613	0.00000000
614	0.00000000
615	0.00000000
616	0.00000000
617	0.00000000
618	0.00000000
619	0.00000000
620	0.00000000
621	0.00000000
622	0.00000000
623	0.00000000
624	0.00000000
625	0.00000000
626	0.00000000
627	0.00000000
628	0.00000000
629	0.00000000
630	0.00000000
631	0.00000000
632	0.00000000
633	0.00000000
634	0.00000000
635	0.00000000
636	0.00000000
637	0.00000000
638	0.00000000
639	0.00000000
640	0.00000000
641	0.00000000
642	0.00000000
643	0.00000000
644	0.00000000
645	0.00000000
646	0.00000000
647	0.00000000
648	0.00000000
649	0.00000000
650	0.00000000
651	0.00000000
652	0.00000000
653	0.00000000
654	0.00000000
655	0.00000000
656	0.00000000
657	0.00000000
658	0.00000000
659	0.00000000
660	0.00000000
661	0.00000000
662	0.00000000
663	0.00000000
664	0.00000000
665	0.00000000
666	0.00000000
667	0.00000000
668	0.00000000
669	0.00000000
670	0.00000000
671	0.00000000
672	0.00000000
673	0.00000000
674	0.00000000
675	0.00000000
676	0.00000000
677	0.00000000
678	0.00000000
679	0.00000000
680	0.00000000
681	0.00000000
682	0.00000000
683	0.00000000
684	0.00000000
685	0.00000000
686	0.00000000
687	0.00000000
688	0.00000000
689	0.00000000
690	0.00000000
691	0.00000000
692	0.00000000
693	0.00000000
694	0.00000000
695	0.00000000
696	0.00000000
697	0.00000000
698	0.00000000
699	0.00000000
700	0.00000000
701	0.00000000
702	0.00000000
703	0.00000000
704	0.00000000
705	0.00000000
706	0.00000000
707	0.00000000
708	0.00000000
709	0.00000000
710	0.00000000
711	0.00000000
712	0.00000000
713	0.00000000
714	0.00000000
715	0.00000000
716	0.00000000
717	0.00000000
718	0.00000000
719	0.00000000
720	0.00000000
721	0.00000000
722	0.00000000
723	0.00000000
724	0.00000000
725	0.00000000
726	0.00000000
727	0.00000000
728	0.00000000
729	0.00000000
730	0.00000000
731	0.00000000
732	0.00000000
733	0.00000000
734	0.00000000
735	0.00000000
736	0.00000000
737	0.00000000
738	0.00000000
739	0.00000000
740	0.00000000
741	0.00000000
742	0.00000000
743	0.00000000
744	0.00000000
745	0.00000000
746	0.00000000
747	0.00000000
748	0.00000000
749	0.00000000
750	0.00000000
751	0.00000000
752	0.00000000
753	0.00000000
754	0.00000000
755	0.00000000
756	0.00000000
757	0.00000000
758	0.00000000
759	0.00000000
760	0.00000000
761	0.00000000
762	0.00000000
763	0.00000000
764	0.00000000
765	0.00000000
766	0.00000000
767	0.00000000
768	0.00000000
769	0.00000000
770	0.00000000
771	0.00000000
772	0.00000000
773	0.00000000
774	0.00000000
775	0.00000000
776	0.00000000
777	0.00000000
778	0.00000000
779	0.00000000
780	0.00000000
781	0.00000000
782	0.00000000
783	0.00000000
784	0.00000000
785	0.00000000
786	0.00000000
787	0.00000000
788	0.00000000
789	0.00000000
790	0.00000000
791	0.00000000
792	0.00000000
793	0.00000000
794	0.00000000
795	0.00000000
796	0.00000000
797	0.00000000
798	0.00000000
799	0.00000000
800	0.00000000
801	0.00000000
802	0.00000000
803	0.00000000
804	0.00000000
805	0.00000000
806	0.00000000
807	0.00000000
808	0.00000000
809	0.00000000
810	0.00000000
811	0.00000000
812	0.00000000
813	0.00000000
814	0.00000000
815	0.00000000
816	0.00000000
817	0.00000000
818	0.00000000
819	0.00000000
820	0.00000000
821	0.00000000
822	0.00000000
823	0.00000000
824	0.00000000
825	0.00000000
826	0.00000000
827	0.00000000
828	0.00000000
829	0.00000000
830	0.00000000
831	0.00000000
832	0.00000000
833	0.00000000
834	0.00000000
835	0.00000000
836	0.00000000
837	0.00000000
838	0.00000000
839	0.00000000
840	0.00000000
841	0.00000000
842	0.00000000
843	0.00000000
844	0.00000000
845	0.00000000
846	0.00000000
847	0.00000000
848	0.00000000
849	0.00000000
850	0.00000000
851	0.00000000
852	0.00000000
853	0.00000000
854	0.00000000
855	0.00000000
856	0.00000000
857	0.00000000
858	0.00000000
859	0.00000000
860	0.00000000
861	0.00000000
862	0.00000000
863	0.00000000
864	0.00000000
865	0.00000000
866	0.00000000
867	0.00000000
868	0.00000000
869	0.00000000
870	0.00000000
871	0.00000000
872	0.00000000
873	0.00000000
874	0.00000000
875	0.00000000
876	0.00000000
877	0.00000000
878	0.00000000
879	0.00000000
880	0.00000000
881	0.00000000
882	0.00000000
883	0.00000000
884	0.00000000
885	0.00000000
886	0.00000000
887	0.00000000
888	0.00000000
889	0.00000000
890	0.00000000
891	0.00000000
892	0.00000000
893	0.00000000
894	0.00000000
895	0.00000000
896	0.00000000
897	0.00000000
898	0.00000000
899	0.00000000
900	0.00000000
901	0.00000000
902	0.00000000
903	0.00000000
904	0.00000000
905	0.00000000
906	0.00000000
907	0.00000000
908	0.00000000
909	0.00000000
910	0.00000000
911	0.00000000
912	0.00000000
913	0.00000000
914	0.00000000
915	0.00000000
916	0.00000000
917	0.00000000
918	0.00000000
919	0.00000000
920	0.00000000
921	0.00000000
922	0.00000000
923	0.00000000
924	0.00000000
925	0.00000000
926	0.00000000
927	0.00000000
928	0.00000000
929	0.00000000
930	0.00000000
931	0.00000000
932	0.00000000
933	0.00000000
934	0.00000000
935	0.00000000
936	0.00000000
937	0.00000000
938	0.00000000
939	0.00000000
940	0.00000000
941	0.00000000
942	0.00000000
943	0.00000000
944	0.00000000
945	0.00000000
946	0.00000000
947	0.00000000
948	0.00000000
949	0.00000000
950	0.00000000
951	0.00000000
952	0.00000000
953	0.00000000
954	0.00000000
955	0.00000000
956	0.00000000
957	0.00000000
958	0.00000000
959	0.00000000
960	0.00000000
961	0.00000000
962	0.00000000
963	0.00000000
964	0.00000000
965	0.00000000
966	0.00000000
967	0.00000000
968	0.00000000
969	0.00000000
970	0.00000000
971	0.00000000
972	0.00000000
973	0.00000000
974	0.00000000
975	0.00000000
976	0.00000000
977	0.00000000
978	0.00000000
979	0.00000000
980	0.00000000
981	0.00000000
982	0.00000000
983	0.00000000
984	0.00000000
985	0.00000000
986	0.00000000
987	0.00000000
988	0.00000000
989	0.00000000
990	0.00000000
991	0.00000000
992	0.00000000
993	0.00000000
994	0.00000000
995	0.00000000
996	0.00000000
997	0.00000000
998	0.00000000
999	0.00000000
