0	0.00000000
1	0.00000000
2	0.00000000
3	0.00000000
4	0.00000000
5	0.00000000
6	0.00000000
7	0.00000000
8	0.00000000
9	0.00000000
10	0.00000000
11	0.00000000
12	0.00000000
13	0.01322435
14	0.08450159
15	0.06490829
16	0.06746861
17	0.04795961
18	0.04475625
19	0.04231346
20	0.04136453
21	0.03601955
22	0.03219940
23	0.02786571
24	0.02434345
25	0.02166234
26	0.01977258
27	0.01836222
28	0.01780300
29	0.01697951
30	0.01641360
31	0.01627884
32	0.02046794
33	0.02558606
34	0.02649065
35	0.02826237
36	0.03007564
37	0.02942017
38	0.02826483
39	0.02810624
40	0.02704818
41	0.02688981
42	0.02614388
43	0.02590032
44	0.02537375
45	0.02516513
46	0.02489987
47	0.02409086
48	0.02357512
49	0.02272313
50	0.02192535
51	0.02121142
52	0.02042794
53	0.01981790
54	0.01915627
55	0.01941066
56	0.01958689
57	0.01941688
58	0.01943962
59	0.01904197
60	0.01857589
61	0.01809695
62	0.01774429
63	0.01758616
64	0.01741730
65	0.01724428
66	0.01685549
67	0.01639589
68	0.01583949
69	0.01547815
70	0.01501160
71	0.01456214
72	0.01418153
73	0.01372590
74	0.01327449
75	0.01276689
76	0.01240368
77	0.01206049
78	0.01189044
79	0.01173445
80	0.01150429
81	0.01123410
82	0.01102286
83	0.01073428
84	0.01047979
85	0.01025320
86	0.00996119
87	0.00971587
88	0.00940824
89	0.00912110
90	0.00880906
91	0.00855164
92	0.00825648
93	0.00799142
94	0.00771738
95	0.00747690
96	0.00724501
97	0.00700535
98	0.00677016
99	0.00655697
100	0.00635429
101	0.00617121
102	0.00603403
103	0.00590089
104	0.00572262
105	0.00557239
106	0.00540391
107	0.00523098
108	0.00506642
109	0.00490368
110	0.00474426
111	0.00459917
112	0.00445740
113	0.00431783
114	0.00417836
115	0.00404442
116	0.00391701
117	0.00379392
118	0.00367423
119	0.00355953
120	0.00344756
121	0.00333997
122	0.00323577
123	0.00313485
124	0.00303922
125	0.00295044
126	0.00285912
127	0.00277561
128	0.00268523
129	0.00260432
130	0.00252226
131	0.00244431
132	0.00236831
133	0.00229491
134	0.00222362
135	0.00215453
136	0.00208763
137	0.00202279
138	0.00195984
139	0.00189886
140	0.00183977
141	0.00178254
142	0.00172710
143	0.00167338
144	0.00162135
145	0.00157095
146	0.00152212
147	0.00147483
148	0.00142904
149	0.00138471
150	0.00134177
151	0.00130015
152	0.00125983
153	0.00122074
154	0.00118286
155	0.00114615
156	0.00111059
157	0.00107612
158	0.00104272
159	0.00101036
160	0.00097900
161	0.00094861
162	0.00091917
163	0.00089063
164	0.00086298
165	0.00083619
166	0.00081023
167	0.00078508
168	0.00076070
169	0.00073708
170	0.00071420
171	0.00069203
172	0.00067054
173	0.00064973
174	0.00062956
175	0.00061001
176	0.00059107
177	0.00057273
178	0.00055495
179	0.00053772
180	0.00052103
181	0.00050485
182	0.00048918
183	0.00047400
184	0.00045928
185	0.00044503
186	0.00043121
187	0.00041783
188	0.00040485
189	0.00039229
190	0.00038011
191	0.00036831
192	0.00035688
193	0.00034580
194	0.00033506
195	0.00032466
196	0.00031458
197	0.00030482
198	0.00029535
199	0.00028619
200	0.00027730
201	0.00026869
202	0.00026035
203	0.00025227
204	0.00024444
205	0.00023685
206	0.00022950
207	0.00022237
208	0.00021547
209	0.00020878
210	0.00020230
211	0.00019602
212	0.00018994
213	0.00018404
214	0.00017833
215	0.00017279
216	0.00016743
217	0.00016223
218	0.00015719
219	0.00015231
220	0.00014758
221	0.00014300
222	0.00013856
223	0.00013426
224	0.00013009
225	0.00012606
226	0.00012214
227	0.00011835
228	0.00011468
229	0.00011112
230	0.00010767
231	0.00010433
232	0.00010109
233	0.00009795
234	0.00009491
235	0.00009196
236	0.00008911
237	0.00008634
238	0.00008366
239	0.00008106
240	0.00007855
241	0.00007611
242	0.00007375
243	0.00007146
244	0.00006924
245	0.00006709
246	0.00006501
247	0.00006299
248	0.00006103
249	0.00005914
250	0.00005730
251	0.00005552
252	0.00005380
253	0.00005213
254	0.00005051
255	0.00004894
256	0.00004742
257	0.00004595
258	0.00004453
259	0.00004314
260	0.00004180
261	0.00004051
262	0.00003925
263	0.00003803
264	0.00003685
265	0.00003571
266	0.00003460
267	0.00003352
268	0.00003248
269	0.00003147
270	0.00003050
271	0.00002955
272	0.00002863
273	0.00002774
274	0.00002688
275	0.00002605
276	0.00002524
277	0.00002446
278	0.00002370
279	0.00002296
280	0.00002225
281	0.00002156
282	0.00002089
283	0.00002024
284	0.00001961
285	0.00001900
286	0.00001841
287	0.00001784
288	0.00001729
289	0.00001675
290	0.00001623
291	0.00001573
292	0.00001524
293	0.00001477
294	0.00001431
295	0.00001386
296	0.00001343
297	0.00001302
298	0.00001261
299	0.00001222
300	0.00001184
301	0.00001147
302	0.00001112
303	0.00001077
304	0.00001044
305	0.00001011
306	0.00000980
307	0.00000950
308	0.00000920
309	0.00000892
310	0.00000864
311	0.00000837
312	0.00000811
313	0.00000786
314	0.00000761
315	0.00000738
316	0.00000715
317	0.00000693
318	0.00000671
319	0.00000650
320	0.00000630
321	0.00000611
322	0.00000592
323	0.00000573
324	0.00000556
325	0.00000538
326	0.00000522
327	0.00000505
328	0.00000490
329	0.00000474
330	0.00000460
331	0.00000445
332	0.00000432
333	0.00000418
334	0.00000405
335	0.00000393
336	0.00000381
337	0.00000369
338	0.00000357
339	0.00000346
340	0.00000335
341	0.00000325
342	0.00000315
343	0.00000305
344	0.00000296
345	0.00000286
346	0.00000278
347	0.00000269
348	0.00000261
349	0.00000253
350	0.00000245
351	0.00000237
352	0.00000230
353	0.00000223
354	0.00000216
355	0.00000209
356	0.00000203
357	0.00000196
358	0.00000190
359	0.00000184
360	0.00000179
361	0.00000173
362	0.00000168
363	0.00000162
364	0.00000157
365	0.00000152
366	0.00000148
367	0.00000143
368	0.00000139
369	0.00000134
370	0.00000130
371	0.00000126
372	0.00000122
373	0.00000118
374	0.00000115
375	0.00000111
376	0.00000108
377	0.00000104
378	0.00000101
379	0.00000098
380	0.00000095
381	0.00000092
382	0.00000089
383	0.00000086
384	0.00000084
385	0.00000081
386	0.00000079
387	0.00000076
388	0.00000074
389	0.00000072
390	0.00000069
391	0.00000067
392	0.00000065
393	0.00000063
394	0.00000061
395	0.00000059
396	0.00000057
397	0.00000056
398	0.00000054
399	0.00000052
400	0.00000051
401	0.00000049
402	0.00000047
403	0.00000046
404	0.00000045
405	0.00000043
406	0.00000042
407	0.00000041
408	0.00000039
409	0.00000038
410	0.00000037
411	0.00000036
412	0.00000035
413	0.00000034
414	0.00000033
415	0.00000032
416	0.00000031
417	0.00000030
418	0.00000029
419	0.00000028
420	0.00000027
421	0.00000026
422	0.00000025
423	0.00000024
424	0.00000024
425	0.00000023
426	0.00000022
427	0.00000022
428	0.00000021
429	0.00000020
430	0.00000020
431	0.00000019
432	0.00000018
433	0.00000018
434	0.00000017
435	0.00000017
436	0.00000016
437	0.00000016
438	0.00000015
439	0.00000015
440	0.00000014
441	0.00000014
442	0.00000013
443	0.00000013
444	0.00000013
445	0.00000012
446	0.00000012
447	0.00000011
448	0.00000011
449	0.00000011
450	0.00000010
451	0.00000010
452	0.00000010
453	0.00000010
454	0.00000009
455	0.00000009
456	0.00000009
457	0.00000008
458	0.00000008
459	0.00000008
460	0.00000008
461	0.00000007
462	0.00000007
463	0.00000007
464	0.00000007
465	0.00000007
466	0.00000006
467	0.00000006
468	0.00000006
469	0.00000006
470	0.00000006
471	0.00000005
472	0.00000005
473	0.00000005
474	0.00000005
475	0.00000005
476	0.00000005
477	0.00000004
478	0.00000004
479	0.00000004
480	0.00000004
481	0.00000004
482	0.00000004
483	0.00000004
484	0.00000004
485	0.00000003
486	0.00000003
487	0.00000003
488	0.00000003
489	0.00000003
490	0.00000003
491	0.00000003
492	0.00000003
493	0.00000003
494	0.00000003
495	0.00000003
496	0.00000002
497	0.00000002
498	0.00000002
499	0.00000002
500	0.00000002
501	0.00000002
502	0.00000002
503	0.00000002
504	0.00000002
505	0.00000002
506	0.00000002
507	0.00000002
508	0.00000002
509	0.00000002
510	0.00000002
511	0.00000002
512	0.00000001
513	0.00000001
514	0.00000001
515	0.00000001
516	0.00000001
517	0.00000001
518	0.00000001
519	0.00000001
520	0.00000001
521	0.00000001
522	0.00000001
523	0.00000001
524	0.00000001
525	0.00000001
526	0.00000001
527	0.00000001
528	0.00000001
529	0.00000001
530	0.00000001
531	0.00000001
532	0.00000001
533	0.00000001
534	0.00000001
535	0.00000001
536	0.00000001
537	0.00000001
538	0.00000001
539	0.00000001
540	0.00000001
541	0.00000001
542	0.00000001
543	0.00000001
544	0.00000001
545	0.00000001
546	0.00000001
547	0.00000000
548	0.00000000
549	0.00000000
550	0.00000000
551	0.00000000
552	0.00000000
553	0.00000000
554	0.00000000
555	0.00000000
556	0.00000000
557	0.00000000
558	0.00000000
559	0.00000000
560	0.00000000
561	0.00000000
562	0.00000000
563	0.00000000
564	0.00000000
565	0.00000000
566	0.00000000
567	0.00000000
568	0.00000000
569	0.00000000
570	0.00000000
571	0.00000000
572	0.00000000
573	0.00000000
574	0.00000000
575	0.00000000
576	0.00000000
577	0.00000000
578	0.00000000
579	0.00000000
580	0.00000000
581	0.00000000
582	0.00000000
583	0.00000000
584	0.00000000
585	0.00000000
586	0.00000000
587	0.00000000
588	0.00000000
589	0.00000000
590	0.00000000
591	0.00000000
592	0.00000000
593	0.00000000
594	0.00000000
595	0.00000000
596	0.00000000
597	0.00000000
598	0.00000000
599	0.00000000
600	0.00000000
601	0.00000000
602	0.00000000
603	0.00000000
604	0.00000000
605	0.00000000
606	0.00000000
607	0.00000000
608	0.00000000
609	0.00000000
610	0.00000000
611	0.00000000
612	0.00000000
613	0.00000000
614	0.00000000
615	0.00000000
616	0.00000000
617	0.00000000
618	0.00000000
619	0.00000000
620	0.00000000
621	0.00000000
622	0.00000000
623	0.00000000
624	0.00000000
625	0.00000000
626	0.00000000
627	0.00000000
628	0.00000000
629	0.00000000
630	0.00000000
631	0.00000000
632	0.00000000
633	0.00000000
634	0.00000000
635	0.00000000
636	0.00000000
637	0.00000000
638	0.00000000
639	0.00000000
640	0.00000000
641	0.00000000
642	0.00000000
643	0.00000000
644	0.00000000
645	0.00000000
646	0.00000000
647	0.00000000
648	0.00000000
649	0.00000000
650	0.00000000
651	0.00000000
652	0.00000000
653	0.00000000
654	0.00000000
655	0.00000000
656	0.00000000
657	0.00000000
658	0.00000000
659	0.00000000
660	0.00000000
661	0.00000000
662	0.00000000
663	0.00000000
664	0.00000000
665	0.00000000
666	0.00000000
667	0.00000000
668	0.00000000
669	0.00000000
670	0.00000000
671	0.00000000
672	0.00000000
673	0.00000000
674	0.00000000
675	0.00000000
676	0.00000000
677	0.00000000
678	0.00000000
679	0.00000000
680	0.00000000
681	0.00000000
682	0.00000000
683	0.00000000
684	0.00000000
685	0.00000000
686	0.00000000
687	0.00000000
688	0.00000000
689	0.00000000
690	0.00000000
691	0.00000000
692	0.00000000
693	0.00000000
694	0.00000000
695	0.00000000
696	0.00000000
697	0.00000000
698	0.00000000
699	0.00000000
700	0.00000000
701	0.00000000
702	0.00000000
703	0.00000000
704	0.00000000
705	0.00000000
706	0.00000000
707	0.00000000
708	0.00000000
709	0.00000000
710	0.00000000
711	0.00000000
712	0.00000000
713	0.00000000
714	0.00000000
715	0.00000000
716	0.00000000
717	0.00000000
718	0.00000000
719	0.00000000
720	0.00000000
721	0.00000000
722	0.00000000
723	0.00000000
724	0.00000000
725	0.00000000
726	0.00000000
727	0.00000000
728	0.00000000
729	0.00000000
730	0.00000000
731	0.00000000
732	0.00000000
733	0.00000000
734	0.00000000
735	0.00000000
736	0.00000000
737	0.00000000
738	0.00000000
739	0.00000000
740	0.00000000
741	0.00000000
742	0.00000000
743	0.00000000
744	0.00000000
745	0.00000000
746	0.00000000
747	0.00000000
748	0.00000000
749	0.00000000
750	0.00000000
751	0.00000000
752	0.00000000
753	0.00000000
754	0.00000000
755	0.00000000
756	0.00000000
757	0.00000000
758	0.00000000
759	0.00000000
760	0.00000000
761	0.00000000
762	0.00000000
763	0.00000000
764	0.00000000
765	0.00000000
766	0.00000000
767	0.00000000
768	0.00000000
769	0.00000000
770	0.00000000
771	0.00000000
772	0.00000000
773	0.00000000
774	0.00000000
775	0.00000000
776	0.00000000
777	0.00000000
778	0.00000000
779	0.00000000
780	0.00000000
781	0.00000000
782	0.00000000
783	0.00000000
784	0.00000000
785	0.00000000
786	0.00000000
787	0.00000000
788	0.00000000
789	0.00000000
790	0.00000000
791	0.00000000
792	0.00000000
793	0.00000000
794	0.00000000
795	0.00000000
796	0.00000000
797	0.00000000
798	0.00000000
799	0.00000000
800	0.00000000
801	0.00000000
802	0.00000000
803	0.00000000
804	0.00000000
805	0.00000000
806	0.00000000
807	0.00000000
808	0.00000000
809	0.00000000
810	0.00000000
811	0.00000000
812	0.00000000
813	0.00000000
814	0.00000000
815	0.00000000
816	0.00000000
817	0.00000000
818	0.00000000
819	0.00000000
820	0.00000000
821	0.00000000
822	0.00000000
823	0.00000000
824	0.00000000
825	0.00000000
826	0.00000000
827	0.00000000
828	0.00000000
829	0.00000000
830	0.00000000
831	0.00000000
832	0.00000000
833	0.00000000
834	0.00000000
835	0.00000000
836	0.00000000
837	0.00000000
838	0.00000000
839	0.00000000
840	0.00000000
841	0.00000000
842	0.00000000
843	0.00000000
844	0.00000000
845	0.00000000
846	0.00000000
847	0.00000000
848	0.00000000
849	0.00000000
850	0.00000000
851	0.00000000
852	0.00000000
853	0.00000000
854	0.00000000
855	0.00000000
856	0.00000000
857	0.00000000
858	0.00000000
859	0.00000000
860	0.00000000
861	0.00000000
862	0.00000000
863	0.00000000
864	0.00000000
865	0.00000000
866	0.00000000
867	0.00000000
868	0.00000000
869	0.00000000
870	0.00000000
871	0.00000000
872	0.00000000
873	0.00000000
874	0.00000000
875	0.00000000
876	0.00000000
877	0.00000000
878	0.00000000
879	0.00000000
880	0.00000000
881	0.00000000
882	0.00000000
883	0.00000000
884	0.00000000
885	0.00000000
886	0.00000000
887	0.00000000
888	0.00000000
889	0.00000000
890	0.00000000
891	0.00000000
892	0.00000000
893	0.00000000
894	0.00000000
895	0.00000000
896	0.00000000
897	0.00000000
898	0.00000000
899	0.00000000
900	0.00000000
901	0.00000000
902	0.00000000
903	0.00000000
904	0.00000000
905	0.00000000
906	0.00000000
907	0.00000000
908	0.00000000
909	0.00000000
910	0.00000000
911	0.00000000
912	0.00000000
913	0.00000000
914	0.00000000
915	0.00000000
916	0.00000000
917	0.00000000
918	0.00000000
919	0.00000000
920	0.00000000
921	0.00000000
922	0.00000000
923	0.00000000
924	0.00000000
925	0.00000000
926	0.00000000
927	0.00000000
928	0.00000000
929	0.00000000
930	0.00000000
931	0.00000000
932	0.00000000
933	0.00000000
934	0.00000000
935	0.00000000
936	0.00000000
937	0.00000000
938	0.00000000
939	0.00000000
940	0.00000000
941	0.00000000
942	0.00000000
943	0.00000000
944	0.00000000
945	0.00000000
946	0.00000000
947	0.00000000
948	0.00000000
949	0.00000000
950	0.00000000
951	0.00000000
952	0.00000000
953	0.00000000
954	0.00000000
955	0.00000000
956	0.00000000
957	0.00000000
958	0.00000000
959	0.00000000
960	0.00000000
961	0.00000000
962	0.00000000
963	0.00000000
964	0.00000000
965	0.00000000
966	0.00000000
967	0.00000000
968	0.00000000
969	0.00000000
970	0.00000000
971	0.00000000
972	0.00000000
973	0.00000000
974	0.00000000
975	0.00000000
976	0.00000000
977	0.00000000
978	0.00000000
979	0.00000000
980	0.00000000
981	0.00000000
982	0.00000000
983	0.00000000
984	0.00000000
985	0.00000000
986	0.00000000
987	0.00000000
988	0.00000000
989	0.00000000
990	0.00000000
991	0.00000000
992	0.00000000
993	0.00000000
994	0.00000000
995	0.00000000
996	0.00000000
997	0.00000000
998	0.00000000
999	0.00000000
