0	0.00000000
1	0.00000000
2	0.00000000
3	0.00000000
4	0.00000000
5	0.00000000
6	0.00000000
7	0.00000000
8	0.00000000
9	0.00000000
10	0.00000000
11	0.00000000
12	0.00000000
13	0.01075269
14	0.07087473
15	0.05696988
16	0.05938329
17	0.04429883
18	0.04250720
19	0.04172061
20	0.04151497
21	0.03603967
22	0.03262518
23	0.02834070
24	0.02475992
25	0.02186602
26	0.02030552
27	0.01901316
28	0.01846915
29	0.01746940
30	0.01691032
31	0.01666723
32	0.02072225
33	0.02550850
34	0.02617735
35	0.02815434
36	0.02999543
37	0.02933247
38	0.02828710
39	0.02803226
40	0.02707434
41	0.02690614
42	0.02615279
43	0.02584584
44	0.02534902
45	0.02505943
46	0.02491085
47	0.02399999
48	0.02345822
49	0.02270310
50	0.02196605
51	0.02123285
52	0.02046643
53	0.01985145
54	0.01919088
55	0.01952903
56	0.01958463
57	0.01935736
58	0.01939308
59	0.01900062
60	0.01855652
61	0.01803539
62	0.01770378
63	0.01752371
64	0.01737124
65	0.01714636
66	0.01684896
67	0.01635594
68	0.01578382
69	0.01546065
70	0.01500116
71	0.01456959
72	0.01414432
73	0.01371054
74	0.01327649
75	0.01276454
76	0.01241804
77	0.01205884
78	0.01188560
79	0.01173096
80	0.01148546
81	0.01119139
82	0.01100083
83	0.01071729
84	0.01044261
85	0.01021016
86	0.00992148
87	0.00968194
88	0.00938330
89	0.00909357
90	0.00880471
91	0.00852821
92	0.00823388
93	0.00797582
94	0.00770395
95	0.00745423
96	0.00723158
97	0.00698888
98	0.00675631
99	0.00654490
100	0.00633953
101	0.00616053
102	0.00602235
103	0.00588442
104	0.00570371
105	0.00555598
106	0.00538550
107	0.00521259
108	0.00504903
109	0.00488753
110	0.00473222
111	0.00458460
112	0.00444471
113	0.00430760
114	0.00416728
115	0.00403268
116	0.00390717
117	0.00378437
118	0.00366504
119	0.00355053
120	0.00343871
121	0.00333142
122	0.00322757
123	0.00312687
124	0.00303130
125	0.00294242
126	0.00285256
127	0.00276752
128	0.00267820
129	0.00259688
130	0.00251529
131	0.00243752
132	0.00236177
133	0.00228848
134	0.00221754
135	0.00214863
136	0.00208189
137	0.00201722
138	0.00195448
139	0.00189368
140	0.00183477
141	0.00177770
142	0.00172241
143	0.00166885
144	0.00161698
145	0.00156671
146	0.00151802
147	0.00147086
148	0.00142520
149	0.00138099
150	0.00133816
151	0.00129665
152	0.00125642
153	0.00121744
154	0.00117967
155	0.00114306
156	0.00110758
157	0.00107321
158	0.00103990
159	0.00100763
160	0.00097635
161	0.00094604
162	0.00091668
163	0.00088822
164	0.00086065
165	0.00083393
166	0.00080804
167	0.00078295
168	0.00075864
169	0.00073509
170	0.00071227
171	0.00069015
172	0.00066873
173	0.00064797
174	0.00062785
175	0.00060836
176	0.00058948
177	0.00057118
178	0.00055345
179	0.00053627
180	0.00051962
181	0.00050349
182	0.00048786
183	0.00047271
184	0.00045804
185	0.00044382
186	0.00043004
187	0.00041670
188	0.00040376
189	0.00039123
190	0.00037908
191	0.00036731
192	0.00035591
193	0.00034486
194	0.00033416
195	0.00032378
196	0.00031373
197	0.00030399
198	0.00029456
199	0.00028541
200	0.00027655
201	0.00026797
202	0.00025965
203	0.00025159
204	0.00024378
205	0.00023621
206	0.00022888
207	0.00022177
208	0.00021489
209	0.00020822
210	0.00020175
211	0.00019549
212	0.00018942
213	0.00018354
214	0.00017784
215	0.00017232
216	0.00016697
217	0.00016179
218	0.00015677
219	0.00015190
220	0.00014719
221	0.00014262
222	0.00013819
223	0.00013390
224	0.00012974
225	0.00012572
226	0.00012181
227	0.00011803
228	0.00011437
229	0.00011082
230	0.00010738
231	0.00010404
232	0.00010081
233	0.00009768
234	0.00009465
235	0.00009171
236	0.00008887
237	0.00008611
238	0.00008343
239	0.00008084
240	0.00007833
241	0.00007590
242	0.00007355
243	0.00007126
244	0.00006905
245	0.00006691
246	0.00006483
247	0.00006282
248	0.00006087
249	0.00005898
250	0.00005715
251	0.00005537
252	0.00005365
253	0.00005199
254	0.00005038
255	0.00004881
256	0.00004730
257	0.00004583
258	0.00004441
259	0.00004303
260	0.00004169
261	0.00004040
262	0.00003914
263	0.00003793
264	0.00003675
265	0.00003561
266	0.00003450
267	0.00003343
268	0.00003240
269	0.00003139
270	0.00003042
271	0.00002947
272	0.00002856
273	0.00002767
274	0.00002681
275	0.00002598
276	0.00002517
277	0.00002439
278	0.00002363
279	0.00002290
280	0.00002219
281	0.00002150
282	0.00002083
283	0.00002019
284	0.00001956
285	0.00001895
286	0.00001836
287	0.00001779
288	0.00001724
289	0.00001671
290	0.00001619
291	0.00001568
292	0.00001520
293	0.00001473
294	0.00001427
295	0.00001383
296	0.00001340
297	0.00001298
298	0.00001258
299	0.00001219
300	0.00001181
301	0.00001144
302	0.00001109
303	0.00001074
304	0.00001041
305	0.00001009
306	0.00000977
307	0.00000947
308	0.00000918
309	0.00000889
310	0.00000862
311	0.00000835
312	0.00000809
313	0.00000784
314	0.00000759
315	0.00000736
316	0.00000713
317	0.00000691
318	0.00000669
319	0.00000649
320	0.00000629
321	0.00000609
322	0.00000590
323	0.00000572
324	0.00000554
325	0.00000537
326	0.00000520
327	0.00000504
328	0.00000488
329	0.00000473
330	0.00000459
331	0.00000444
332	0.00000430
333	0.00000417
334	0.00000404
335	0.00000392
336	0.00000379
337	0.00000368
338	0.00000356
339	0.00000345
340	0.00000335
341	0.00000324
342	0.00000314
343	0.00000304
344	0.00000295
345	0.00000286
346	0.00000277
347	0.00000268
348	0.00000260
349	0.00000252
350	0.00000244
351	0.00000236
352	0.00000229
353	0.00000222
354	0.00000215
355	0.00000208
356	0.00000202
357	0.00000196
358	0.00000190
359	0.00000184
360	0.00000178
361	0.00000173
362	0.00000167
363	0.00000162
364	0.00000157
365	0.00000152
366	0.00000147
367	0.00000143
368	0.00000138
369	0.00000134
370	0.00000130
371	0.00000126
372	0.00000122
373	0.00000118
374	0.00000114
375	0.00000111
376	0.00000107
377	0.00000104
378	0.00000101
379	0.00000098
380	0.00000095
381	0.00000092
382	0.00000089
383	0.00000086
384	0.00000084
385	0.00000081
386	0.00000078
387	0.00000076
388	0.00000074
389	0.00000071
390	0.00000069
391	0.00000067
392	0.00000065
393	0.00000063
394	0.00000061
395	0.00000059
396	0.00000057
397	0.00000055
398	0.00000054
399	0.00000052
400	0.00000050
401	0.00000049
402	0.00000047
403	0.00000046
404	0.00000044
405	0.00000043
406	0.00000042
407	0.00000040
408	0.00000039
409	0.00000038
410	0.00000037
411	0.00000036
412	0.00000035
413	0.00000033
414	0.00000032
415	0.00000031
416	0.00000030
417	0.00000030
418	0.00000029
419	0.00000028
420	0.00000027
421	0.00000026
422	0.00000025
423	0.00000024
424	0.00000024
425	0.00000023
426	0.00000022
427	0.00000022
428	0.00000021
429	0.00000020
430	0.00000020
431	0.00000019
432	0.00000018
433	0.00000018
434	0.00000017
435	0.00000017
436	0.00000016
437	0.00000016
438	0.00000015
439	0.00000015
440	0.00000014
441	0.00000014
442	0.00000013
443	0.00000013
444	0.00000013
445	0.00000012
446	0.00000012
447	0.00000011
448	0.00000011
449	0.00000011
450	0.00000010
451	0.00000010
452	0.00000010
453	0.00000009
454	0.00000009
455	0.00000009
456	0.00000009
457	0.00000008
458	0.00000008
459	0.00000008
460	0.00000008
461	0.00000007
462	0.00000007
463	0.00000007
464	0.00000007
465	0.00000006
466	0.00000006
467	0.00000006
468	0.00000006
469	0.00000006
470	0.00000006
471	0.00000005
472	0.00000005
473	0.00000005
474	0.00000005
475	0.00000005
476	0.00000005
477	0.00000004
478	0.00000004
479	0.00000004
480	0.00000004
481	0.00000004
482	0.00000004
483	0.00000004
484	0.00000004
485	0.00000003
486	0.00000003
487	0.00000003
488	0.00000003
489	0.00000003
490	0.00000003
491	0.00000003
492	0.00000003
493	0.00000003
494	0.00000003
495	0.00000003
496	0.00000002
497	0.00000002
498	0.00000002
499	0.00000002
500	0.00000002
501	0.00000002
502	0.00000002
503	0.00000002
504	0.00000002
505	0.00000002
506	0.00000002
507	0.00000002
508	0.00000002
509	0.00000002
510	0.00000002
511	0.00000002
512	0.00000001
513	0.00000001
514	0.00000001
515	0.00000001
516	0.00000001
517	0.00000001
518	0.00000001
519	0.00000001
520	0.00000001
521	0.00000001
522	0.00000001
523	0.00000001
524	0.00000001
525	0.00000001
526	0.00000001
527	0.00000001
528	0.00000001
529	0.00000001
530	0.00000001
531	0.00000001
532	0.00000001
533	0.00000001
534	0.00000001
535	0.00000001
536	0.00000001
537	0.00000001
538	0.00000001
539	0.00000001
540	0.00000001
541	0.00000001
542	0.00000001
543	0.00000001
544	0.00000001
545	0.00000001
546	0.00000001
547	0.00000000
548	0.00000000
549	0.00000000
550	0.00000000
551	0.00000000
552	0.00000000
553	0.00000000
554	0.00000000
555	0.00000000
556	0.00000000
557	0.00000000
558	0.00000000
559	0.00000000
560	0.00000000
561	0.00000000
562	0.00000000
563	0.00000000
564	0.00000000
565	0.00000000
566	0.00000000
567	0.00000000
568	0.00000000
569	0.00000000
570	0.00000000
571	0.00000000
572	0.00000000
573	0.00000000
574	0.00000000
575	0.00000000
576	0.00000000
577	0.00000000
578	0.00000000
579	0.00000000
580	0.00000000
581	0.00000000
582	0.00000000
583	0.00000000
584	0.00000000
585	0.00000000
586	0.00000000
587	0.00000000
588	0.00000000
589	0.00000000
590	0.00000000
591	0.00000000
592	0.00000000
593	0.00000000
594	0.00000000
595	0.00000000
596	0.00000000
597	0.00000000
598	0.00000000
599	0.00000000
600	0.00000000
601	0.00000000
602	0.00000000
603	0.00000000
604	0.00000000
605	0.00000000
606	0.00000000
607	0.00000000
608	0.00000000
609	0.00000000
610	0.00000000
611	0.00000000
612	0.00000000
613	0.00000000
614	0.00000000
615	0.00000000
616	0.00000000
617	0.00000000
618	0.00000000
619	0.00000000
620	0.00000000
621	0.00000000
622	0.00000000
623	0.00000000
624	0.00000000
625	0.00000000
626	0.00000000
627	0.00000000
628	0.00000000
629	0.00000000
630	0.00000000
631	0.00000000
632	0.00000000
633	0.00000000
634	0.00000000
635	0.00000000
636	0.00000000
637	0.00000000
638	0.00000000
639	0.00000000
640	0.00000000
641	0.00000000
642	0.00000000
643	0.00000000
644	0.00000000
645	0.00000000
646	0.00000000
647	0.00000000
648	0.00000000
649	0.00000000
650	0.00000000
651	0.00000000
652	0.00000000
653	0.00000000
654	0.00000000
655	0.00000000
656	0.00000000
657	0.00000000
658	0.00000000
659	0.00000000
660	0.00000000
661	0.00000000
662	0.00000000
663	0.00000000
664	0.00000000
665	0.00000000
666	0.00000000
667	0.00000000
668	0.00000000
669	0.00000000
670	0.00000000
671	0.00000000
672	0.00000000
673	0.00000000
674	0.00000000
675	0.00000000
676	0.00000000
677	0.00000000
678	0.00000000
679	0.00000000
680	0.00000000
681	0.00000000
682	0.00000000
683	0.00000000
684	0.00000000
685	0.00000000
686	0.00000000
687	0.00000000
688	0.00000000
689	0.00000000
690	0.00000000
691	0.00000000
692	0.00000000
693	0.00000000
694	0.00000000
695	0.00000000
696	0.00000000
697	0.00000000
698	0.00000000
699	0.00000000
700	0.00000000
701	0.00000000
702	0.00000000
703	0.00000000
704	0.00000000
705	0.00000000
706	0.00000000
707	0.00000000
708	0.00000000
709	0.00000000
710	0.00000000
711	0.00000000
712	0.00000000
713	0.00000000
714	0.00000000
715	0.00000000
716	0.00000000
717	0.00000000
718	0.00000000
719	0.00000000
720	0.00000000
721	0.00000000
722	0.00000000
723	0.00000000
724	0.00000000
725	0.00000000
726	0.00000000
727	0.00000000
728	0.00000000
729	0.00000000
730	0.00000000
731	0.00000000
732	0.00000000
733	0.00000000
734	0.00000000
735	0.00000000
736	0.00000000
737	0.00000000
738	0.00000000
739	0.00000000
740	0.00000000
741	0.00000000
742	0.00000000
743	0.00000000
744	0.00000000
745	0.00000000
746	0.00000000
747	0.00000000
748	0.00000000
749	0.00000000
750	0.00000000
751	0.00000000
752	0.00000000
753	0.00000000
754	0.00000000
755	0.00000000
756	0.00000000
757	0.00000000
758	0.00000000
759	0.00000000
760	0.00000000
761	0.00000000
762	0.00000000
763	0.00000000
764	0.00000000
765	0.00000000
766	0.00000000
767	0.00000000
768	0.00000000
769	0.00000000
770	0.00000000
771	0.00000000
772	0.00000000
773	0.00000000
774	0.00000000
775	0.00000000
776	0.00000000
777	0.00000000
778	0.00000000
779	0.00000000
780	0.00000000
781	0.00000000
782	0.00000000
783	0.00000000
784	0.00000000
785	0.00000000
786	0.00000000
787	0.00000000
788	0.00000000
789	0.00000000
790	0.00000000
791	0.00000000
792	0.00000000
793	0.00000000
794	0.00000000
795	0.00000000
796	0.00000000
797	0.00000000
798	0.00000000
799	0.00000000
800	0.00000000
801	0.00000000
802	0.00000000
803	0.00000000
804	0.00000000
805	0.00000000
806	0.00000000
807	0.00000000
808	0.00000000
809	0.00000000
810	0.00000000
811	0.00000000
812	0.00000000
813	0.00000000
814	0.00000000
815	0.00000000
816	0.00000000
817	0.00000000
818	0.00000000
819	0.00000000
820	0.00000000
821	0.00000000
822	0.00000000
823	0.00000000
824	0.00000000
825	0.00000000
826	0.00000000
827	0.00000000
828	0.00000000
829	0.00000000
830	0.00000000
831	0.00000000
832	0.00000000
833	0.00000000
834	0.00000000
835	0.00000000
836	0.00000000
837	0.00000000
838	0.00000000
839	0.00000000
840	0.00000000
841	0.00000000
842	0.00000000
843	0.00000000
844	0.00000000
845	0.00000000
846	0.00000000
847	0.00000000
848	0.00000000
849	0.00000000
850	0.00000000
851	0.00000000
852	0.00000000
853	0.00000000
854	0.00000000
855	0.00000000
856	0.00000000
857	0.00000000
858	0.00000000
859	0.00000000
860	0.00000000
861	0.00000000
862	0.00000000
863	0.00000000
864	0.00000000
865	0.00000000
866	0.00000000
867	0.00000000
868	0.00000000
869	0.00000000
870	0.00000000
871	0.00000000
872	0.00000000
873	0.00000000
874	0.00000000
875	0.00000000
876	0.00000000
877	0.00000000
878	0.00000000
879	0.00000000
880	0.00000000
881	0.00000000
882	0.00000000
883	0.00000000
884	0.00000000
885	0.00000000
886	0.00000000
887	0.00000000
888	0.00000000
889	0.00000000
890	0.00000000
891	0.00000000
892	0.00000000
893	0.00000000
894	0.00000000
895	0.00000000
896	0.00000000
897	0.00000000
898	0.00000000
899	0.00000000
900	0.00000000
901	0.00000000
902	0.00000000
903	0.00000000
904	0.00000000
905	0.00000000
906	0.00000000
907	0.00000000
908	0.00000000
909	0.00000000
910	0.00000000
911	0.00000000
912	0.00000000
913	0.00000000
914	0.00000000
915	0.00000000
916	0.00000000
917	0.00000000
918	0.00000000
919	0.00000000
920	0.00000000
921	0.00000000
922	0.00000000
923	0.00000000
924	0.00000000
925	0.00000000
926	0.00000000
927	0.00000000
928	0.00000000
929	0.00000000
930	0.00000000
931	0.00000000
932	0.00000000
933	0.00000000
934	0.00000000
935	0.00000000
936	0.00000000
937	0.00000000
938	0.00000000
939	0.00000000
940	0.00000000
941	0.00000000
942	0.00000000
943	0.00000000
944	0.00000000
945	0.00000000
946	0.00000000
947	0.00000000
948	0.00000000
949	0.00000000
950	0.00000000
951	0.00000000
952	0.00000000
953	0.00000000
954	0.00000000
955	0.00000000
956	0.00000000
957	0.00000000
958	0.00000000
959	0.00000000
960	0.00000000
961	0.00000000
962	0.00000000
963	0.00000000
964	0.00000000
965	0.00000000
966	0.00000000
967	0.00000000
968	0.00000000
969	0.00000000
970	0.00000000
971	0.00000000
972	0.00000000
973	0.00000000
974	0.00000000
975	0.00000000
976	0.00000000
977	0.00000000
978	0.00000000
979	0.00000000
980	0.00000000
981	0.00000000
982	0.00000000
983	0.00000000
984	0.00000000
985	0.00000000
986	0.00000000
987	0.00000000
988	0.00000000
989	0.00000000
990	0.00000000
991	0.00000000
992	0.00000000
993	0.00000000
994	0.00000000
995	0.00000000
996	0.00000000
997	0.00000000
998	0.00000000
999	0.00000000
