0	0.00000000
1	0.00000000
2	0.00000000
3	0.00000000
4	0.00000000
5	0.00000000
6	0.00000000
7	0.00000000
8	0.00000000
9	0.00000000
10	0.00000000
11	0.00000000
12	0.00000000
13	0.01078238
14	0.07059806
15	0.05612329
16	0.05895315
17	0.04349087
18	0.04260332
19	0.04133959
20	0.04121575
21	0.03592507
22	0.03268861
23	0.02835883
24	0.02470097
25	0.02176161
26	0.02026851
27	0.01900029
28	0.01860167
29	0.01748160
30	0.01702130
31	0.01679384
32	0.02093712
33	0.02539217
34	0.02616942
35	0.02836004
36	0.02994403
37	0.02912933
38	0.02834231
39	0.02798746
40	0.02704500
41	0.02677359
42	0.02607552
43	0.02579432
44	0.02523162
45	0.02501326
46	0.02487709
47	0.02401822
48	0.02344269
49	0.02272026
50	0.02197099
51	0.02121395
52	0.02052695
53	0.01987895
54	0.01917310
55	0.01956441
56	0.01959121
57	0.01940499
58	0.01939846
59	0.01905348
60	0.01847225
61	0.01799993
62	0.01767270
63	0.01744599
64	0.01734749
65	0.01713782
66	0.01682304
67	0.01635586
68	0.01576806
69	0.01544168
70	0.01498293
71	0.01456750
72	0.01416295
73	0.01368981
74	0.01325249
75	0.01278054
76	0.01241115
77	0.01205731
78	0.01187279
79	0.01173888
80	0.01147736
81	0.01119343
82	0.01102384
83	0.01070341
84	0.01043379
85	0.01021490
86	0.00991144
87	0.00967661
88	0.00938219
89	0.00909683
90	0.00879062
91	0.00851272
92	0.00823245
93	0.00797510
94	0.00769297
95	0.00745238
96	0.00722215
97	0.00698789
98	0.00675674
99	0.00654251
100	0.00633974
101	0.00615849
102	0.00602273
103	0.00587911
104	0.00570433
105	0.00555214
106	0.00538536
107	0.00520699
108	0.00504437
109	0.00488571
110	0.00472973
111	0.00458238
112	0.00444306
113	0.00430125
114	0.00416674
115	0.00403061
116	0.00390461
117	0.00378225
118	0.00366301
119	0.00354888
120	0.00343702
121	0.00332981
122	0.00322596
123	0.00312541
124	0.00303034
125	0.00294251
126	0.00285170
127	0.00276592
128	0.00267687
129	0.00259583
130	0.00251412
131	0.00243640
132	0.00236066
133	0.00228742
134	0.00221639
135	0.00214758
136	0.00208087
137	0.00201621
138	0.00195352
139	0.00189277
140	0.00183388
141	0.00177685
142	0.00172159
143	0.00166805
144	0.00161619
145	0.00156596
146	0.00151729
147	0.00147015
148	0.00142452
149	0.00138033
150	0.00133753
151	0.00129604
152	0.00125584
153	0.00121687
154	0.00117911
155	0.00114252
156	0.00110706
157	0.00107270
158	0.00103940
159	0.00100714
160	0.00097588
161	0.00094559
162	0.00091624
163	0.00088780
164	0.00086024
165	0.00083353
166	0.00080765
167	0.00078258
168	0.00075828
169	0.00073474
170	0.00071193
171	0.00068983
172	0.00066841
173	0.00064766
174	0.00062755
175	0.00060807
176	0.00058920
177	0.00057090
178	0.00055318
179	0.00053601
180	0.00051937
181	0.00050325
182	0.00048763
183	0.00047249
184	0.00045782
185	0.00044361
186	0.00042984
187	0.00041650
188	0.00040357
189	0.00039104
190	0.00037890
191	0.00036714
192	0.00035574
193	0.00034470
194	0.00033400
195	0.00032363
196	0.00031358
197	0.00030385
198	0.00029442
199	0.00028528
200	0.00027642
201	0.00026784
202	0.00025952
203	0.00025147
204	0.00024366
205	0.00023610
206	0.00022877
207	0.00022167
208	0.00021479
209	0.00020812
210	0.00020166
211	0.00019540
212	0.00018933
213	0.00018345
214	0.00017776
215	0.00017224
216	0.00016689
217	0.00016171
218	0.00015669
219	0.00015183
220	0.00014712
221	0.00014255
222	0.00013812
223	0.00013384
224	0.00012968
225	0.00012566
226	0.00012175
227	0.00011797
228	0.00011431
229	0.00011076
230	0.00010733
231	0.00010399
232	0.00010077
233	0.00009764
234	0.00009461
235	0.00009167
236	0.00008882
237	0.00008607
238	0.00008339
239	0.00008081
240	0.00007830
241	0.00007587
242	0.00007351
243	0.00007123
244	0.00006902
245	0.00006688
246	0.00006480
247	0.00006279
248	0.00006084
249	0.00005895
250	0.00005712
251	0.00005535
252	0.00005363
253	0.00005196
254	0.00005035
255	0.00004879
256	0.00004727
257	0.00004581
258	0.00004438
259	0.00004301
260	0.00004167
261	0.00004038
262	0.00003912
263	0.00003791
264	0.00003673
265	0.00003559
266	0.00003449
267	0.00003342
268	0.00003238
269	0.00003137
270	0.00003040
271	0.00002946
272	0.00002854
273	0.00002766
274	0.00002680
275	0.00002597
276	0.00002516
277	0.00002438
278	0.00002362
279	0.00002289
280	0.00002218
281	0.00002149
282	0.00002082
283	0.00002018
284	0.00001955
285	0.00001894
286	0.00001835
287	0.00001779
288	0.00001723
289	0.00001670
290	0.00001618
291	0.00001568
292	0.00001519
293	0.00001472
294	0.00001426
295	0.00001382
296	0.00001339
297	0.00001297
298	0.00001257
299	0.00001218
300	0.00001180
301	0.00001144
302	0.00001108
303	0.00001074
304	0.00001040
305	0.00001008
306	0.00000977
307	0.00000947
308	0.00000917
309	0.00000889
310	0.00000861
311	0.00000834
312	0.00000808
313	0.00000783
314	0.00000759
315	0.00000736
316	0.00000713
317	0.00000691
318	0.00000669
319	0.00000648
320	0.00000628
321	0.00000609
322	0.00000590
323	0.00000572
324	0.00000554
325	0.00000537
326	0.00000520
327	0.00000504
328	0.00000488
329	0.00000473
330	0.00000458
331	0.00000444
332	0.00000430
333	0.00000417
334	0.00000404
335	0.00000391
336	0.00000379
337	0.00000368
338	0.00000356
339	0.00000345
340	0.00000334
341	0.00000324
342	0.00000314
343	0.00000304
344	0.00000295
345	0.00000286
346	0.00000277
347	0.00000268
348	0.00000260
349	0.00000252
350	0.00000244
351	0.00000236
352	0.00000229
353	0.00000222
354	0.00000215
355	0.00000208
356	0.00000202
357	0.00000196
358	0.00000190
359	0.00000184
360	0.00000178
361	0.00000172
362	0.00000167
363	0.00000162
364	0.00000157
365	0.00000152
366	0.00000147
367	0.00000143
368	0.00000138
369	0.00000134
370	0.00000130
371	0.00000126
372	0.00000122
373	0.00000118
374	0.00000114
375	0.00000111
376	0.00000107
377	0.00000104
378	0.00000101
379	0.00000098
380	0.00000095
381	0.00000092
382	0.00000089
383	0.00000086
384	0.00000083
385	0.00000081
386	0.00000078
387	0.00000076
388	0.00000074
389	0.00000071
390	0.00000069
391	0.00000067
392	0.00000065
393	0.00000063
394	0.00000061
395	0.00000059
396	0.00000057
397	0.00000055
398	0.00000054
399	0.00000052
400	0.00000050
401	0.00000049
402	0.00000047
403	0.00000046
404	0.00000044
405	0.00000043
406	0.00000042
407	0.00000040
408	0.00000039
409	0.00000038
410	0.00000037
411	0.00000036
412	0.00000035
413	0.00000033
414	0.00000032
415	0.00000031
416	0.00000030
417	0.00000029
418	0.00000029
419	0.00000028
420	0.00000027
421	0.00000026
422	0.00000025
423	0.00000024
424	0.00000024
425	0.00000023
426	0.00000022
427	0.00000022
428	0.00000021
429	0.00000020
430	0.00000020
431	0.00000019
432	0.00000018
433	0.00000018
434	0.00000017
435	0.00000017
436	0.00000016
437	0.00000016
438	0.00000015
439	0.00000015
440	0.00000014
441	0.00000014
442	0.00000013
443	0.00000013
444	0.00000013
445	0.00000012
446	0.00000012
447	0.00000011
448	0.00000011
449	0.00000011
450	0.00000010
451	0.00000010
452	0.00000010
453	0.00000009
454	0.00000009
455	0.00000009
456	0.00000009
457	0.00000008
458	0.00000008
459	0.00000008
460	0.00000008
461	0.00000007
462	0.00000007
463	0.00000007
464	0.00000007
465	0.00000006
466	0.00000006
467	0.00000006
468	0.00000006
469	0.00000006
470	0.00000006
471	0.00000005
472	0.00000005
473	0.00000005
474	0.00000005
475	0.00000005
476	0.00000005
477	0.00000004
478	0.00000004
479	0.00000004
480	0.00000004
481	0.00000004
482	0.00000004
483	0.00000004
484	0.00000004
485	0.00000003
486	0.00000003
487	0.00000003
488	0.00000003
489	0.00000003
490	0.00000003
491	0.00000003
492	0.00000003
493	0.00000003
494	0.00000003
495	0.00000003
496	0.00000002
497	0.00000002
498	0.00000002
499	0.00000002
500	0.00000002
501	0.00000002
502	0.00000002
503	0.00000002
504	0.00000002
505	0.00000002
506	0.00000002
507	0.00000002
508	0.00000002
509	0.00000002
510	0.00000002
511	0.00000002
512	0.00000001
513	0.00000001
514	0.00000001
515	0.00000001
516	0.00000001
517	0.00000001
518	0.00000001
519	0.00000001
520	0.00000001
521	0.00000001
522	0.00000001
523	0.00000001
524	0.00000001
525	0.00000001
526	0.00000001
527	0.00000001
528	0.00000001
529	0.00000001
530	0.00000001
531	0.00000001
532	0.00000001
533	0.00000001
534	0.00000001
535	0.00000001
536	0.00000001
537	0.00000001
538	0.00000001
539	0.00000001
540	0.00000001
541	0.00000001
542	0.00000001
543	0.00000001
544	0.00000001
545	0.00000001
546	0.00000001
547	0.00000000
548	0.00000000
549	0.00000000
550	0.00000000
551	0.00000000
552	0.00000000
553	0.00000000
554	0.00000000
555	0.00000000
556	0.00000000
557	0.00000000
558	0.00000000
559	0.00000000
560	0.00000000
561	0.00000000
562	0.00000000
563	0.00000000
564	0.00000000
565	0.00000000
566	0.00000000
567	0.00000000
568	0.00000000
569	0.00000000
570	0.00000000
571	0.00000000
572	0.00000000
573	0.00000000
574	0.00000000
575	0.00000000
576	0.00000000
577	0.00000000
578	0.00000000
579	0.00000000
580	0.00000000
581	0.00000000
582	0.00000000
583	0.00000000
584	0.00000000
585	0.00000000
586	0.00000000
587	0.00000000
588	0.00000000
589	0.00000000
590	0.00000000
591	0.00000000
592	0.00000000
593	0.00000000
594	0.00000000
595	0.00000000
596	0.00000000
597	0.00000000
598	0.00000000
599	0.00000000
600	0.00000000
601	0.00000000
602	0.00000000
603	0.00000000
604	0.00000000
605	0.00000000
606	0.00000000
607	0.00000000
608	0.00000000
609	0.00000000
610	0.00000000
611	0.00000000
612	0.00000000
613	0.00000000
614	0.00000000
615	0.00000000
616	0.00000000
617	0.00000000
618	0.00000000
619	0.00000000
620	0.00000000
621	0.00000000
622	0.00000000
623	0.00000000
624	0.00000000
625	0.00000000
626	0.00000000
627	0.00000000
628	0.00000000
629	0.00000000
630	0.00000000
631	0.00000000
632	0.00000000
633	0.00000000
634	0.00000000
635	0.00000000
636	0.00000000
637	0.00000000
638	0.00000000
639	0.00000000
640	0.00000000
641	0.00000000
642	0.00000000
643	0.00000000
644	0.00000000
645	0.00000000
646	0.00000000
647	0.00000000
648	0.00000000
649	0.00000000
650	0.00000000
651	0.00000000
652	0.00000000
653	0.00000000
654	0.00000000
655	0.00000000
656	0.00000000
657	0.00000000
658	0.00000000
659	0.00000000
660	0.00000000
661	0.00000000
662	0.00000000
663	0.00000000
664	0.00000000
665	0.00000000
666	0.00000000
667	0.00000000
668	0.00000000
669	0.00000000
670	0.00000000
671	0.00000000
672	0.00000000
673	0.00000000
674	0.00000000
675	0.00000000
676	0.00000000
677	0.00000000
678	0.00000000
679	0.00000000
680	0.00000000
681	0.00000000
682	0.00000000
683	0.00000000
684	0.00000000
685	0.00000000
686	0.00000000
687	0.00000000
688	0.00000000
689	0.00000000
690	0.00000000
691	0.00000000
692	0.00000000
693	0.00000000
694	0.00000000
695	0.00000000
696	0.00000000
697	0.00000000
698	0.00000000
699	0.00000000
700	0.00000000
701	0.00000000
702	0.00000000
703	0.00000000
704	0.00000000
705	0.00000000
706	0.00000000
707	0.00000000
708	0.00000000
709	0.00000000
710	0.00000000
711	0.00000000
712	0.00000000
713	0.00000000
714	0.00000000
715	0.00000000
716	0.00000000
717	0.00000000
718	0.00000000
719	0.00000000
720	0.00000000
721	0.00000000
722	0.00000000
723	0.00000000
724	0.00000000
725	0.00000000
726	0.00000000
727	0.00000000
728	0.00000000
729	0.00000000
730	0.00000000
731	0.00000000
732	0.00000000
733	0.00000000
734	0.00000000
735	0.00000000
736	0.00000000
737	0.00000000
738	0.00000000
739	0.00000000
740	0.00000000
741	0.00000000
742	0.00000000
743	0.00000000
744	0.00000000
745	0.00000000
746	0.00000000
747	0.00000000
748	0.00000000
749	0.00000000
750	0.00000000
751	0.00000000
752	0.00000000
753	0.00000000
754	0.00000000
755	0.00000000
756	0.00000000
757	0.00000000
758	0.00000000
759	0.00000000
760	0.00000000
761	0.00000000
762	0.00000000
763	0.00000000
764	0.00000000
765	0.00000000
766	0.00000000
767	0.00000000
768	0.00000000
769	0.00000000
770	0.00000000
771	0.00000000
772	0.00000000
773	0.00000000
774	0.00000000
775	0.00000000
776	0.00000000
777	0.00000000
778	0.00000000
779	0.00000000
780	0.00000000
781	0.00000000
782	0.00000000
783	0.00000000
784	0.00000000
785	0.00000000
786	0.00000000
787	0.00000000
788	0.00000000
789	0.00000000
790	0.00000000
791	0.00000000
792	0.00000000
793	0.00000000
794	0.00000000
795	0.00000000
796	0.00000000
797	0.00000000
798	0.00000000
799	0.00000000
800	0.00000000
801	0.00000000
802	0.00000000
803	0.00000000
804	0.00000000
805	0.00000000
806	0.00000000
807	0.00000000
808	0.00000000
809	0.00000000
810	0.00000000
811	0.00000000
812	0.00000000
813	0.00000000
814	0.00000000
815	0.00000000
816	0.00000000
817	0.00000000
818	0.00000000
819	0.00000000
820	0.00000000
821	0.00000000
822	0.00000000
823	0.00000000
824	0.00000000
825	0.00000000
826	0.00000000
827	0.00000000
828	0.00000000
829	0.00000000
830	0.00000000
831	0.00000000
832	0.00000000
833	0.00000000
834	0.00000000
835	0.00000000
836	0.00000000
837	0.00000000
838	0.00000000
839	0.00000000
840	0.00000000
841	0.00000000
842	0.00000000
843	0.00000000
844	0.00000000
845	0.00000000
846	0.00000000
847	0.00000000
848	0.00000000
849	0.00000000
850	0.00000000
851	0.00000000
852	0.00000000
853	0.00000000
854	0.00000000
855	0.00000000
856	0.00000000
857	0.00000000
858	0.00000000
859	0.00000000
860	0.00000000
861	0.00000000
862	0.00000000
863	0.00000000
864	0.00000000
865	0.00000000
866	0.00000000
867	0.00000000
868	0.00000000
869	0.00000000
870	0.00000000
871	0.00000000
872	0.00000000
873	0.00000000
874	0.00000000
875	0.00000000
876	0.00000000
877	0.00000000
878	0.00000000
879	0.00000000
880	0.00000000
881	0.00000000
882	0.00000000
883	0.00000000
884	0.00000000
885	0.00000000
886	0.00000000
887	0.00000000
888	0.00000000
889	0.00000000
890	0.00000000
891	0.00000000
892	0.00000000
893	0.00000000
894	0.00000000
895	0.00000000
896	0.00000000
897	0.00000000
898	0.00000000
899	0.00000000
900	0.00000000
901	0.00000000
902	0.00000000
903	0.00000000
904	0.00000000
905	0.00000000
906	0.00000000
907	0.00000000
908	0.00000000
909	0.00000000
910	0.00000000
911	0.00000000
912	0.00000000
913	0.00000000
914	0.00000000
915	0.00000000
916	0.00000000
917	0.00000000
918	0.00000000
919	0.00000000
920	0.00000000
921	0.00000000
922	0.00000000
923	0.00000000
924	0.00000000
925	0.00000000
926	0.00000000
927	0.00000000
928	0.00000000
929	0.00000000
930	0.00000000
931	0.00000000
932	0.00000000
933	0.00000000
934	0.00000000
935	0.00000000
936	0.00000000
937	0.00000000
938	0.00000000
939	0.00000000
940	0.00000000
941	0.00000000
942	0.00000000
943	0.00000000
944	0.00000000
945	0.00000000
946	0.00000000
947	0.00000000
948	0.00000000
949	0.00000000
950	0.00000000
951	0.00000000
952	0.00000000
953	0.00000000
954	0.00000000
955	0.00000000
956	0.00000000
957	0.00000000
958	0.00000000
959	0.00000000
960	0.00000000
961	0.00000000
962	0.00000000
963	0.00000000
964	0.00000000
965	0.00000000
966	0.00000000
967	0.00000000
968	0.00000000
969	0.00000000
970	0.00000000
971	0.00000000
972	0.00000000
973	0.00000000
974	0.00000000
975	0.00000000
976	0.00000000
977	0.00000000
978	0.00000000
979	0.00000000
980	0.00000000
981	0.00000000
982	0.00000000
983	0.00000000
984	0.00000000
985	0.00000000
986	0.00000000
987	0.00000000
988	0.00000000
989	0.00000000
990	0.00000000
991	0.00000000
992	0.00000000
993	0.00000000
994	0.00000000
995	0.00000000
996	0.00000000
997	0.00000000
998	0.00000000
999	0.00000000
