0	0.00000000
1	0.00000000
2	0.00000000
3	0.00000000
4	0.00000000
5	0.00000000
6	0.00000000
7	0.00000000
8	0.00000000
9	0.00000000
10	0.00000000
11	0.00000000
12	0.00000000
13	0.01055815
14	0.06940965
15	0.05558461
16	0.05838065
17	0.04365922
18	0.04244282
19	0.04184456
20	0.04169838
21	0.03640480
22	0.03287910
23	0.02861549
24	0.02510848
25	0.02230896
26	0.02060211
27	0.01919758
28	0.01860100
29	0.01761083
30	0.01699669
31	0.01672796
32	0.02067135
33	0.02536273
34	0.02613976
35	0.02805598
36	0.02983490
37	0.02919301
38	0.02817941
39	0.02800120
40	0.02702349
41	0.02684820
42	0.02613095
43	0.02581292
44	0.02530361
45	0.02500542
46	0.02478830
47	0.02392660
48	0.02343794
49	0.02266907
50	0.02191993
51	0.02121804
52	0.02045493
53	0.01983409
54	0.01916712
55	0.01945161
56	0.01955890
57	0.01933264
58	0.01935671
59	0.01895486
60	0.01850308
61	0.01800017
62	0.01765703
63	0.01748306
64	0.01730840
65	0.01711315
66	0.01677904
67	0.01630775
68	0.01575847
69	0.01541961
70	0.01496356
71	0.01452728
72	0.01412382
73	0.01368223
74	0.01324677
75	0.01273472
76	0.01238087
77	0.01202632
78	0.01184986
79	0.01169376
80	0.01144509
81	0.01116101
82	0.01095744
83	0.01067233
84	0.01040659
85	0.01018142
86	0.00989389
87	0.00965369
88	0.00935406
89	0.00906981
90	0.00877279
91	0.00850410
92	0.00821160
93	0.00795136
94	0.00768023
95	0.00743407
96	0.00720791
97	0.00696770
98	0.00673508
99	0.00652409
100	0.00632056
101	0.00614048
102	0.00600342
103	0.00586585
104	0.00568570
105	0.00553645
106	0.00536733
107	0.00519618
108	0.00503311
109	0.00487274
110	0.00471648
111	0.00457078
112	0.00443070
113	0.00429322
114	0.00415381
115	0.00402021
116	0.00389443
117	0.00377208
118	0.00365322
119	0.00353915
120	0.00342772
121	0.00332075
122	0.00321718
123	0.00311680
124	0.00302167
125	0.00293306
126	0.00284290
127	0.00275876
128	0.00266946
129	0.00258844
130	0.00250714
131	0.00242961
132	0.00235412
133	0.00228112
134	0.00221035
135	0.00214167
136	0.00207517
137	0.00201072
138	0.00194817
139	0.00188757
140	0.00182885
141	0.00177197
142	0.00171686
143	0.00166347
144	0.00161175
145	0.00156166
146	0.00151312
147	0.00146611
148	0.00142060
149	0.00137653
150	0.00133383
151	0.00129246
152	0.00125237
153	0.00121351
154	0.00117585
155	0.00113936
156	0.00110400
157	0.00106974
158	0.00103654
159	0.00100437
160	0.00097319
161	0.00094299
162	0.00091372
163	0.00088535
164	0.00085787
165	0.00083123
166	0.00080543
167	0.00078042
168	0.00075619
169	0.00073272
170	0.00070997
171	0.00068793
172	0.00066657
173	0.00064587
174	0.00062582
175	0.00060640
176	0.00058757
177	0.00056933
178	0.00055166
179	0.00053453
180	0.00051794
181	0.00050186
182	0.00048628
183	0.00047119
184	0.00045656
185	0.00044239
186	0.00042866
187	0.00041535
188	0.00040246
189	0.00038996
190	0.00037786
191	0.00036613
192	0.00035476
193	0.00034375
194	0.00033308
195	0.00032274
196	0.00031272
197	0.00030301
198	0.00029360
199	0.00028449
200	0.00027566
201	0.00026710
202	0.00025881
203	0.00025077
204	0.00024299
205	0.00023545
206	0.00022814
207	0.00022106
208	0.00021419
209	0.00020754
210	0.00020110
211	0.00019486
212	0.00018881
213	0.00018295
214	0.00017727
215	0.00017177
216	0.00016643
217	0.00016127
218	0.00015626
219	0.00015141
220	0.00014671
221	0.00014216
222	0.00013774
223	0.00013347
224	0.00012932
225	0.00012531
226	0.00012142
227	0.00011765
228	0.00011400
229	0.00011046
230	0.00010703
231	0.00010371
232	0.00010049
233	0.00009737
234	0.00009435
235	0.00009142
236	0.00008858
237	0.00008583
238	0.00008317
239	0.00008058
240	0.00007808
241	0.00007566
242	0.00007331
243	0.00007103
244	0.00006883
245	0.00006669
246	0.00006462
247	0.00006262
248	0.00006067
249	0.00005879
250	0.00005696
251	0.00005519
252	0.00005348
253	0.00005182
254	0.00005021
255	0.00004865
256	0.00004714
257	0.00004568
258	0.00004426
259	0.00004289
260	0.00004156
261	0.00004027
262	0.00003902
263	0.00003781
264	0.00003663
265	0.00003549
266	0.00003439
267	0.00003332
268	0.00003229
269	0.00003129
270	0.00003032
271	0.00002938
272	0.00002846
273	0.00002758
274	0.00002672
275	0.00002589
276	0.00002509
277	0.00002431
278	0.00002356
279	0.00002283
280	0.00002212
281	0.00002143
282	0.00002077
283	0.00002012
284	0.00001950
285	0.00001889
286	0.00001830
287	0.00001774
288	0.00001719
289	0.00001665
290	0.00001614
291	0.00001563
292	0.00001515
293	0.00001468
294	0.00001422
295	0.00001378
296	0.00001335
297	0.00001294
298	0.00001254
299	0.00001215
300	0.00001177
301	0.00001141
302	0.00001105
303	0.00001071
304	0.00001038
305	0.00001005
306	0.00000974
307	0.00000944
308	0.00000915
309	0.00000886
310	0.00000859
311	0.00000832
312	0.00000806
313	0.00000781
314	0.00000757
315	0.00000733
316	0.00000711
317	0.00000689
318	0.00000667
319	0.00000647
320	0.00000626
321	0.00000607
322	0.00000588
323	0.00000570
324	0.00000552
325	0.00000535
326	0.00000518
327	0.00000502
328	0.00000487
329	0.00000472
330	0.00000457
331	0.00000443
332	0.00000429
333	0.00000416
334	0.00000403
335	0.00000390
336	0.00000378
337	0.00000367
338	0.00000355
339	0.00000344
340	0.00000333
341	0.00000323
342	0.00000313
343	0.00000303
344	0.00000294
345	0.00000285
346	0.00000276
347	0.00000267
348	0.00000259
349	0.00000251
350	0.00000243
351	0.00000236
352	0.00000228
353	0.00000221
354	0.00000214
355	0.00000208
356	0.00000201
357	0.00000195
358	0.00000189
359	0.00000183
360	0.00000177
361	0.00000172
362	0.00000167
363	0.00000161
364	0.00000156
365	0.00000152
366	0.00000147
367	0.00000142
368	0.00000138
369	0.00000134
370	0.00000129
371	0.00000125
372	0.00000122
373	0.00000118
374	0.00000114
375	0.00000111
376	0.00000107
377	0.00000104
378	0.00000101
379	0.00000097
380	0.00000094
381	0.00000092
382	0.00000089
383	0.00000086
384	0.00000083
385	0.00000081
386	0.00000078
387	0.00000076
388	0.00000073
389	0.00000071
390	0.00000069
391	0.00000067
392	0.00000065
393	0.00000063
394	0.00000061
395	0.00000059
396	0.00000057
397	0.00000055
398	0.00000054
399	0.00000052
400	0.00000050
401	0.00000049
402	0.00000047
403	0.00000046
404	0.00000044
405	0.00000043
406	0.00000042
407	0.00000040
408	0.00000039
409	0.00000038
410	0.00000037
411	0.00000036
412	0.00000034
413	0.00000033
414	0.00000032
415	0.00000031
416	0.00000030
417	0.00000029
418	0.00000028
419	0.00000028
420	0.00000027
421	0.00000026
422	0.00000025
423	0.00000024
424	0.00000024
425	0.00000023
426	0.00000022
427	0.00000021
428	0.00000021
429	0.00000020
430	0.00000020
431	0.00000019
432	0.00000018
433	0.00000018
434	0.00000017
435	0.00000017
436	0.00000016
437	0.00000016
438	0.00000015
439	0.00000015
440	0.00000014
441	0.00000014
442	0.00000013
443	0.00000013
444	0.00000013
445	0.00000012
446	0.00000012
447	0.00000011
448	0.00000011
449	0.00000011
450	0.00000010
451	0.00000010
452	0.00000010
453	0.00000009
454	0.00000009
455	0.00000009
456	0.00000009
457	0.00000008
458	0.00000008
459	0.00000008
460	0.00000008
461	0.00000007
462	0.00000007
463	0.00000007
464	0.00000007
465	0.00000006
466	0.00000006
467	0.00000006
468	0.00000006
469	0.00000006
470	0.00000006
471	0.00000005
472	0.00000005
473	0.00000005
474	0.00000005
475	0.00000005
476	0.00000005
477	0.00000004
478	0.00000004
479	0.00000004
480	0.00000004
481	0.00000004
482	0.00000004
483	0.00000004
484	0.00000004
485	0.00000003
486	0.00000003
487	0.00000003
488	0.00000003
489	0.00000003
490	0.00000003
491	0.00000003
492	0.00000003
493	0.00000003
494	0.00000003
495	0.00000003
496	0.00000002
497	0.00000002
498	0.00000002
499	0.00000002
500	0.00000002
501	0.00000002
502	0.00000002
503	0.00000002
504	0.00000002
505	0.00000002
506	0.00000002
507	0.00000002
508	0.00000002
509	0.00000002
510	0.00000002
511	0.00000002
512	0.00000001
513	0.00000001
514	0.00000001
515	0.00000001
516	0.00000001
517	0.00000001
518	0.00000001
519	0.00000001
520	0.00000001
521	0.00000001
522	0.00000001
523	0.00000001
524	0.00000001
525	0.00000001
526	0.00000001
527	0.00000001
528	0.00000001
529	0.00000001
530	0.00000001
531	0.00000001
532	0.00000001
533	0.00000001
534	0.00000001
535	0.00000001
536	0.00000001
537	0.00000001
538	0.00000001
539	0.00000001
540	0.00000001
541	0.00000001
542	0.00000001
543	0.00000001
544	0.00000001
545	0.00000001
546	0.00000001
547	0.00000000
548	0.00000000
549	0.00000000
550	0.00000000
551	0.00000000
552	0.00000000
553	0.00000000
554	0.00000000
555	0.00000000
556	0.00000000
557	0.00000000
558	0.00000000
559	0.00000000
560	0.00000000
561	0.00000000
562	0.00000000
563	0.00000000
564	0.00000000
565	0.00000000
566	0.00000000
567	0.00000000
568	0.00000000
569	0.00000000
570	0.00000000
571	0.00000000
572	0.00000000
573	0.00000000
574	0.00000000
575	0.00000000
576	0.00000000
577	0.00000000
578	0.00000000
579	0.00000000
580	0.00000000
581	0.00000000
582	0.00000000
583	0.00000000
584	0.00000000
585	0.00000000
586	0.00000000
587	0.00000000
588	0.00000000
589	0.00000000
590	0.00000000
591	0.00000000
592	0.00000000
593	0.00000000
594	0.00000000
595	0.00000000
596	0.00000000
597	0.00000000
598	0.00000000
599	0.00000000
600	0.00000000
601	0.00000000
602	0.00000000
603	0.00000000
604	0.00000000
605	0.00000000
606	0.00000000
607	0.00000000
608	0.00000000
609	0.00000000
610	0.00000000
611	0.00000000
612	0.00000000
613	0.00000000
614	0.00000000
615	0.00000000
616	0.00000000
617	0.00000000
618	0.00000000
619	0.00000000
620	0.00000000
621	0.00000000
622	0.00000000
623	0.00000000
624	0.00000000
625	0.00000000
626	0.00000000
627	0.00000000
628	0.00000000
629	0.00000000
630	0.00000000
631	0.00000000
632	0.00000000
633	0.00000000
634	0.00000000
635	0.00000000
636	0.00000000
637	0.00000000
638	0.00000000
639	0.00000000
640	0.00000000
641	0.00000000
642	0.00000000
643	0.00000000
644	0.00000000
645	0.00000000
646	0.00000000
647	0.00000000
648	0.00000000
649	0.00000000
650	0.00000000
651	0.00000000
652	0.00000000
653	0.00000000
654	0.00000000
655	0.00000000
656	0.00000000
657	0.00000000
658	0.00000000
659	0.00000000
660	0.00000000
661	0.00000000
662	0.00000000
663	0.00000000
664	0.00000000
665	0.00000000
666	0.00000000
667	0.00000000
668	0.00000000
669	0.00000000
670	0.00000000
671	0.00000000
672	0.00000000
673	0.00000000
674	0.00000000
675	0.00000000
676	0.00000000
677	0.00000000
678	0.00000000
679	0.00000000
680	0.00000000
681	0.00000000
682	0.00000000
683	0.00000000
684	0.00000000
685	0.00000000
686	0.00000000
687	0.00000000
688	0.00000000
689	0.00000000
690	0.00000000
691	0.00000000
692	0.00000000
693	0.00000000
694	0.00000000
695	0.00000000
696	0.00000000
697	0.00000000
698	0.00000000
699	0.00000000
700	0.00000000
701	0.00000000
702	0.00000000
703	0.00000000
704	0.00000000
705	0.00000000
706	0.00000000
707	0.00000000
708	0.00000000
709	0.00000000
710	0.00000000
711	0.00000000
712	0.00000000
713	0.00000000
714	0.00000000
715	0.00000000
716	0.00000000
717	0.00000000
718	0.00000000
719	0.00000000
720	0.00000000
721	0.00000000
722	0.00000000
723	0.00000000
724	0.00000000
725	0.00000000
726	0.00000000
727	0.00000000
728	0.00000000
729	0.00000000
730	0.00000000
731	0.00000000
732	0.00000000
733	0.00000000
734	0.00000000
735	0.00000000
736	0.00000000
737	0.00000000
738	0.00000000
739	0.00000000
740	0.00000000
741	0.00000000
742	0.00000000
743	0.00000000
744	0.00000000
745	0.00000000
746	0.00000000
747	0.00000000
748	0.00000000
749	0.00000000
750	0.00000000
751	0.00000000
752	0.00000000
753	0.00000000
754	0.00000000
755	0.00000000
756	0.00000000
757	0.00000000
758	0.00000000
759	0.00000000
760	0.00000000
761	0.00000000
762	0.00000000
763	0.00000000
764	0.00000000
765	0.00000000
766	0.00000000
767	0.00000000
768	0.00000000
769	0.00000000
770	0.00000000
771	0.00000000
772	0.00000000
773	0.00000000
774	0.00000000
775	0.00000000
776	0.00000000
777	0.00000000
778	0.00000000
779	0.00000000
780	0.00000000
781	0.00000000
782	0.00000000
783	0.00000000
784	0.00000000
785	0.00000000
786	0.00000000
787	0.00000000
788	0.00000000
789	0.00000000
790	0.00000000
791	0.00000000
792	0.00000000
793	0.00000000
794	0.00000000
795	0.00000000
796	0.00000000
797	0.00000000
798	0.00000000
799	0.00000000
800	0.00000000
801	0.00000000
802	0.00000000
803	0.00000000
804	0.00000000
805	0.00000000
806	0.00000000
807	0.00000000
808	0.00000000
809	0.00000000
810	0.00000000
811	0.00000000
812	0.00000000
813	0.00000000
814	0.00000000
815	0.00000000
816	0.00000000
817	0.00000000
818	0.00000000
819	0.00000000
820	0.00000000
821	0.00000000
822	0.00000000
823	0.00000000
824	0.00000000
825	0.00000000
826	0.00000000
827	0.00000000
828	0.00000000
829	0.00000000
830	0.00000000
831	0.00000000
832	0.00000000
833	0.00000000
834	0.00000000
835	0.00000000
836	0.00000000
837	0.00000000
838	0.00000000
839	0.00000000
840	0.00000000
841	0.00000000
842	0.00000000
843	0.00000000
844	0.00000000
845	0.00000000
846	0.00000000
847	0.00000000
848	0.00000000
849	0.00000000
850	0.00000000
851	0.00000000
852	0.00000000
853	0.00000000
854	0.00000000
855	0.00000000
856	0.00000000
857	0.00000000
858	0.00000000
859	0.00000000
860	0.00000000
861	0.00000000
862	0.00000000
863	0.00000000
864	0.00000000
865	0.00000000
866	0.00000000
867	0.00000000
868	0.00000000
869	0.00000000
870	0.00000000
871	0.00000000
872	0.00000000
873	0.00000000
874	0.00000000
875	0.00000000
876	0.00000000
877	0.00000000
878	0.00000000
879	0.00000000
880	0.00000000
881	0.00000000
882	0.00000000
883	0.00000000
884	0.00000000
885	0.00000000
886	0.00000000
887	0.00000000
888	0.00000000
889	0.00000000
890	0.00000000
891	0.00000000
892	0.00000000
893	0.00000000
894	0.00000000
895	0.00000000
896	0.00000000
897	0.00000000
898	0.00000000
899	0.00000000
900	0.00000000
901	0.00000000
902	0.00000000
903	0.00000000
904	0.00000000
905	0.00000000
906	0.00000000
907	0.00000000
908	0.00000000
909	0.00000000
910	0.00000000
911	0.00000000
912	0.00000000
913	0.00000000
914	0.00000000
915	0.00000000
916	0.00000000
917	0.00000000
918	0.00000000
919	0.00000000
920	0.00000000
921	0.00000000
922	0.00000000
923	0.00000000
924	0.00000000
925	0.00000000
926	0.00000000
927	0.00000000
928	0.00000000
929	0.00000000
930	0.00000000
931	0.00000000
932	0.00000000
933	0.00000000
934	0.00000000
935	0.00000000
936	0.00000000
937	0.00000000
938	0.00000000
939	0.00000000
940	0.00000000
941	0.00000000
942	0.00000000
943	0.00000000
944	0.00000000
945	0.00000000
946	0.00000000
947	0.00000000
948	0.00000000
949	0.00000000
950	0.00000000
951	0.00000000
952	0.00000000
953	0.00000000
954	0.00000000
955	0.00000000
956	0.00000000
957	0.00000000
958	0.00000000
959	0.00000000
960	0.00000000
961	0.00000000
962	0.00000000
963	0.00000000
964	0.00000000
965	0.00000000
966	0.00000000
967	0.00000000
968	0.00000000
969	0.00000000
970	0.00000000
971	0.00000000
972	0.00000000
973	0.00000000
974	0.00000000
975	0.00000000
976	0.00000000
977	0.00000000
978	0.00000000
979	0.00000000
980	0.00000000
981	0.00000000
982	0.00000000
983	0.00000000
984	0.00000000
985	0.00000000
986	0.00000000
987	0.00000000
988	0.00000000
989	0.00000000
990	0.00000000
991	0.00000000
992	0.00000000
993	0.00000000
994	0.00000000
995	0.00000000
996	0.00000000
997	0.00000000
998	0.00000000
999	0.00000000
