0	0.00000000
1	0.00000000
2	0.00000000
3	0.00000000
4	0.00000000
5	0.00000000
6	0.00000000
7	0.00000000
8	0.00000000
9	0.00000000
10	0.00000000
11	0.00000000
12	0.00000000
13	0.01703113
14	0.10599560
15	0.07796514
16	0.08030296
17	0.05461067
18	0.04836981
19	0.04384335
20	0.04217546
21	0.03590293
22	0.03211196
23	0.02761649
24	0.02387252
25	0.02078866
26	0.01918241
27	0.01789888
28	0.01745613
29	0.01650728
30	0.01607503
31	0.01582788
32	0.01974627
33	0.02531604
34	0.02649685
35	0.02803401
36	0.02993751
37	0.02957826
38	0.02831335
39	0.02803687
40	0.02711056
41	0.02706005
42	0.02632097
43	0.02618423
44	0.02567873
45	0.02544478
46	0.02534449
47	0.02433485
48	0.02372722
49	0.02282934
50	0.02206127
51	0.02127408
52	0.02047840
53	0.01986830
54	0.01917355
55	0.01940927
56	0.01950201
57	0.01935179
58	0.01928448
59	0.01899078
60	0.01859150
61	0.01814470
62	0.01781515
63	0.01769258
64	0.01759660
65	0.01732985
66	0.01704645
67	0.01653208
68	0.01590978
69	0.01559186
70	0.01508943
71	0.01465341
72	0.01422057
73	0.01375976
74	0.01331043
75	0.01282347
76	0.01245981
77	0.01210476
78	0.01191641
79	0.01176260
80	0.01154904
81	0.01125917
82	0.01109004
83	0.01081495
84	0.01053240
85	0.01031549
86	0.01001830
87	0.00977404
88	0.00947601
89	0.00917323
90	0.00886764
91	0.00859002
92	0.00829396
93	0.00803993
94	0.00775851
95	0.00751409
96	0.00728514
97	0.00704180
98	0.00680625
99	0.00659119
100	0.00638371
101	0.00619884
102	0.00605485
103	0.00592301
104	0.00574481
105	0.00559917
106	0.00543539
107	0.00525952
108	0.00509561
109	0.00493182
110	0.00477236
111	0.00462291
112	0.00448115
113	0.00434138
114	0.00420154
115	0.00406513
116	0.00393836
117	0.00381468
118	0.00369395
119	0.00357846
120	0.00346558
121	0.00335733
122	0.00325257
123	0.00315111
124	0.00305472
125	0.00296451
126	0.00287517
127	0.00278895
128	0.00269927
129	0.00261847
130	0.00253562
131	0.00245747
132	0.00238097
133	0.00230707
134	0.00223551
135	0.00216601
136	0.00209870
137	0.00203349
138	0.00197023
139	0.00190893
140	0.00184953
141	0.00179199
142	0.00173624
143	0.00168224
144	0.00162993
145	0.00157925
146	0.00153016
147	0.00148262
148	0.00143659
149	0.00139202
150	0.00134884
151	0.00130701
152	0.00126647
153	0.00122719
154	0.00118911
155	0.00115221
156	0.00111646
157	0.00108181
158	0.00104823
159	0.00101570
160	0.00098418
161	0.00095363
162	0.00092403
163	0.00089534
164	0.00086755
165	0.00084061
166	0.00081452
167	0.00078923
168	0.00076472
169	0.00074098
170	0.00071798
171	0.00069569
172	0.00067409
173	0.00065316
174	0.00063288
175	0.00061324
176	0.00059420
177	0.00057575
178	0.00055788
179	0.00054056
180	0.00052378
181	0.00050752
182	0.00049177
183	0.00047650
184	0.00046171
185	0.00044738
186	0.00043349
187	0.00042003
188	0.00040699
189	0.00039436
190	0.00038212
191	0.00037026
192	0.00035876
193	0.00034763
194	0.00033683
195	0.00032638
196	0.00031625
197	0.00030643
198	0.00029692
199	0.00028770
200	0.00027877
201	0.00027011
202	0.00026173
203	0.00025360
204	0.00024573
205	0.00023810
206	0.00023071
207	0.00022355
208	0.00021661
209	0.00020989
210	0.00020337
211	0.00019706
212	0.00019094
213	0.00018501
214	0.00017927
215	0.00017370
216	0.00016831
217	0.00016309
218	0.00015802
219	0.00015312
220	0.00014836
221	0.00014376
222	0.00013930
223	0.00013497
224	0.00013078
225	0.00012672
226	0.00012279
227	0.00011898
228	0.00011528
229	0.00011170
230	0.00010824
231	0.00010488
232	0.00010162
233	0.00009847
234	0.00009541
235	0.00009245
236	0.00008958
237	0.00008680
238	0.00008410
239	0.00008149
240	0.00007896
241	0.00007651
242	0.00007414
243	0.00007183
244	0.00006960
245	0.00006744
246	0.00006535
247	0.00006332
248	0.00006136
249	0.00005945
250	0.00005761
251	0.00005582
252	0.00005408
253	0.00005241
254	0.00005078
255	0.00004920
256	0.00004768
257	0.00004620
258	0.00004476
259	0.00004337
260	0.00004203
261	0.00004072
262	0.00003946
263	0.00003823
264	0.00003704
265	0.00003589
266	0.00003478
267	0.00003370
268	0.00003265
269	0.00003164
270	0.00003066
271	0.00002971
272	0.00002878
273	0.00002789
274	0.00002703
275	0.00002619
276	0.00002537
277	0.00002459
278	0.00002382
279	0.00002308
280	0.00002237
281	0.00002167
282	0.00002100
283	0.00002035
284	0.00001972
285	0.00001910
286	0.00001851
287	0.00001794
288	0.00001738
289	0.00001684
290	0.00001632
291	0.00001581
292	0.00001532
293	0.00001484
294	0.00001438
295	0.00001394
296	0.00001350
297	0.00001309
298	0.00001268
299	0.00001229
300	0.00001190
301	0.00001153
302	0.00001118
303	0.00001083
304	0.00001049
305	0.00001017
306	0.00000985
307	0.00000955
308	0.00000925
309	0.00000896
310	0.00000868
311	0.00000841
312	0.00000815
313	0.00000790
314	0.00000766
315	0.00000742
316	0.00000719
317	0.00000696
318	0.00000675
319	0.00000654
320	0.00000634
321	0.00000614
322	0.00000595
323	0.00000576
324	0.00000558
325	0.00000541
326	0.00000524
327	0.00000508
328	0.00000492
329	0.00000477
330	0.00000462
331	0.00000448
332	0.00000434
333	0.00000420
334	0.00000407
335	0.00000395
336	0.00000383
337	0.00000371
338	0.00000359
339	0.00000348
340	0.00000337
341	0.00000327
342	0.00000317
343	0.00000307
344	0.00000297
345	0.00000288
346	0.00000279
347	0.00000270
348	0.00000262
349	0.00000254
350	0.00000246
351	0.00000238
352	0.00000231
353	0.00000224
354	0.00000217
355	0.00000210
356	0.00000204
357	0.00000197
358	0.00000191
359	0.00000185
360	0.00000179
361	0.00000174
362	0.00000168
363	0.00000163
364	0.00000158
365	0.00000153
366	0.00000149
367	0.00000144
368	0.00000139
369	0.00000135
370	0.00000131
371	0.00000127
372	0.00000123
373	0.00000119
374	0.00000115
375	0.00000112
376	0.00000108
377	0.00000105
378	0.00000102
379	0.00000099
380	0.00000096
381	0.00000093
382	0.00000090
383	0.00000087
384	0.00000084
385	0.00000082
386	0.00000079
387	0.00000077
388	0.00000074
389	0.00000072
390	0.00000070
391	0.00000068
392	0.00000065
393	0.00000063
394	0.00000061
395	0.00000060
396	0.00000058
397	0.00000056
398	0.00000054
399	0.00000052
400	0.00000051
401	0.00000049
402	0.00000048
403	0.00000046
404	0.00000045
405	0.00000043
406	0.00000042
407	0.00000041
408	0.00000039
409	0.00000038
410	0.00000037
411	0.00000036
412	0.00000035
413	0.00000034
414	0.00000033
415	0.00000032
416	0.00000031
417	0.00000030
418	0.00000029
419	0.00000028
420	0.00000027
421	0.00000026
422	0.00000025
423	0.00000025
424	0.00000024
425	0.00000023
426	0.00000022
427	0.00000022
428	0.00000021
429	0.00000020
430	0.00000020
431	0.00000019
432	0.00000019
433	0.00000018
434	0.00000017
435	0.00000017
436	0.00000016
437	0.00000016
438	0.00000015
439	0.00000015
440	0.00000014
441	0.00000014
442	0.00000014
443	0.00000013
444	0.00000013
445	0.00000012
446	0.00000012
447	0.00000012
448	0.00000011
449	0.00000011
450	0.00000011
451	0.00000010
452	0.00000010
453	0.00000010
454	0.00000009
455	0.00000009
456	0.00000009
457	0.00000008
458	0.00000008
459	0.00000008
460	0.00000008
461	0.00000007
462	0.00000007
463	0.00000007
464	0.00000007
465	0.00000007
466	0.00000006
467	0.00000006
468	0.00000006
469	0.00000006
470	0.00000006
471	0.00000005
472	0.00000005
473	0.00000005
474	0.00000005
475	0.00000005
476	0.00000005
477	0.00000004
478	0.00000004
479	0.00000004
480	0.00000004
481	0.00000004
482	0.00000004
483	0.00000004
484	0.00000004
485	0.00000003
486	0.00000003
487	0.00000003
488	0.00000003
489	0.00000003
490	0.00000003
491	0.00000003
492	0.00000003
493	0.00000003
494	0.00000003
495	0.00000003
496	0.00000002
497	0.00000002
498	0.00000002
499	0.00000002
500	0.00000002
501	0.00000002
502	0.00000002
503	0.00000002
504	0.00000002
505	0.00000002
506	0.00000002
507	0.00000002
508	0.00000002
509	0.00000002
510	0.00000002
511	0.00000002
512	0.00000001
513	0.00000001
514	0.00000001
515	0.00000001
516	0.00000001
517	0.00000001
518	0.00000001
519	0.00000001
520	0.00000001
521	0.00000001
522	0.00000001
523	0.00000001
524	0.00000001
525	0.00000001
526	0.00000001
527	0.00000001
528	0.00000001
529	0.00000001
530	0.00000001
531	0.00000001
532	0.00000001
533	0.00000001
534	0.00000001
535	0.00000001
536	0.00000001
537	0.00000001
538	0.00000001
539	0.00000001
540	0.00000001
541	0.00000001
542	0.00000001
543	0.00000001
544	0.00000001
545	0.00000001
546	0.00000001
547	0.00000000
548	0.00000000
549	0.00000000
550	0.00000000
551	0.00000000
552	0.00000000
553	0.00000000
554	0.00000000
555	0.00000000
556	0.00000000
557	0.00000000
558	0.00000000
559	0.00000000
560	0.00000000
561	0.00000000
562	0.00000000
563	0.00000000
564	0.00000000
565	0.00000000
566	0.00000000
567	0.00000000
568	0.00000000
569	0.00000000
570	0.00000000
571	0.00000000
572	0.00000000
573	0.00000000
574	0.00000000
575	0.00000000
576	0.00000000
577	0.00000000
578	0.00000000
579	0.00000000
580	0.00000000
581	0.00000000
582	0.00000000
583	0.00000000
584	0.00000000
585	0.00000000
586	0.00000000
587	0.00000000
588	0.00000000
589	0.00000000
590	0.00000000
591	0.00000000
592	0.00000000
593	0.00000000
594	0.00000000
595	0.00000000
596	0.00000000
597	0.00000000
598	0.00000000
599	0.00000000
600	0.00000000
601	0.00000000
602	0.00000000
603	0.00000000
604	0.00000000
605	0.00000000
606	0.00000000
607	0.00000000
608	0.00000000
609	0.00000000
610	0.00000000
611	0.00000000
612	0.00000000
613	0.00000000
614	0.00000000
615	0.00000000
616	0.00000000
617	0.00000000
618	0.00000000
619	0.00000000
620	0.00000000
621	0.00000000
622	0.00000000
623	0.00000000
624	0.00000000
625	0.00000000
626	0.00000000
627	0.00000000
628	0.00000000
629	0.00000000
630	0.00000000
631	0.00000000
632	0.00000000
633	0.00000000
634	0.00000000
635	0.00000000
636	0.00000000
637	0.00000000
638	0.00000000
639	0.00000000
640	0.00000000
641	0.00000000
642	0.00000000
643	0.00000000
644	0.00000000
645	0.00000000
646	0.00000000
647	0.00000000
648	0.00000000
649	0.00000000
650	0.00000000
651	0.00000000
652	0.00000000
653	0.00000000
654	0.00000000
655	0.00000000
656	0.00000000
657	0.00000000
658	0.00000000
659	0.00000000
660	0.00000000
661	0.00000000
662	0.00000000
663	0.00000000
664	0.00000000
665	0.00000000
666	0.00000000
667	0.00000000
668	0.00000000
669	0.00000000
670	0.00000000
671	0.00000000
672	0.00000000
673	0.00000000
674	0.00000000
675	0.00000000
676	0.00000000
677	0.00000000
678	0.00000000
679	0.00000000
680	0.00000000
681	0.00000000
682	0.00000000
683	0.00000000
684	0.00000000
685	0.00000000
686	0.00000000
687	0.00000000
688	0.00000000
689	0.00000000
690	0.00000000
691	0.00000000
692	0.00000000
693	0.00000000
694	0.00000000
695	0.00000000
696	0.00000000
697	0.00000000
698	0.00000000
699	0.00000000
700	0.00000000
701	0.00000000
702	0.00000000
703	0.00000000
704	0.00000000
705	0.00000000
706	0.00000000
707	0.00000000
708	0.00000000
709	0.00000000
710	0.00000000
711	0.00000000
712	0.00000000
713	0.00000000
714	0.00000000
715	0.00000000
716	0.00000000
717	0.00000000
718	0.00000000
719	0.00000000
720	0.00000000
721	0.00000000
722	0.00000000
723	0.00000000
724	0.00000000
725	0.00000000
726	0.00000000
727	0.00000000
728	0.00000000
729	0.00000000
730	0.00000000
731	0.00000000
732	0.00000000
733	0.00000000
734	0.00000000
735	0.00000000
736	0.00000000
737	0.00000000
738	0.00000000
739	0.00000000
740	0.00000000
741	0.00000000
742	0.00000000
743	0.00000000
744	0.00000000
745	0.00000000
746	0.00000000
747	0.00000000
748	0.00000000
749	0.00000000
750	0.00000000
751	0.00000000
752	0.00000000
753	0.00000000
754	0.00000000
755	0.00000000
756	0.00000000
757	0.00000000
758	0.00000000
759	0.00000000
760	0.00000000
761	0.00000000
762	0.00000000
763	0.00000000
764	0.00000000
765	0.00000000
766	0.00000000
767	0.00000000
768	0.00000000
769	0.00000000
770	0.00000000
771	0.00000000
772	0.00000000
773	0.00000000
774	0.00000000
775	0.00000000
776	0.00000000
777	0.00000000
778	0.00000000
779	0.00000000
780	0.00000000
781	0.00000000
782	0.00000000
783	0.00000000
784	0.00000000
785	0.00000000
786	0.00000000
787	0.00000000
788	0.00000000
789	0.00000000
790	0.00000000
791	0.00000000
792	0.00000000
793	0.00000000
794	0.00000000
795	0.00000000
796	0.00000000
797	0.00000000
798	0.00000000
799	0.00000000
800	0.00000000
801	0.00000000
802	0.00000000
803	0.00000000
804	0.00000000
805	0.00000000
806	0.00000000
807	0.00000000
808	0.00000000
809	0.00000000
810	0.00000000
811	0.00000000
812	0.00000000
813	0.00000000
814	0.00000000
815	0.00000000
816	0.00000000
817	0.00000000
818	0.00000000
819	0.00000000
820	0.00000000
821	0.00000000
822	0.00000000
823	0.00000000
824	0.00000000
825	0.00000000
826	0.00000000
827	0.00000000
828	0.00000000
829	0.00000000
830	0.00000000
831	0.00000000
832	0.00000000
833	0.00000000
834	0.00000000
835	0.00000000
836	0.00000000
837	0.00000000
838	0.00000000
839	0.00000000
840	0.00000000
841	0.00000000
842	0.00000000
843	0.00000000
844	0.00000000
845	0.00000000
846	0.00000000
847	0.00000000
848	0.00000000
849	0.00000000
850	0.00000000
851	0.00000000
852	0.00000000
853	0.00000000
854	0.00000000
855	0.00000000
856	0.00000000
857	0.00000000
858	0.00000000
859	0.00000000
860	0.00000000
861	0.00000000
862	0.00000000
863	0.00000000
864	0.00000000
865	0.00000000
866	0.00000000
867	0.00000000
868	0.00000000
869	0.00000000
870	0.00000000
871	0.00000000
872	0.00000000
873	0.00000000
874	0.00000000
875	0.00000000
876	0.00000000
877	0.00000000
878	0.00000000
879	0.00000000
880	0.00000000
881	0.00000000
882	0.00000000
883	0.00000000
884	0.00000000
885	0.00000000
886	0.00000000
887	0.00000000
888	0.00000000
889	0.00000000
890	0.00000000
891	0.00000000
892	0.00000000
893	0.00000000
894	0.00000000
895	0.00000000
896	0.00000000
897	0.00000000
898	0.00000000
899	0.00000000
900	0.00000000
901	0.00000000
902	0.00000000
903	0.00000000
904	0.00000000
905	0.00000000
906	0.00000000
907	0.00000000
908	0.00000000
909	0.00000000
910	0.00000000
911	0.00000000
912	0.00000000
913	0.00000000
914	0.00000000
915	0.00000000
916	0.00000000
917	0.00000000
918	0.00000000
919	0.00000000
920	0.00000000
921	0.00000000
922	0.00000000
923	0.00000000
924	0.00000000
925	0.00000000
926	0.00000000
927	0.00000000
928	0.00000000
929	0.00000000
930	0.00000000
931	0.00000000
932	0.00000000
933	0.00000000
934	0.00000000
935	0.00000000
936	0.00000000
937	0.00000000
938	0.00000000
939	0.00000000
940	0.00000000
941	0.00000000
942	0.00000000
943	0.00000000
944	0.00000000
945	0.00000000
946	0.00000000
947	0.00000000
948	0.00000000
949	0.00000000
950	0.00000000
951	0.00000000
952	0.00000000
953	0.00000000
954	0.00000000
955	0.00000000
956	0.00000000
957	0.00000000
958	0.00000000
959	0.00000000
960	0.00000000
961	0.00000000
962	0.00000000
963	0.00000000
964	0.00000000
965	0.00000000
966	0.00000000
967	0.00000000
968	0.00000000
969	0.00000000
970	0.00000000
971	0.00000000
972	0.00000000
973	0.00000000
974	0.00000000
975	0.00000000
976	0.00000000
977	0.00000000
978	0.00000000
979	0.00000000
980	0.00000000
981	0.00000000
982	0.00000000
983	0.00000000
984	0.00000000
985	0.00000000
986	0.00000000
987	0.00000000
988	0.00000000
989	0.00000000
990	0.00000000
991	0.00000000
992	0.00000000
993	0.00000000
994	0.00000000
995	0.00000000
996	0.00000000
997	0.00000000
998	0.00000000
999	0.00000000
