0	0.00000000
1	0.00000000
2	0.00000000
3	0.00000000
4	0.00000000
5	0.00000000
6	0.00000000
7	0.00000000
8	0.00000000
9	0.00000000
10	0.00000000
11	0.00000000
12	0.00000000
13	0.00297729
14	0.02043107
15	0.01723615
16	0.02496546
17	0.02525205
18	0.03574561
19	0.04169799
20	0.04568925
21	0.04244796
22	0.04069893
23	0.03675726
24	0.03420947
25	0.03094448
26	0.02837459
27	0.02547399
28	0.02408810
29	0.02198450
30	0.02038249
31	0.01912026
32	0.02004107
33	0.02142019
34	0.02261559
35	0.02445253
36	0.02524286
37	0.02533898
38	0.02630605
39	0.02692055
40	0.02671418
41	0.02669341
42	0.02658744
43	0.02587439
44	0.02493345
45	0.02398100
46	0.02328916
47	0.02244460
48	0.02227702
49	0.02181632
50	0.02138775
51	0.02085420
52	0.02031176
53	0.01967004
54	0.01891273
55	0.01879164
56	0.01868962
57	0.01832939
58	0.01803803
59	0.01755745
60	0.01713526
61	0.01694905
62	0.01669842
63	0.01644344
64	0.01621890
65	0.01606766
66	0.01567724
67	0.01529147
68	0.01495160
69	0.01464720
70	0.01426643
71	0.01384926
72	0.01352901
73	0.01306052
74	0.01264903
75	0.01216880
76	0.01176620
77	0.01139324
78	0.01111380
79	0.01088999
80	0.01057118
81	0.01031568
82	0.01008408
83	0.00976898
84	0.00957642
85	0.00947952
86	0.00920198
87	0.00899498
88	0.00873824
89	0.00851083
90	0.00822311
91	0.00792510
92	0.00767722
93	0.00741983
94	0.00716375
95	0.00693005
96	0.00671200
97	0.00648956
98	0.00627439
99	0.00607425
100	0.00588164
101	0.00571310
102	0.00557208
103	0.00541120
104	0.00524364
105	0.00509243
106	0.00493515
107	0.00479408
108	0.00466036
109	0.00452377
110	0.00437396
111	0.00423889
112	0.00410966
113	0.00397641
114	0.00385039
115	0.00372779
116	0.00361061
117	0.00349734
118	0.00338823
119	0.00328233
120	0.00317877
121	0.00307936
122	0.00298298
123	0.00288973
124	0.00280144
125	0.00271749
126	0.00263220
127	0.00255196
128	0.00247136
129	0.00239522
130	0.00232066
131	0.00224915
132	0.00217966
133	0.00211219
134	0.00204666
135	0.00198321
136	0.00192168
137	0.00186203
138	0.00180420
139	0.00174816
140	0.00169384
141	0.00164121
142	0.00159021
143	0.00154080
144	0.00149292
145	0.00144653
146	0.00140158
147	0.00135804
148	0.00131587
149	0.00127502
150	0.00123545
151	0.00119710
152	0.00115993
153	0.00112393
154	0.00108904
155	0.00105524
156	0.00102249
157	0.00099075
158	0.00096000
159	0.00093021
160	0.00090134
161	0.00087336
162	0.00084625
163	0.00081998
164	0.00079453
165	0.00076987
166	0.00074597
167	0.00072281
168	0.00070037
169	0.00067863
170	0.00065756
171	0.00063715
172	0.00061737
173	0.00059820
174	0.00057963
175	0.00056164
176	0.00054420
177	0.00052731
178	0.00051094
179	0.00049508
180	0.00047971
181	0.00046482
182	0.00045039
183	0.00043641
184	0.00042286
185	0.00040973
186	0.00039701
187	0.00038469
188	0.00037275
189	0.00036117
190	0.00034996
191	0.00033910
192	0.00032857
193	0.00031837
194	0.00030849
195	0.00029891
196	0.00028963
197	0.00028064
198	0.00027193
199	0.00026349
200	0.00025531
201	0.00024738
202	0.00023970
203	0.00023226
204	0.00022505
205	0.00021807
206	0.00021130
207	0.00020474
208	0.00019838
209	0.00019222
210	0.00018626
211	0.00018047
212	0.00017487
213	0.00016944
214	0.00016418
215	0.00015909
216	0.00015415
217	0.00014936
218	0.00014473
219	0.00014023
220	0.00013588
221	0.00013166
222	0.00012757
223	0.00012361
224	0.00011978
225	0.00011606
226	0.00011246
227	0.00010897
228	0.00010558
229	0.00010230
230	0.00009913
231	0.00009605
232	0.00009307
233	0.00009018
234	0.00008738
235	0.00008467
236	0.00008204
237	0.00007949
238	0.00007703
239	0.00007463
240	0.00007232
241	0.00007007
242	0.00006790
243	0.00006579
244	0.00006375
245	0.00006177
246	0.00005985
247	0.00005799
248	0.00005619
249	0.00005445
250	0.00005276
251	0.00005112
252	0.00004953
253	0.00004800
254	0.00004651
255	0.00004506
256	0.00004366
257	0.00004231
258	0.00004099
259	0.00003972
260	0.00003849
261	0.00003729
262	0.00003614
263	0.00003501
264	0.00003393
265	0.00003287
266	0.00003185
267	0.00003086
268	0.00002991
269	0.00002898
270	0.00002808
271	0.00002721
272	0.00002636
273	0.00002554
274	0.00002475
275	0.00002398
276	0.00002324
277	0.00002252
278	0.00002182
279	0.00002114
280	0.00002048
281	0.00001985
282	0.00001923
283	0.00001864
284	0.00001806
285	0.00001750
286	0.00001695
287	0.00001643
288	0.00001592
289	0.00001542
290	0.00001494
291	0.00001448
292	0.00001403
293	0.00001360
294	0.00001317
295	0.00001276
296	0.00001237
297	0.00001198
298	0.00001161
299	0.00001125
300	0.00001090
301	0.00001056
302	0.00001024
303	0.00000992
304	0.00000961
305	0.00000931
306	0.00000902
307	0.00000874
308	0.00000847
309	0.00000821
310	0.00000795
311	0.00000771
312	0.00000747
313	0.00000724
314	0.00000701
315	0.00000679
316	0.00000658
317	0.00000638
318	0.00000618
319	0.00000599
320	0.00000580
321	0.00000562
322	0.00000545
323	0.00000528
324	0.00000511
325	0.00000496
326	0.00000480
327	0.00000465
328	0.00000451
329	0.00000437
330	0.00000423
331	0.00000410
332	0.00000397
333	0.00000385
334	0.00000373
335	0.00000362
336	0.00000350
337	0.00000339
338	0.00000329
339	0.00000319
340	0.00000309
341	0.00000299
342	0.00000290
343	0.00000281
344	0.00000272
345	0.00000264
346	0.00000256
347	0.00000248
348	0.00000240
349	0.00000233
350	0.00000225
351	0.00000218
352	0.00000212
353	0.00000205
354	0.00000199
355	0.00000192
356	0.00000186
357	0.00000181
358	0.00000175
359	0.00000170
360	0.00000164
361	0.00000159
362	0.00000154
363	0.00000150
364	0.00000145
365	0.00000140
366	0.00000136
367	0.00000132
368	0.00000128
369	0.00000124
370	0.00000120
371	0.00000116
372	0.00000113
373	0.00000109
374	0.00000106
375	0.00000102
376	0.00000099
377	0.00000096
378	0.00000093
379	0.00000090
380	0.00000087
381	0.00000085
382	0.00000082
383	0.00000080
384	0.00000077
385	0.00000075
386	0.00000072
387	0.00000070
388	0.00000068
389	0.00000066
390	0.00000064
391	0.00000062
392	0.00000060
393	0.00000058
394	0.00000056
395	0.00000055
396	0.00000053
397	0.00000051
398	0.00000050
399	0.00000048
400	0.00000047
401	0.00000045
402	0.00000044
403	0.00000042
404	0.00000041
405	0.00000040
406	0.00000039
407	0.00000037
408	0.00000036
409	0.00000035
410	0.00000034
411	0.00000033
412	0.00000032
413	0.00000031
414	0.00000030
415	0.00000029
416	0.00000028
417	0.00000027
418	0.00000026
419	0.00000026
420	0.00000025
421	0.00000024
422	0.00000023
423	0.00000023
424	0.00000022
425	0.00000021
426	0.00000021
427	0.00000020
428	0.00000019
429	0.00000019
430	0.00000018
431	0.00000018
432	0.00000017
433	0.00000016
434	0.00000016
435	0.00000015
436	0.00000015
437	0.00000014
438	0.00000014
439	0.00000014
440	0.00000013
441	0.00000013
442	0.00000012
443	0.00000012
444	0.00000012
445	0.00000011
446	0.00000011
447	0.00000011
448	0.00000010
449	0.00000010
450	0.00000010
451	0.00000009
452	0.00000009
453	0.00000009
454	0.00000008
455	0.00000008
456	0.00000008
457	0.00000008
458	0.00000007
459	0.00000007
460	0.00000007
461	0.00000007
462	0.00000007
463	0.00000006
464	0.00000006
465	0.00000006
466	0.00000006
467	0.00000006
468	0.00000005
469	0.00000005
470	0.00000005
471	0.00000005
472	0.00000005
473	0.00000005
474	0.00000005
475	0.00000004
476	0.00000004
477	0.00000004
478	0.00000004
479	0.00000004
480	0.00000004
481	0.00000004
482	0.00000004
483	0.00000003
484	0.00000003
485	0.00000003
486	0.00000003
487	0.00000003
488	0.00000003
489	0.00000003
490	0.00000003
491	0.00000003
492	0.00000003
493	0.00000002
494	0.00000002
495	0.00000002
496	0.00000002
497	0.00000002
498	0.00000002
499	0.00000002
500	0.00000002
501	0.00000002
502	0.00000002
503	0.00000002
504	0.00000002
505	0.00000002
506	0.00000002
507	0.00000002
508	0.00000002
509	0.00000001
510	0.00000001
511	0.00000001
512	0.00000001
513	0.00000001
514	0.00000001
515	0.00000001
516	0.00000001
517	0.00000001
518	0.00000001
519	0.00000001
520	0.00000001
521	0.00000001
522	0.00000001
523	0.00000001
524	0.00000001
525	0.00000001
526	0.00000001
527	0.00000001
528	0.00000001
529	0.00000001
530	0.00000001
531	0.00000001
532	0.00000001
533	0.00000001
534	0.00000001
535	0.00000001
536	0.00000001
537	0.00000001
538	0.00000001
539	0.00000001
540	0.00000001
541	0.00000001
542	0.00000001
543	0.00000001
544	0.00000000
545	0.00000000
546	0.00000000
547	0.00000000
548	0.00000000
549	0.00000000
550	0.00000000
551	0.00000000
552	0.00000000
553	0.00000000
554	0.00000000
555	0.00000000
556	0.00000000
557	0.00000000
558	0.00000000
559	0.00000000
560	0.00000000
561	0.00000000
562	0.00000000
563	0.00000000
564	0.00000000
565	0.00000000
566	0.00000000
567	0.00000000
568	0.00000000
569	0.00000000
570	0.00000000
571	0.00000000
572	0.00000000
573	0.00000000
574	0.00000000
575	0.00000000
576	0.00000000
577	0.00000000
578	0.00000000
579	0.00000000
580	0.00000000
581	0.00000000
582	0.00000000
583	0.00000000
584	0.00000000
585	0.00000000
586	0.00000000
587	0.00000000
588	0.00000000
589	0.00000000
590	0.00000000
591	0.00000000
592	0.00000000
593	0.00000000
594	0.00000000
595	0.00000000
596	0.00000000
597	0.00000000
598	0.00000000
599	0.00000000
600	0.00000000
601	0.00000000
602	0.00000000
603	0.00000000
604	0.00000000
605	0.00000000
606	0.00000000
607	0.00000000
608	0.00000000
609	0.00000000
610	0.00000000
611	0.00000000
612	0.00000000
613	0.00000000
614	0.00000000
615	0.00000000
616	0.00000000
617	0.00000000
618	0.00000000
619	0.00000000
620	0.00000000
621	0.00000000
622	0.00000000
623	0.00000000
624	0.00000000
625	0.00000000
626	0.00000000
627	0.00000000
628	0.00000000
629	0.00000000
630	0.00000000
631	0.00000000
632	0.00000000
633	0.00000000
634	0.00000000
635	0.00000000
636	0.00000000
637	0.00000000
638	0.00000000
639	0.00000000
640	0.00000000
641	0.00000000
642	0.00000000
643	0.00000000
644	0.00000000
645	0.00000000
646	0.00000000
647	0.00000000
648	0.00000000
649	0.00000000
650	0.00000000
651	0.00000000
652	0.00000000
653	0.00000000
654	0.00000000
655	0.00000000
656	0.00000000
657	0.00000000
658	0.00000000
659	0.00000000
660	0.00000000
661	0.00000000
662	0.00000000
663	0.00000000
664	0.00000000
665	0.00000000
666	0.00000000
667	0.00000000
668	0.00000000
669	0.00000000
670	0.00000000
671	0.00000000
672	0.00000000
673	0.00000000
674	0.00000000
675	0.00000000
676	0.00000000
677	0.00000000
678	0.00000000
679	0.00000000
680	0.00000000
681	0.00000000
682	0.00000000
683	0.00000000
684	0.00000000
685	0.00000000
686	0.00000000
687	0.00000000
688	0.00000000
689	0.00000000
690	0.00000000
691	0.00000000
692	0.00000000
693	0.00000000
694	0.00000000
695	0.00000000
696	0.00000000
697	0.00000000
698	0.00000000
699	0.00000000
700	0.00000000
701	0.00000000
702	0.00000000
703	0.00000000
704	0.00000000
705	0.00000000
706	0.00000000
707	0.00000000
708	0.00000000
709	0.00000000
710	0.00000000
711	0.00000000
712	0.00000000
713	0.00000000
714	0.00000000
715	0.00000000
716	0.00000000
717	0.00000000
718	0.00000000
719	0.00000000
720	0.00000000
721	0.00000000
722	0.00000000
723	0.00000000
724	0.00000000
725	0.00000000
726	0.00000000
727	0.00000000
728	0.00000000
729	0.00000000
730	0.00000000
731	0.00000000
732	0.00000000
733	0.00000000
734	0.00000000
735	0.00000000
736	0.00000000
737	0.00000000
738	0.00000000
739	0.00000000
740	0.00000000
741	0.00000000
742	0.00000000
743	0.00000000
744	0.00000000
745	0.00000000
746	0.00000000
747	0.00000000
748	0.00000000
749	0.00000000
750	0.00000000
751	0.00000000
752	0.00000000
753	0.00000000
754	0.00000000
755	0.00000000
756	0.00000000
757	0.00000000
758	0.00000000
759	0.00000000
760	0.00000000
761	0.00000000
762	0.00000000
763	0.00000000
764	0.00000000
765	0.00000000
766	0.00000000
767	0.00000000
768	0.00000000
769	0.00000000
770	0.00000000
771	0.00000000
772	0.00000000
773	0.00000000
774	0.00000000
775	0.00000000
776	0.00000000
777	0.00000000
778	0.00000000
779	0.00000000
780	0.00000000
781	0.00000000
782	0.00000000
783	0.00000000
784	0.00000000
785	0.00000000
786	0.00000000
787	0.00000000
788	0.00000000
789	0.00000000
790	0.00000000
791	0.00000000
792	0.00000000
793	0.00000000
794	0.00000000
795	0.00000000
796	0.00000000
797	0.00000000
798	0.00000000
799	0.00000000
800	0.00000000
801	0.00000000
802	0.00000000
803	0.00000000
804	0.00000000
805	0.00000000
806	0.00000000
807	0.00000000
808	0.00000000
809	0.00000000
810	0.00000000
811	0.00000000
812	0.00000000
813	0.00000000
814	0.00000000
815	0.00000000
816	0.00000000
817	0.00000000
818	0.00000000
819	0.00000000
820	0.00000000
821	0.00000000
822	0.00000000
823	0.00000000
824	0.00000000
825	0.00000000
826	0.00000000
827	0.00000000
828	0.00000000
829	0.00000000
830	0.00000000
831	0.00000000
832	0.00000000
833	0.00000000
834	0.00000000
835	0.00000000
836	0.00000000
837	0.00000000
838	0.00000000
839	0.00000000
840	0.00000000
841	0.00000000
842	0.00000000
843	0.00000000
844	0.00000000
845	0.00000000
846	0.00000000
847	0.00000000
848	0.00000000
849	0.00000000
850	0.00000000
851	0.00000000
852	0.00000000
853	0.00000000
854	0.00000000
855	0.00000000
856	0.00000000
857	0.00000000
858	0.00000000
859	0.00000000
860	0.00000000
861	0.00000000
862	0.00000000
863	0.00000000
864	0.00000000
865	0.00000000
866	0.00000000
867	0.00000000
868	0.00000000
869	0.00000000
870	0.00000000
871	0.00000000
872	0.00000000
873	0.00000000
874	0.00000000
875	0.00000000
876	0.00000000
877	0.00000000
878	0.00000000
879	0.00000000
880	0.00000000
881	0.00000000
882	0.00000000
883	0.00000000
884	0.00000000
885	0.00000000
886	0.00000000
887	0.00000000
888	0.00000000
889	0.00000000
890	0.00000000
891	0.00000000
892	0.00000000
893	0.00000000
894	0.00000000
895	0.00000000
896	0.00000000
897	0.00000000
898	0.00000000
899	0.00000000
900	0.00000000
901	0.00000000
902	0.00000000
903	0.00000000
904	0.00000000
905	0.00000000
906	0.00000000
907	0.00000000
908	0.00000000
909	0.00000000
910	0.00000000
911	0.00000000
912	0.00000000
913	0.00000000
914	0.00000000
915	0.00000000
916	0.00000000
917	0.00000000
918	0.00000000
919	0.00000000
920	0.00000000
921	0.00000000
922	0.00000000
923	0.00000000
924	0.00000000
925	0.00000000
926	0.00000000
927	0.00000000
928	0.00000000
929	0.00000000
930	0.00000000
931	0.00000000
932	0.00000000
933	0.00000000
934	0.00000000
935	0.00000000
936	0.00000000
937	0.00000000
938	0.00000000
939	0.00000000
940	0.00000000
941	0.00000000
942	0.00000000
943	0.00000000
944	0.00000000
945	0.00000000
946	0.00000000
947	0.00000000
948	0.00000000
949	0.00000000
950	0.00000000
951	0.00000000
952	0.00000000
953	0.00000000
954	0.00000000
955	0.00000000
956	0.00000000
957	0.00000000
958	0.00000000
959	0.00000000
960	0.00000000
961	0.00000000
962	0.00000000
963	0.00000000
964	0.00000000
965	0.00000000
966	0.00000000
967	0.00000000
968	0.00000000
969	0.00000000
970	0.00000000
971	0.00000000
972	0.00000000
973	0.00000000
974	0.00000000
975	0.00000000
976	0.00000000
977	0.00000000
978	0.00000000
979	0.00000000
980	0.00000000
981	0.00000000
982	0.00000000
983	0.00000000
984	0.00000000
985	0.00000000
986	0.00000000
987	0.00000000
988	0.00000000
989	0.00000000
990	0.00000000
991	0.00000000
992	0.00000000
993	0.00000000
994	0.00000000
995	0.00000000
996	0.00000000
997	0.00000000
998	0.00000000
999	0.00000000
