0	0.00000000
1	0.00000000
2	0.00000000
3	0.00000000
4	0.00000000
5	0.00000000
6	0.00000000
7	0.00000000
8	0.00000000
9	0.00000000
10	0.00000000
11	0.00000000
12	0.00000000
13	0.00468658
14	0.03159269
15	0.02610575
16	0.03248639
17	0.03016010
18	0.03771343
19	0.04192232
20	0.04422738
21	0.04028761
22	0.03705570
23	0.03290967
24	0.03023339
25	0.02740714
26	0.02549389
27	0.02331948
28	0.02232577
29	0.02073485
30	0.01956029
31	0.01862833
32	0.02073564
33	0.02322590
34	0.02450411
35	0.02657804
36	0.02759837
37	0.02733087
38	0.02714290
39	0.02744699
40	0.02659604
41	0.02638325
42	0.02600878
43	0.02555784
44	0.02477000
45	0.02424482
46	0.02377703
47	0.02303018
48	0.02280470
49	0.02231937
50	0.02170398
51	0.02123585
52	0.02047020
53	0.01983671
54	0.01911655
55	0.01914826
56	0.01917810
57	0.01891746
58	0.01872174
59	0.01825667
60	0.01777906
61	0.01738517
62	0.01705101
63	0.01679271
64	0.01658831
65	0.01645582
66	0.01613245
67	0.01571672
68	0.01534872
69	0.01497774
70	0.01458168
71	0.01415312
72	0.01380197
73	0.01333852
74	0.01292773
75	0.01243680
76	0.01205927
77	0.01170561
78	0.01146931
79	0.01128221
80	0.01097136
81	0.01071805
82	0.01047999
83	0.01016100
84	0.00992595
85	0.00975412
86	0.00948691
87	0.00927005
88	0.00898581
89	0.00874739
90	0.00846422
91	0.00818058
92	0.00791199
93	0.00765411
94	0.00739386
95	0.00715402
96	0.00693383
97	0.00670583
98	0.00648133
99	0.00627603
100	0.00607866
101	0.00590760
102	0.00576862
103	0.00561570
104	0.00544029
105	0.00528631
106	0.00512414
107	0.00496470
108	0.00481644
109	0.00467631
110	0.00452065
111	0.00438392
112	0.00424938
113	0.00411512
114	0.00398301
115	0.00385660
116	0.00373508
117	0.00361802
118	0.00350482
119	0.00339583
120	0.00328849
121	0.00318573
122	0.00308618
123	0.00298975
124	0.00289876
125	0.00281275
126	0.00272491
127	0.00264238
128	0.00255841
129	0.00247983
130	0.00240239
131	0.00232810
132	0.00225603
133	0.00218617
134	0.00211835
135	0.00205264
136	0.00198894
137	0.00192718
138	0.00186731
139	0.00180928
140	0.00175304
141	0.00169855
142	0.00164576
143	0.00159461
144	0.00154505
145	0.00149704
146	0.00145052
147	0.00140546
148	0.00136182
149	0.00131957
150	0.00127862
151	0.00123894
152	0.00120049
153	0.00116323
154	0.00112713
155	0.00109214
156	0.00105825
157	0.00102540
158	0.00099358
159	0.00096274
160	0.00093286
161	0.00090390
162	0.00087584
163	0.00084866
164	0.00082231
165	0.00079678
166	0.00077205
167	0.00074808
168	0.00072486
169	0.00070235
170	0.00068055
171	0.00065942
172	0.00063895
173	0.00061911
174	0.00059989
175	0.00058127
176	0.00056323
177	0.00054574
178	0.00052880
179	0.00051238
180	0.00049648
181	0.00048107
182	0.00046613
183	0.00045166
184	0.00043764
185	0.00042406
186	0.00041089
187	0.00039814
188	0.00038578
189	0.00037380
190	0.00036220
191	0.00035095
192	0.00034006
193	0.00032950
194	0.00031927
195	0.00030936
196	0.00029976
197	0.00029045
198	0.00028144
199	0.00027270
200	0.00026424
201	0.00025603
202	0.00024808
203	0.00024038
204	0.00023292
205	0.00022569
206	0.00021868
207	0.00021190
208	0.00020532
209	0.00019894
210	0.00019277
211	0.00018678
212	0.00018099
213	0.00017537
214	0.00016992
215	0.00016465
216	0.00015954
217	0.00015458
218	0.00014979
219	0.00014514
220	0.00014063
221	0.00013626
222	0.00013204
223	0.00012794
224	0.00012396
225	0.00012012
226	0.00011639
227	0.00011277
228	0.00010927
229	0.00010588
230	0.00010259
231	0.00009941
232	0.00009632
233	0.00009333
234	0.00009044
235	0.00008763
236	0.00008491
237	0.00008227
238	0.00007972
239	0.00007724
240	0.00007485
241	0.00007252
242	0.00007027
243	0.00006809
244	0.00006598
245	0.00006393
246	0.00006194
247	0.00006002
248	0.00005816
249	0.00005635
250	0.00005460
251	0.00005291
252	0.00005127
253	0.00004967
254	0.00004813
255	0.00004664
256	0.00004519
257	0.00004379
258	0.00004243
259	0.00004111
260	0.00003983
261	0.00003860
262	0.00003740
263	0.00003624
264	0.00003511
265	0.00003402
266	0.00003297
267	0.00003194
268	0.00003095
269	0.00002999
270	0.00002906
271	0.00002816
272	0.00002728
273	0.00002644
274	0.00002562
275	0.00002482
276	0.00002405
277	0.00002330
278	0.00002258
279	0.00002188
280	0.00002120
281	0.00002054
282	0.00001990
283	0.00001929
284	0.00001869
285	0.00001811
286	0.00001755
287	0.00001700
288	0.00001647
289	0.00001596
290	0.00001547
291	0.00001499
292	0.00001452
293	0.00001407
294	0.00001363
295	0.00001321
296	0.00001280
297	0.00001240
298	0.00001202
299	0.00001164
300	0.00001128
301	0.00001093
302	0.00001059
303	0.00001026
304	0.00000995
305	0.00000964
306	0.00000934
307	0.00000905
308	0.00000877
309	0.00000850
310	0.00000823
311	0.00000798
312	0.00000773
313	0.00000749
314	0.00000726
315	0.00000703
316	0.00000681
317	0.00000660
318	0.00000640
319	0.00000620
320	0.00000601
321	0.00000582
322	0.00000564
323	0.00000546
324	0.00000529
325	0.00000513
326	0.00000497
327	0.00000482
328	0.00000467
329	0.00000452
330	0.00000438
331	0.00000424
332	0.00000411
333	0.00000399
334	0.00000386
335	0.00000374
336	0.00000363
337	0.00000351
338	0.00000340
339	0.00000330
340	0.00000320
341	0.00000310
342	0.00000300
343	0.00000291
344	0.00000282
345	0.00000273
346	0.00000265
347	0.00000256
348	0.00000248
349	0.00000241
350	0.00000233
351	0.00000226
352	0.00000219
353	0.00000212
354	0.00000206
355	0.00000199
356	0.00000193
357	0.00000187
358	0.00000181
359	0.00000176
360	0.00000170
361	0.00000165
362	0.00000160
363	0.00000155
364	0.00000150
365	0.00000145
366	0.00000141
367	0.00000136
368	0.00000132
369	0.00000128
370	0.00000124
371	0.00000120
372	0.00000117
373	0.00000113
374	0.00000109
375	0.00000106
376	0.00000103
377	0.00000100
378	0.00000096
379	0.00000093
380	0.00000091
381	0.00000088
382	0.00000085
383	0.00000082
384	0.00000080
385	0.00000077
386	0.00000075
387	0.00000073
388	0.00000070
389	0.00000068
390	0.00000066
391	0.00000064
392	0.00000062
393	0.00000060
394	0.00000058
395	0.00000056
396	0.00000055
397	0.00000053
398	0.00000051
399	0.00000050
400	0.00000048
401	0.00000047
402	0.00000045
403	0.00000044
404	0.00000042
405	0.00000041
406	0.00000040
407	0.00000039
408	0.00000037
409	0.00000036
410	0.00000035
411	0.00000034
412	0.00000033
413	0.00000032
414	0.00000031
415	0.00000030
416	0.00000029
417	0.00000028
418	0.00000027
419	0.00000026
420	0.00000026
421	0.00000025
422	0.00000024
423	0.00000023
424	0.00000023
425	0.00000022
426	0.00000021
427	0.00000021
428	0.00000020
429	0.00000019
430	0.00000019
431	0.00000018
432	0.00000018
433	0.00000017
434	0.00000016
435	0.00000016
436	0.00000015
437	0.00000015
438	0.00000015
439	0.00000014
440	0.00000014
441	0.00000013
442	0.00000013
443	0.00000012
444	0.00000012
445	0.00000012
446	0.00000011
447	0.00000011
448	0.00000011
449	0.00000010
450	0.00000010
451	0.00000010
452	0.00000009
453	0.00000009
454	0.00000009
455	0.00000009
456	0.00000008
457	0.00000008
458	0.00000008
459	0.00000007
460	0.00000007
461	0.00000007
462	0.00000007
463	0.00000007
464	0.00000006
465	0.00000006
466	0.00000006
467	0.00000006
468	0.00000006
469	0.00000005
470	0.00000005
471	0.00000005
472	0.00000005
473	0.00000005
474	0.00000005
475	0.00000005
476	0.00000004
477	0.00000004
478	0.00000004
479	0.00000004
480	0.00000004
481	0.00000004
482	0.00000004
483	0.00000004
484	0.00000003
485	0.00000003
486	0.00000003
487	0.00000003
488	0.00000003
489	0.00000003
490	0.00000003
491	0.00000003
492	0.00000003
493	0.00000003
494	0.00000002
495	0.00000002
496	0.00000002
497	0.00000002
498	0.00000002
499	0.00000002
500	0.00000002
501	0.00000002
502	0.00000002
503	0.00000002
504	0.00000002
505	0.00000002
506	0.00000002
507	0.00000002
508	0.00000002
509	0.00000002
510	0.00000002
511	0.00000001
512	0.00000001
513	0.00000001
514	0.00000001
515	0.00000001
516	0.00000001
517	0.00000001
518	0.00000001
519	0.00000001
520	0.00000001
521	0.00000001
522	0.00000001
523	0.00000001
524	0.00000001
525	0.00000001
526	0.00000001
527	0.00000001
528	0.00000001
529	0.00000001
530	0.00000001
531	0.00000001
532	0.00000001
533	0.00000001
534	0.00000001
535	0.00000001
536	0.00000001
537	0.00000001
538	0.00000001
539	0.00000001
540	0.00000001
541	0.00000001
542	0.00000001
543	0.00000001
544	0.00000001
545	0.00000000
546	0.00000000
547	0.00000000
548	0.00000000
549	0.00000000
550	0.00000000
551	0.00000000
552	0.00000000
553	0.00000000
554	0.00000000
555	0.00000000
556	0.00000000
557	0.00000000
558	0.00000000
559	0.00000000
560	0.00000000
561	0.00000000
562	0.00000000
563	0.00000000
564	0.00000000
565	0.00000000
566	0.00000000
567	0.00000000
568	0.00000000
569	0.00000000
570	0.00000000
571	0.00000000
572	0.00000000
573	0.00000000
574	0.00000000
575	0.00000000
576	0.00000000
577	0.00000000
578	0.00000000
579	0.00000000
580	0.00000000
581	0.00000000
582	0.00000000
583	0.00000000
584	0.00000000
585	0.00000000
586	0.00000000
587	0.00000000
588	0.00000000
589	0.00000000
590	0.00000000
591	0.00000000
592	0.00000000
593	0.00000000
594	0.00000000
595	0.00000000
596	0.00000000
597	0.00000000
598	0.00000000
599	0.00000000
600	0.00000000
601	0.00000000
602	0.00000000
603	0.00000000
604	0.00000000
605	0.00000000
606	0.00000000
607	0.00000000
608	0.00000000
609	0.00000000
610	0.00000000
611	0.00000000
612	0.00000000
613	0.00000000
614	0.00000000
615	0.00000000
616	0.00000000
617	0.00000000
618	0.00000000
619	0.00000000
620	0.00000000
621	0.00000000
622	0.00000000
623	0.00000000
624	0.00000000
625	0.00000000
626	0.00000000
627	0.00000000
628	0.00000000
629	0.00000000
630	0.00000000
631	0.00000000
632	0.00000000
633	0.00000000
634	0.00000000
635	0.00000000
636	0.00000000
637	0.00000000
638	0.00000000
639	0.00000000
640	0.00000000
641	0.00000000
642	0.00000000
643	0.00000000
644	0.00000000
645	0.00000000
646	0.00000000
647	0.00000000
648	0.00000000
649	0.00000000
650	0.00000000
651	0.00000000
652	0.00000000
653	0.00000000
654	0.00000000
655	0.00000000
656	0.00000000
657	0.00000000
658	0.00000000
659	0.00000000
660	0.00000000
661	0.00000000
662	0.00000000
663	0.00000000
664	0.00000000
665	0.00000000
666	0.00000000
667	0.00000000
668	0.00000000
669	0.00000000
670	0.00000000
671	0.00000000
672	0.00000000
673	0.00000000
674	0.00000000
675	0.00000000
676	0.00000000
677	0.00000000
678	0.00000000
679	0.00000000
680	0.00000000
681	0.00000000
682	0.00000000
683	0.00000000
684	0.00000000
685	0.00000000
686	0.00000000
687	0.00000000
688	0.00000000
689	0.00000000
690	0.00000000
691	0.00000000
692	0.00000000
693	0.00000000
694	0.00000000
695	0.00000000
696	0.00000000
697	0.00000000
698	0.00000000
699	0.00000000
700	0.00000000
701	0.00000000
702	0.00000000
703	0.00000000
704	0.00000000
705	0.00000000
706	0.00000000
707	0.00000000
708	0.00000000
709	0.00000000
710	0.00000000
711	0.00000000
712	0.00000000
713	0.00000000
714	0.00000000
715	0.00000000
716	0.00000000
717	0.00000000
718	0.00000000
719	0.00000000
720	0.00000000
721	0.00000000
722	0.00000000
723	0.00000000
724	0.00000000
725	0.00000000
726	0.00000000
727	0.00000000
728	0.00000000
729	0.00000000
730	0.00000000
731	0.00000000
732	0.00000000
733	0.00000000
734	0.00000000
735	0.00000000
736	0.00000000
737	0.00000000
738	0.00000000
739	0.00000000
740	0.00000000
741	0.00000000
742	0.00000000
743	0.00000000
744	0.00000000
745	0.00000000
746	0.00000000
747	0.00000000
748	0.00000000
749	0.00000000
750	0.00000000
751	0.00000000
752	0.00000000
753	0.00000000
754	0.00000000
755	0.00000000
756	0.00000000
757	0.00000000
758	0.00000000
759	0.00000000
760	0.00000000
761	0.00000000
762	0.00000000
763	0.00000000
764	0.00000000
765	0.00000000
766	0.00000000
767	0.00000000
768	0.00000000
769	0.00000000
770	0.00000000
771	0.00000000
772	0.00000000
773	0.00000000
774	0.00000000
775	0.00000000
776	0.00000000
777	0.00000000
778	0.00000000
779	0.00000000
780	0.00000000
781	0.00000000
782	0.00000000
783	0.00000000
784	0.00000000
785	0.00000000
786	0.00000000
787	0.00000000
788	0.00000000
789	0.00000000
790	0.00000000
791	0.00000000
792	0.00000000
793	0.00000000
794	0.00000000
795	0.00000000
796	0.00000000
797	0.00000000
798	0.00000000
799	0.00000000
800	0.00000000
801	0.00000000
802	0.00000000
803	0.00000000
804	0.00000000
805	0.00000000
806	0.00000000
807	0.00000000
808	0.00000000
809	0.00000000
810	0.00000000
811	0.00000000
812	0.00000000
813	0.00000000
814	0.00000000
815	0.00000000
816	0.00000000
817	0.00000000
818	0.00000000
819	0.00000000
820	0.00000000
821	0.00000000
822	0.00000000
823	0.00000000
824	0.00000000
825	0.00000000
826	0.00000000
827	0.00000000
828	0.00000000
829	0.00000000
830	0.00000000
831	0.00000000
832	0.00000000
833	0.00000000
834	0.00000000
835	0.00000000
836	0.00000000
837	0.00000000
838	0.00000000
839	0.00000000
840	0.00000000
841	0.00000000
842	0.00000000
843	0.00000000
844	0.00000000
845	0.00000000
846	0.00000000
847	0.00000000
848	0.00000000
849	0.00000000
850	0.00000000
851	0.00000000
852	0.00000000
853	0.00000000
854	0.00000000
855	0.00000000
856	0.00000000
857	0.00000000
858	0.00000000
859	0.00000000
860	0.00000000
861	0.00000000
862	0.00000000
863	0.00000000
864	0.00000000
865	0.00000000
866	0.00000000
867	0.00000000
868	0.00000000
869	0.00000000
870	0.00000000
871	0.00000000
872	0.00000000
873	0.00000000
874	0.00000000
875	0.00000000
876	0.00000000
877	0.00000000
878	0.00000000
879	0.00000000
880	0.00000000
881	0.00000000
882	0.00000000
883	0.00000000
884	0.00000000
885	0.00000000
886	0.00000000
887	0.00000000
888	0.00000000
889	0.00000000
890	0.00000000
891	0.00000000
892	0.00000000
893	0.00000000
894	0.00000000
895	0.00000000
896	0.00000000
897	0.00000000
898	0.00000000
899	0.00000000
900	0.00000000
901	0.00000000
902	0.00000000
903	0.00000000
904	0.00000000
905	0.00000000
906	0.00000000
907	0.00000000
908	0.00000000
909	0.00000000
910	0.00000000
911	0.00000000
912	0.00000000
913	0.00000000
914	0.00000000
915	0.00000000
916	0.00000000
917	0.00000000
918	0.00000000
919	0.00000000
920	0.00000000
921	0.00000000
922	0.00000000
923	0.00000000
924	0.00000000
925	0.00000000
926	0.00000000
927	0.00000000
928	0.00000000
929	0.00000000
930	0.00000000
931	0.00000000
932	0.00000000
933	0.00000000
934	0.00000000
935	0.00000000
936	0.00000000
937	0.00000000
938	0.00000000
939	0.00000000
940	0.00000000
941	0.00000000
942	0.00000000
943	0.00000000
944	0.00000000
945	0.00000000
946	0.00000000
947	0.00000000
948	0.00000000
949	0.00000000
950	0.00000000
951	0.00000000
952	0.00000000
953	0.00000000
954	0.00000000
955	0.00000000
956	0.00000000
957	0.00000000
958	0.00000000
959	0.00000000
960	0.00000000
961	0.00000000
962	0.00000000
963	0.00000000
964	0.00000000
965	0.00000000
966	0.00000000
967	0.00000000
968	0.00000000
969	0.00000000
970	0.00000000
971	0.00000000
972	0.00000000
973	0.00000000
974	0.00000000
975	0.00000000
976	0.00000000
977	0.00000000
978	0.00000000
979	0.00000000
980	0.00000000
981	0.00000000
982	0.00000000
983	0.00000000
984	0.00000000
985	0.00000000
986	0.00000000
987	0.00000000
988	0.00000000
989	0.00000000
990	0.00000000
991	0.00000000
992	0.00000000
993	0.00000000
994	0.00000000
995	0.00000000
996	0.00000000
997	0.00000000
998	0.00000000
999	0.00000000
