0	0.00000000
1	0.00000000
2	0.00000000
3	0.00000000
4	0.00000000
5	0.00000000
6	0.00000000
7	0.00000000
8	0.00000000
9	0.00000000
10	0.00000000
11	0.00000000
12	0.00000000
13	0.00953060
14	0.06306561
15	0.05106224
16	0.05411394
17	0.04114954
18	0.04160559
19	0.04149554
20	0.04220073
21	0.03673743
22	0.03365133
23	0.02919072
24	0.02542849
25	0.02234477
26	0.02084763
27	0.01944536
28	0.01901609
29	0.01781082
30	0.01730536
31	0.01696144
32	0.02065199
33	0.02503460
34	0.02598374
35	0.02814500
36	0.02971627
37	0.02908553
38	0.02816847
39	0.02787152
40	0.02693173
41	0.02670216
42	0.02606256
43	0.02577796
44	0.02522833
45	0.02493683
46	0.02485456
47	0.02390967
48	0.02336987
49	0.02267382
50	0.02194672
51	0.02123611
52	0.02052909
53	0.01989773
54	0.01919346
55	0.01947239
56	0.01952577
57	0.01934086
58	0.01927371
59	0.01894112
60	0.01841583
61	0.01793439
62	0.01757766
63	0.01738033
64	0.01727145
65	0.01702984
66	0.01676079
67	0.01629590
68	0.01570443
69	0.01538726
70	0.01495179
71	0.01452111
72	0.01413558
73	0.01365403
74	0.01323042
75	0.01275805
76	0.01239020
77	0.01201987
78	0.01182442
79	0.01167747
80	0.01141535
81	0.01113150
82	0.01096400
83	0.01065496
84	0.01037563
85	0.01015943
86	0.00986495
87	0.00962587
88	0.00933561
89	0.00905291
90	0.00875809
91	0.00847604
92	0.00819477
93	0.00794572
94	0.00766250
95	0.00742014
96	0.00719306
97	0.00695555
98	0.00672563
99	0.00651343
100	0.00631019
101	0.00612969
102	0.00599162
103	0.00584963
104	0.00567079
105	0.00552177
106	0.00535639
107	0.00518032
108	0.00501749
109	0.00486122
110	0.00470577
111	0.00455842
112	0.00442032
113	0.00428085
114	0.00414638
115	0.00401049
116	0.00388579
117	0.00376435
118	0.00364548
119	0.00353216
120	0.00342044
121	0.00331364
122	0.00321024
123	0.00311013
124	0.00301563
125	0.00292739
126	0.00283772
127	0.00275167
128	0.00266356
129	0.00258273
130	0.00250151
131	0.00242418
132	0.00234881
133	0.00227592
134	0.00220529
135	0.00213682
136	0.00207045
137	0.00200613
138	0.00194376
139	0.00188332
140	0.00182474
141	0.00176799
142	0.00171301
143	0.00165975
144	0.00160815
145	0.00155817
146	0.00150974
147	0.00146284
148	0.00141743
149	0.00137346
150	0.00133087
151	0.00128958
152	0.00124958
153	0.00121081
154	0.00117323
155	0.00113683
156	0.00110154
157	0.00106735
158	0.00103422
159	0.00100212
160	0.00097102
161	0.00094088
162	0.00091167
163	0.00088337
164	0.00085595
165	0.00082938
166	0.00080363
167	0.00077868
168	0.00075450
169	0.00073108
170	0.00070838
171	0.00068639
172	0.00066508
173	0.00064443
174	0.00062443
175	0.00060504
176	0.00058626
177	0.00056806
178	0.00055043
179	0.00053334
180	0.00051678
181	0.00050074
182	0.00048520
183	0.00047013
184	0.00045554
185	0.00044140
186	0.00042770
187	0.00041442
188	0.00040156
189	0.00038909
190	0.00037701
191	0.00036531
192	0.00035397
193	0.00034298
194	0.00033233
195	0.00032202
196	0.00031202
197	0.00030233
198	0.00029295
199	0.00028385
200	0.00027504
201	0.00026650
202	0.00025823
203	0.00025021
204	0.00024245
205	0.00023492
206	0.00022763
207	0.00022056
208	0.00021371
209	0.00020708
210	0.00020065
211	0.00019442
212	0.00018839
213	0.00018254
214	0.00017687
215	0.00017138
216	0.00016606
217	0.00016091
218	0.00015591
219	0.00015107
220	0.00014638
221	0.00014184
222	0.00013744
223	0.00013317
224	0.00012903
225	0.00012503
226	0.00012115
227	0.00011739
228	0.00011374
229	0.00011021
230	0.00010679
231	0.00010348
232	0.00010026
233	0.00009715
234	0.00009414
235	0.00009121
236	0.00008838
237	0.00008564
238	0.00008298
239	0.00008040
240	0.00007791
241	0.00007549
242	0.00007315
243	0.00007087
244	0.00006867
245	0.00006654
246	0.00006448
247	0.00006248
248	0.00006054
249	0.00005866
250	0.00005684
251	0.00005507
252	0.00005336
253	0.00005171
254	0.00005010
255	0.00004855
256	0.00004704
257	0.00004558
258	0.00004416
259	0.00004279
260	0.00004146
261	0.00004018
262	0.00003893
263	0.00003772
264	0.00003655
265	0.00003542
266	0.00003432
267	0.00003325
268	0.00003222
269	0.00003122
270	0.00003025
271	0.00002931
272	0.00002840
273	0.00002752
274	0.00002666
275	0.00002584
276	0.00002503
277	0.00002426
278	0.00002350
279	0.00002277
280	0.00002207
281	0.00002138
282	0.00002072
283	0.00002008
284	0.00001945
285	0.00001885
286	0.00001826
287	0.00001770
288	0.00001715
289	0.00001661
290	0.00001610
291	0.00001560
292	0.00001512
293	0.00001465
294	0.00001419
295	0.00001375
296	0.00001332
297	0.00001291
298	0.00001251
299	0.00001212
300	0.00001174
301	0.00001138
302	0.00001103
303	0.00001068
304	0.00001035
305	0.00001003
306	0.00000972
307	0.00000942
308	0.00000913
309	0.00000884
310	0.00000857
311	0.00000830
312	0.00000804
313	0.00000779
314	0.00000755
315	0.00000732
316	0.00000709
317	0.00000687
318	0.00000666
319	0.00000645
320	0.00000625
321	0.00000606
322	0.00000587
323	0.00000569
324	0.00000551
325	0.00000534
326	0.00000517
327	0.00000501
328	0.00000486
329	0.00000471
330	0.00000456
331	0.00000442
332	0.00000428
333	0.00000415
334	0.00000402
335	0.00000389
336	0.00000377
337	0.00000366
338	0.00000354
339	0.00000343
340	0.00000333
341	0.00000322
342	0.00000312
343	0.00000303
344	0.00000293
345	0.00000284
346	0.00000275
347	0.00000267
348	0.00000259
349	0.00000250
350	0.00000243
351	0.00000235
352	0.00000228
353	0.00000221
354	0.00000214
355	0.00000207
356	0.00000201
357	0.00000195
358	0.00000189
359	0.00000183
360	0.00000177
361	0.00000172
362	0.00000166
363	0.00000161
364	0.00000156
365	0.00000151
366	0.00000147
367	0.00000142
368	0.00000138
369	0.00000133
370	0.00000129
371	0.00000125
372	0.00000121
373	0.00000118
374	0.00000114
375	0.00000110
376	0.00000107
377	0.00000104
378	0.00000100
379	0.00000097
380	0.00000094
381	0.00000091
382	0.00000088
383	0.00000086
384	0.00000083
385	0.00000080
386	0.00000078
387	0.00000076
388	0.00000073
389	0.00000071
390	0.00000069
391	0.00000067
392	0.00000065
393	0.00000063
394	0.00000061
395	0.00000059
396	0.00000057
397	0.00000055
398	0.00000053
399	0.00000052
400	0.00000050
401	0.00000049
402	0.00000047
403	0.00000046
404	0.00000044
405	0.00000043
406	0.00000042
407	0.00000040
408	0.00000039
409	0.00000038
410	0.00000037
411	0.00000035
412	0.00000034
413	0.00000033
414	0.00000032
415	0.00000031
416	0.00000030
417	0.00000029
418	0.00000028
419	0.00000028
420	0.00000027
421	0.00000026
422	0.00000025
423	0.00000024
424	0.00000024
425	0.00000023
426	0.00000022
427	0.00000021
428	0.00000021
429	0.00000020
430	0.00000019
431	0.00000019
432	0.00000018
433	0.00000018
434	0.00000017
435	0.00000017
436	0.00000016
437	0.00000016
438	0.00000015
439	0.00000015
440	0.00000014
441	0.00000014
442	0.00000013
443	0.00000013
444	0.00000013
445	0.00000012
446	0.00000012
447	0.00000011
448	0.00000011
449	0.00000011
450	0.00000010
451	0.00000010
452	0.00000010
453	0.00000009
454	0.00000009
455	0.00000009
456	0.00000009
457	0.00000008
458	0.00000008
459	0.00000008
460	0.00000008
461	0.00000007
462	0.00000007
463	0.00000007
464	0.00000007
465	0.00000006
466	0.00000006
467	0.00000006
468	0.00000006
469	0.00000006
470	0.00000006
471	0.00000005
472	0.00000005
473	0.00000005
474	0.00000005
475	0.00000005
476	0.00000005
477	0.00000004
478	0.00000004
479	0.00000004
480	0.00000004
481	0.00000004
482	0.00000004
483	0.00000004
484	0.00000004
485	0.00000003
486	0.00000003
487	0.00000003
488	0.00000003
489	0.00000003
490	0.00000003
491	0.00000003
492	0.00000003
493	0.00000003
494	0.00000003
495	0.00000003
496	0.00000002
497	0.00000002
498	0.00000002
499	0.00000002
500	0.00000002
501	0.00000002
502	0.00000002
503	0.00000002
504	0.00000002
505	0.00000002
506	0.00000002
507	0.00000002
508	0.00000002
509	0.00000002
510	0.00000002
511	0.00000002
512	0.00000001
513	0.00000001
514	0.00000001
515	0.00000001
516	0.00000001
517	0.00000001
518	0.00000001
519	0.00000001
520	0.00000001
521	0.00000001
522	0.00000001
523	0.00000001
524	0.00000001
525	0.00000001
526	0.00000001
527	0.00000001
528	0.00000001
529	0.00000001
530	0.00000001
531	0.00000001
532	0.00000001
533	0.00000001
534	0.00000001
535	0.00000001
536	0.00000001
537	0.00000001
538	0.00000001
539	0.00000001
540	0.00000001
541	0.00000001
542	0.00000001
543	0.00000001
544	0.00000001
545	0.00000001
546	0.00000001
547	0.00000000
548	0.00000000
549	0.00000000
550	0.00000000
551	0.00000000
552	0.00000000
553	0.00000000
554	0.00000000
555	0.00000000
556	0.00000000
557	0.00000000
558	0.00000000
559	0.00000000
560	0.00000000
561	0.00000000
562	0.00000000
563	0.00000000
564	0.00000000
565	0.00000000
566	0.00000000
567	0.00000000
568	0.00000000
569	0.00000000
570	0.00000000
571	0.00000000
572	0.00000000
573	0.00000000
574	0.00000000
575	0.00000000
576	0.00000000
577	0.00000000
578	0.00000000
579	0.00000000
580	0.00000000
581	0.00000000
582	0.00000000
583	0.00000000
584	0.00000000
585	0.00000000
586	0.00000000
587	0.00000000
588	0.00000000
589	0.00000000
590	0.00000000
591	0.00000000
592	0.00000000
593	0.00000000
594	0.00000000
595	0.00000000
596	0.00000000
597	0.00000000
598	0.00000000
599	0.00000000
600	0.00000000
601	0.00000000
602	0.00000000
603	0.00000000
604	0.00000000
605	0.00000000
606	0.00000000
607	0.00000000
608	0.00000000
609	0.00000000
610	0.00000000
611	0.00000000
612	0.00000000
613	0.00000000
614	0.00000000
615	0.00000000
616	0.00000000
617	0.00000000
618	0.00000000
619	0.00000000
620	0.00000000
621	0.00000000
622	0.00000000
623	0.00000000
624	0.00000000
625	0.00000000
626	0.00000000
627	0.00000000
628	0.00000000
629	0.00000000
630	0.00000000
631	0.00000000
632	0.00000000
633	0.00000000
634	0.00000000
635	0.00000000
636	0.00000000
637	0.00000000
638	0.00000000
639	0.00000000
640	0.00000000
641	0.00000000
642	0.00000000
643	0.00000000
644	0.00000000
645	0.00000000
646	0.00000000
647	0.00000000
648	0.00000000
649	0.00000000
650	0.00000000
651	0.00000000
652	0.00000000
653	0.00000000
654	0.00000000
655	0.00000000
656	0.00000000
657	0.00000000
658	0.00000000
659	0.00000000
660	0.00000000
661	0.00000000
662	0.00000000
663	0.00000000
664	0.00000000
665	0.00000000
666	0.00000000
667	0.00000000
668	0.00000000
669	0.00000000
670	0.00000000
671	0.00000000
672	0.00000000
673	0.00000000
674	0.00000000
675	0.00000000
676	0.00000000
677	0.00000000
678	0.00000000
679	0.00000000
680	0.00000000
681	0.00000000
682	0.00000000
683	0.00000000
684	0.00000000
685	0.00000000
686	0.00000000
687	0.00000000
688	0.00000000
689	0.00000000
690	0.00000000
691	0.00000000
692	0.00000000
693	0.00000000
694	0.00000000
695	0.00000000
696	0.00000000
697	0.00000000
698	0.00000000
699	0.00000000
700	0.00000000
701	0.00000000
702	0.00000000
703	0.00000000
704	0.00000000
705	0.00000000
706	0.00000000
707	0.00000000
708	0.00000000
709	0.00000000
710	0.00000000
711	0.00000000
712	0.00000000
713	0.00000000
714	0.00000000
715	0.00000000
716	0.00000000
717	0.00000000
718	0.00000000
719	0.00000000
720	0.00000000
721	0.00000000
722	0.00000000
723	0.00000000
724	0.00000000
725	0.00000000
726	0.00000000
727	0.00000000
728	0.00000000
729	0.00000000
730	0.00000000
731	0.00000000
732	0.00000000
733	0.00000000
734	0.00000000
735	0.00000000
736	0.00000000
737	0.00000000
738	0.00000000
739	0.00000000
740	0.00000000
741	0.00000000
742	0.00000000
743	0.00000000
744	0.00000000
745	0.00000000
746	0.00000000
747	0.00000000
748	0.00000000
749	0.00000000
750	0.00000000
751	0.00000000
752	0.00000000
753	0.00000000
754	0.00000000
755	0.00000000
756	0.00000000
757	0.00000000
758	0.00000000
759	0.00000000
760	0.00000000
761	0.00000000
762	0.00000000
763	0.00000000
764	0.00000000
765	0.00000000
766	0.00000000
767	0.00000000
768	0.00000000
769	0.00000000
770	0.00000000
771	0.00000000
772	0.00000000
773	0.00000000
774	0.00000000
775	0.00000000
776	0.00000000
777	0.00000000
778	0.00000000
779	0.00000000
780	0.00000000
781	0.00000000
782	0.00000000
783	0.00000000
784	0.00000000
785	0.00000000
786	0.00000000
787	0.00000000
788	0.00000000
789	0.00000000
790	0.00000000
791	0.00000000
792	0.00000000
793	0.00000000
794	0.00000000
795	0.00000000
796	0.00000000
797	0.00000000
798	0.00000000
799	0.00000000
800	0.00000000
801	0.00000000
802	0.00000000
803	0.00000000
804	0.00000000
805	0.00000000
806	0.00000000
807	0.00000000
808	0.00000000
809	0.00000000
810	0.00000000
811	0.00000000
812	0.00000000
813	0.00000000
814	0.00000000
815	0.00000000
816	0.00000000
817	0.00000000
818	0.00000000
819	0.00000000
820	0.00000000
821	0.00000000
822	0.00000000
823	0.00000000
824	0.00000000
825	0.00000000
826	0.00000000
827	0.00000000
828	0.00000000
829	0.00000000
830	0.00000000
831	0.00000000
832	0.00000000
833	0.00000000
834	0.00000000
835	0.00000000
836	0.00000000
837	0.00000000
838	0.00000000
839	0.00000000
840	0.00000000
841	0.00000000
842	0.00000000
843	0.00000000
844	0.00000000
845	0.00000000
846	0.00000000
847	0.00000000
848	0.00000000
849	0.00000000
850	0.00000000
851	0.00000000
852	0.00000000
853	0.00000000
854	0.00000000
855	0.00000000
856	0.00000000
857	0.00000000
858	0.00000000
859	0.00000000
860	0.00000000
861	0.00000000
862	0.00000000
863	0.00000000
864	0.00000000
865	0.00000000
866	0.00000000
867	0.00000000
868	0.00000000
869	0.00000000
870	0.00000000
871	0.00000000
872	0.00000000
873	0.00000000
874	0.00000000
875	0.00000000
876	0.00000000
877	0.00000000
878	0.00000000
879	0.00000000
880	0.00000000
881	0.00000000
882	0.00000000
883	0.00000000
884	0.00000000
885	0.00000000
886	0.00000000
887	0.00000000
888	0.00000000
889	0.00000000
890	0.00000000
891	0.00000000
892	0.00000000
893	0.00000000
894	0.00000000
895	0.00000000
896	0.00000000
897	0.00000000
898	0.00000000
899	0.00000000
900	0.00000000
901	0.00000000
902	0.00000000
903	0.00000000
904	0.00000000
905	0.00000000
906	0.00000000
907	0.00000000
908	0.00000000
909	0.00000000
910	0.00000000
911	0.00000000
912	0.00000000
913	0.00000000
914	0.00000000
915	0.00000000
916	0.00000000
917	0.00000000
918	0.00000000
919	0.00000000
920	0.00000000
921	0.00000000
922	0.00000000
923	0.00000000
924	0.00000000
925	0.00000000
926	0.00000000
927	0.00000000
928	0.00000000
929	0.00000000
930	0.00000000
931	0.00000000
932	0.00000000
933	0.00000000
934	0.00000000
935	0.00000000
936	0.00000000
937	0.00000000
938	0.00000000
939	0.00000000
940	0.00000000
941	0.00000000
942	0.00000000
943	0.00000000
944	0.00000000
945	0.00000000
946	0.00000000
947	0.00000000
948	0.00000000
949	0.00000000
950	0.00000000
951	0.00000000
952	0.00000000
953	0.00000000
954	0.00000000
955	0.00000000
956	0.00000000
957	0.00000000
958	0.00000000
959	0.00000000
960	0.00000000
961	0.00000000
962	0.00000000
963	0.00000000
964	0.00000000
965	0.00000000
966	0.00000000
967	0.00000000
968	0.00000000
969	0.00000000
970	0.00000000
971	0.00000000
972	0.00000000
973	0.00000000
974	0.00000000
975	0.00000000
976	0.00000000
977	0.00000000
978	0.00000000
979	0.00000000
980	0.00000000
981	0.00000000
982	0.00000000
983	0.00000000
984	0.00000000
985	0.00000000
986	0.00000000
987	0.00000000
988	0.00000000
989	0.00000000
990	0.00000000
991	0.00000000
992	0.00000000
993	0.00000000
994	0.00000000
995	0.00000000
996	0.00000000
997	0.00000000
998	0.00000000
999	0.00000000
