0	0.00000000
1	0.00000000
2	0.00000000
3	0.00000000
4	0.00000000
5	0.00000000
6	0.00000000
7	0.00000000
8	0.00000000
9	0.00000000
10	0.00000000
11	0.00000000
12	0.00000000
13	0.01436216
14	0.09258527
15	0.07251342
16	0.07536416
17	0.05185121
18	0.04741202
19	0.04330611
20	0.04129457
21	0.03592341
22	0.03191929
23	0.02721501
24	0.02342267
25	0.02048447
26	0.01876064
27	0.01729923
28	0.01677101
29	0.01607408
30	0.01559038
31	0.01546518
32	0.01928744
33	0.02565073
34	0.02691554
35	0.02823098
36	0.03033298
37	0.02969278
38	0.02844561
39	0.02811531
40	0.02711966
41	0.02702783
42	0.02632083
43	0.02631583
44	0.02559194
45	0.02549546
46	0.02534513
47	0.02436753
48	0.02376626
49	0.02277208
50	0.02202499
51	0.02116199
52	0.02041616
53	0.01981451
54	0.01907140
55	0.01931516
56	0.01956818
57	0.01943303
58	0.01942646
59	0.01920920
60	0.01865794
61	0.01819298
62	0.01800211
63	0.01774109
64	0.01765554
65	0.01740129
66	0.01700727
67	0.01652759
68	0.01591299
69	0.01554124
70	0.01507360
71	0.01462848
72	0.01425221
73	0.01378027
74	0.01333854
75	0.01284200
76	0.01246587
77	0.01211826
78	0.01191111
79	0.01176921
80	0.01155203
81	0.01129273
82	0.01113016
83	0.01082677
84	0.01059527
85	0.01036784
86	0.01005446
87	0.00980742
88	0.00949123
89	0.00918722
90	0.00886636
91	0.00861585
92	0.00832263
93	0.00805034
94	0.00777249
95	0.00753335
96	0.00729553
97	0.00705553
98	0.00681905
99	0.00660123
100	0.00639550
101	0.00620690
102	0.00606771
103	0.00593776
104	0.00577163
105	0.00562208
106	0.00545743
107	0.00527786
108	0.00511410
109	0.00494598
110	0.00478362
111	0.00463578
112	0.00449253
113	0.00434984
114	0.00421232
115	0.00407600
116	0.00394767
117	0.00382346
118	0.00370247
119	0.00358663
120	0.00347379
121	0.00336542
122	0.00326037
123	0.00315877
124	0.00306196
125	0.00297249
126	0.00288043
127	0.00279922
128	0.00270617
129	0.00262534
130	0.00254254
131	0.00246397
132	0.00238727
133	0.00231321
134	0.00224125
135	0.00217162
136	0.00210415
137	0.00203877
138	0.00197535
139	0.00191388
140	0.00185430
141	0.00179661
142	0.00174071
143	0.00168656
144	0.00163411
145	0.00158330
146	0.00153408
147	0.00148641
148	0.00144026
149	0.00139557
150	0.00135231
151	0.00131037
152	0.00126973
153	0.00123034
154	0.00119218
155	0.00115519
156	0.00111934
157	0.00108460
158	0.00105093
159	0.00101832
160	0.00098671
161	0.00095609
162	0.00092641
163	0.00089765
164	0.00086978
165	0.00084278
166	0.00081662
167	0.00079126
168	0.00076669
169	0.00074289
170	0.00071983
171	0.00069748
172	0.00067582
173	0.00065484
174	0.00063451
175	0.00061481
176	0.00059573
177	0.00057724
178	0.00055932
179	0.00054195
180	0.00052513
181	0.00050883
182	0.00049304
183	0.00047773
184	0.00046290
185	0.00044853
186	0.00043461
187	0.00042112
188	0.00040804
189	0.00039538
190	0.00038310
191	0.00037121
192	0.00035969
193	0.00034852
194	0.00033770
195	0.00032722
196	0.00031706
197	0.00030722
198	0.00029768
199	0.00028844
200	0.00027949
201	0.00027081
202	0.00026240
203	0.00025426
204	0.00024636
205	0.00023872
206	0.00023131
207	0.00022413
208	0.00021717
209	0.00021043
210	0.00020389
211	0.00019756
212	0.00019143
213	0.00018549
214	0.00017973
215	0.00017415
216	0.00016875
217	0.00016351
218	0.00015843
219	0.00015351
220	0.00014875
221	0.00014413
222	0.00013966
223	0.00013532
224	0.00013112
225	0.00012705
226	0.00012310
227	0.00011928
228	0.00011558
229	0.00011199
230	0.00010852
231	0.00010515
232	0.00010188
233	0.00009872
234	0.00009566
235	0.00009269
236	0.00008981
237	0.00008702
238	0.00008432
239	0.00008170
240	0.00007917
241	0.00007671
242	0.00007433
243	0.00007202
244	0.00006978
245	0.00006762
246	0.00006552
247	0.00006348
248	0.00006151
249	0.00005960
250	0.00005775
251	0.00005596
252	0.00005422
253	0.00005254
254	0.00005091
255	0.00004933
256	0.00004780
257	0.00004631
258	0.00004488
259	0.00004348
260	0.00004213
261	0.00004083
262	0.00003956
263	0.00003833
264	0.00003714
265	0.00003599
266	0.00003487
267	0.00003379
268	0.00003274
269	0.00003172
270	0.00003074
271	0.00002978
272	0.00002886
273	0.00002796
274	0.00002710
275	0.00002625
276	0.00002544
277	0.00002465
278	0.00002388
279	0.00002314
280	0.00002242
281	0.00002173
282	0.00002105
283	0.00002040
284	0.00001977
285	0.00001915
286	0.00001856
287	0.00001798
288	0.00001742
289	0.00001688
290	0.00001636
291	0.00001585
292	0.00001536
293	0.00001488
294	0.00001442
295	0.00001397
296	0.00001354
297	0.00001312
298	0.00001271
299	0.00001232
300	0.00001193
301	0.00001156
302	0.00001121
303	0.00001086
304	0.00001052
305	0.00001019
306	0.00000988
307	0.00000957
308	0.00000927
309	0.00000899
310	0.00000871
311	0.00000844
312	0.00000817
313	0.00000792
314	0.00000767
315	0.00000744
316	0.00000721
317	0.00000698
318	0.00000677
319	0.00000656
320	0.00000635
321	0.00000615
322	0.00000596
323	0.00000578
324	0.00000560
325	0.00000543
326	0.00000526
327	0.00000509
328	0.00000494
329	0.00000478
330	0.00000463
331	0.00000449
332	0.00000435
333	0.00000422
334	0.00000408
335	0.00000396
336	0.00000384
337	0.00000372
338	0.00000360
339	0.00000349
340	0.00000338
341	0.00000328
342	0.00000317
343	0.00000308
344	0.00000298
345	0.00000289
346	0.00000280
347	0.00000271
348	0.00000263
349	0.00000255
350	0.00000247
351	0.00000239
352	0.00000232
353	0.00000224
354	0.00000217
355	0.00000211
356	0.00000204
357	0.00000198
358	0.00000192
359	0.00000186
360	0.00000180
361	0.00000174
362	0.00000169
363	0.00000164
364	0.00000159
365	0.00000154
366	0.00000149
367	0.00000144
368	0.00000140
369	0.00000135
370	0.00000131
371	0.00000127
372	0.00000123
373	0.00000119
374	0.00000116
375	0.00000112
376	0.00000109
377	0.00000105
378	0.00000102
379	0.00000099
380	0.00000096
381	0.00000093
382	0.00000090
383	0.00000087
384	0.00000084
385	0.00000082
386	0.00000079
387	0.00000077
388	0.00000074
389	0.00000072
390	0.00000070
391	0.00000068
392	0.00000066
393	0.00000064
394	0.00000062
395	0.00000060
396	0.00000058
397	0.00000056
398	0.00000054
399	0.00000053
400	0.00000051
401	0.00000049
402	0.00000048
403	0.00000046
404	0.00000045
405	0.00000044
406	0.00000042
407	0.00000041
408	0.00000040
409	0.00000038
410	0.00000037
411	0.00000036
412	0.00000035
413	0.00000034
414	0.00000033
415	0.00000032
416	0.00000031
417	0.00000030
418	0.00000029
419	0.00000028
420	0.00000027
421	0.00000026
422	0.00000025
423	0.00000025
424	0.00000024
425	0.00000023
426	0.00000022
427	0.00000022
428	0.00000021
429	0.00000020
430	0.00000020
431	0.00000019
432	0.00000019
433	0.00000018
434	0.00000017
435	0.00000017
436	0.00000016
437	0.00000016
438	0.00000015
439	0.00000015
440	0.00000014
441	0.00000014
442	0.00000014
443	0.00000013
444	0.00000013
445	0.00000012
446	0.00000012
447	0.00000012
448	0.00000011
449	0.00000011
450	0.00000011
451	0.00000010
452	0.00000010
453	0.00000010
454	0.00000009
455	0.00000009
456	0.00000009
457	0.00000008
458	0.00000008
459	0.00000008
460	0.00000008
461	0.00000007
462	0.00000007
463	0.00000007
464	0.00000007
465	0.00000007
466	0.00000006
467	0.00000006
468	0.00000006
469	0.00000006
470	0.00000006
471	0.00000005
472	0.00000005
473	0.00000005
474	0.00000005
475	0.00000005
476	0.00000005
477	0.00000004
478	0.00000004
479	0.00000004
480	0.00000004
481	0.00000004
482	0.00000004
483	0.00000004
484	0.00000004
485	0.00000003
486	0.00000003
487	0.00000003
488	0.00000003
489	0.00000003
490	0.00000003
491	0.00000003
492	0.00000003
493	0.00000003
494	0.00000003
495	0.00000003
496	0.00000002
497	0.00000002
498	0.00000002
499	0.00000002
500	0.00000002
501	0.00000002
502	0.00000002
503	0.00000002
504	0.00000002
505	0.00000002
506	0.00000002
507	0.00000002
508	0.00000002
509	0.00000002
510	0.00000002
511	0.00000002
512	0.00000001
513	0.00000001
514	0.00000001
515	0.00000001
516	0.00000001
517	0.00000001
518	0.00000001
519	0.00000001
520	0.00000001
521	0.00000001
522	0.00000001
523	0.00000001
524	0.00000001
525	0.00000001
526	0.00000001
527	0.00000001
528	0.00000001
529	0.00000001
530	0.00000001
531	0.00000001
532	0.00000001
533	0.00000001
534	0.00000001
535	0.00000001
536	0.00000001
537	0.00000001
538	0.00000001
539	0.00000001
540	0.00000001
541	0.00000001
542	0.00000001
543	0.00000001
544	0.00000001
545	0.00000001
546	0.00000001
547	0.00000000
548	0.00000000
549	0.00000000
550	0.00000000
551	0.00000000
552	0.00000000
553	0.00000000
554	0.00000000
555	0.00000000
556	0.00000000
557	0.00000000
558	0.00000000
559	0.00000000
560	0.00000000
561	0.00000000
562	0.00000000
563	0.00000000
564	0.00000000
565	0.00000000
566	0.00000000
567	0.00000000
568	0.00000000
569	0.00000000
570	0.00000000
571	0.00000000
572	0.00000000
573	0.00000000
574	0.00000000
575	0.00000000
576	0.00000000
577	0.00000000
578	0.00000000
579	0.00000000
580	0.00000000
581	0.00000000
582	0.00000000
583	0.00000000
584	0.00000000
585	0.00000000
586	0.00000000
587	0.00000000
588	0.00000000
589	0.00000000
590	0.00000000
591	0.00000000
592	0.00000000
593	0.00000000
594	0.00000000
595	0.00000000
596	0.00000000
597	0.00000000
598	0.00000000
599	0.00000000
600	0.00000000
601	0.00000000
602	0.00000000
603	0.00000000
604	0.00000000
605	0.00000000
606	0.00000000
607	0.00000000
608	0.00000000
609	0.00000000
610	0.00000000
611	0.00000000
612	0.00000000
613	0.00000000
614	0.00000000
615	0.00000000
616	0.00000000
617	0.00000000
618	0.00000000
619	0.00000000
620	0.00000000
621	0.00000000
622	0.00000000
623	0.00000000
624	0.00000000
625	0.00000000
626	0.00000000
627	0.00000000
628	0.00000000
629	0.00000000
630	0.00000000
631	0.00000000
632	0.00000000
633	0.00000000
634	0.00000000
635	0.00000000
636	0.00000000
637	0.00000000
638	0.00000000
639	0.00000000
640	0.00000000
641	0.00000000
642	0.00000000
643	0.00000000
644	0.00000000
645	0.00000000
646	0.00000000
647	0.00000000
648	0.00000000
649	0.00000000
650	0.00000000
651	0.00000000
652	0.00000000
653	0.00000000
654	0.00000000
655	0.00000000
656	0.00000000
657	0.00000000
658	0.00000000
659	0.00000000
660	0.00000000
661	0.00000000
662	0.00000000
663	0.00000000
664	0.00000000
665	0.00000000
666	0.00000000
667	0.00000000
668	0.00000000
669	0.00000000
670	0.00000000
671	0.00000000
672	0.00000000
673	0.00000000
674	0.00000000
675	0.00000000
676	0.00000000
677	0.00000000
678	0.00000000
679	0.00000000
680	0.00000000
681	0.00000000
682	0.00000000
683	0.00000000
684	0.00000000
685	0.00000000
686	0.00000000
687	0.00000000
688	0.00000000
689	0.00000000
690	0.00000000
691	0.00000000
692	0.00000000
693	0.00000000
694	0.00000000
695	0.00000000
696	0.00000000
697	0.00000000
698	0.00000000
699	0.00000000
700	0.00000000
701	0.00000000
702	0.00000000
703	0.00000000
704	0.00000000
705	0.00000000
706	0.00000000
707	0.00000000
708	0.00000000
709	0.00000000
710	0.00000000
711	0.00000000
712	0.00000000
713	0.00000000
714	0.00000000
715	0.00000000
716	0.00000000
717	0.00000000
718	0.00000000
719	0.00000000
720	0.00000000
721	0.00000000
722	0.00000000
723	0.00000000
724	0.00000000
725	0.00000000
726	0.00000000
727	0.00000000
728	0.00000000
729	0.00000000
730	0.00000000
731	0.00000000
732	0.00000000
733	0.00000000
734	0.00000000
735	0.00000000
736	0.00000000
737	0.00000000
738	0.00000000
739	0.00000000
740	0.00000000
741	0.00000000
742	0.00000000
743	0.00000000
744	0.00000000
745	0.00000000
746	0.00000000
747	0.00000000
748	0.00000000
749	0.00000000
750	0.00000000
751	0.00000000
752	0.00000000
753	0.00000000
754	0.00000000
755	0.00000000
756	0.00000000
757	0.00000000
758	0.00000000
759	0.00000000
760	0.00000000
761	0.00000000
762	0.00000000
763	0.00000000
764	0.00000000
765	0.00000000
766	0.00000000
767	0.00000000
768	0.00000000
769	0.00000000
770	0.00000000
771	0.00000000
772	0.00000000
773	0.00000000
774	0.00000000
775	0.00000000
776	0.00000000
777	0.00000000
778	0.00000000
779	0.00000000
780	0.00000000
781	0.00000000
782	0.00000000
783	0.00000000
784	0.00000000
785	0.00000000
786	0.00000000
787	0.00000000
788	0.00000000
789	0.00000000
790	0.00000000
791	0.00000000
792	0.00000000
793	0.00000000
794	0.00000000
795	0.00000000
796	0.00000000
797	0.00000000
798	0.00000000
799	0.00000000
800	0.00000000
801	0.00000000
802	0.00000000
803	0.00000000
804	0.00000000
805	0.00000000
806	0.00000000
807	0.00000000
808	0.00000000
809	0.00000000
810	0.00000000
811	0.00000000
812	0.00000000
813	0.00000000
814	0.00000000
815	0.00000000
816	0.00000000
817	0.00000000
818	0.00000000
819	0.00000000
820	0.00000000
821	0.00000000
822	0.00000000
823	0.00000000
824	0.00000000
825	0.00000000
826	0.00000000
827	0.00000000
828	0.00000000
829	0.00000000
830	0.00000000
831	0.00000000
832	0.00000000
833	0.00000000
834	0.00000000
835	0.00000000
836	0.00000000
837	0.00000000
838	0.00000000
839	0.00000000
840	0.00000000
841	0.00000000
842	0.00000000
843	0.00000000
844	0.00000000
845	0.00000000
846	0.00000000
847	0.00000000
848	0.00000000
849	0.00000000
850	0.00000000
851	0.00000000
852	0.00000000
853	0.00000000
854	0.00000000
855	0.00000000
856	0.00000000
857	0.00000000
858	0.00000000
859	0.00000000
860	0.00000000
861	0.00000000
862	0.00000000
863	0.00000000
864	0.00000000
865	0.00000000
866	0.00000000
867	0.00000000
868	0.00000000
869	0.00000000
870	0.00000000
871	0.00000000
872	0.00000000
873	0.00000000
874	0.00000000
875	0.00000000
876	0.00000000
877	0.00000000
878	0.00000000
879	0.00000000
880	0.00000000
881	0.00000000
882	0.00000000
883	0.00000000
884	0.00000000
885	0.00000000
886	0.00000000
887	0.00000000
888	0.00000000
889	0.00000000
890	0.00000000
891	0.00000000
892	0.00000000
893	0.00000000
894	0.00000000
895	0.00000000
896	0.00000000
897	0.00000000
898	0.00000000
899	0.00000000
900	0.00000000
901	0.00000000
902	0.00000000
903	0.00000000
904	0.00000000
905	0.00000000
906	0.00000000
907	0.00000000
908	0.00000000
909	0.00000000
910	0.00000000
911	0.00000000
912	0.00000000
913	0.00000000
914	0.00000000
915	0.00000000
916	0.00000000
917	0.00000000
918	0.00000000
919	0.00000000
920	0.00000000
921	0.00000000
922	0.00000000
923	0.00000000
924	0.00000000
925	0.00000000
926	0.00000000
927	0.00000000
928	0.00000000
929	0.00000000
930	0.00000000
931	0.00000000
932	0.00000000
933	0.00000000
934	0.00000000
935	0.00000000
936	0.00000000
937	0.00000000
938	0.00000000
939	0.00000000
940	0.00000000
941	0.00000000
942	0.00000000
943	0.00000000
944	0.00000000
945	0.00000000
946	0.00000000
947	0.00000000
948	0.00000000
949	0.00000000
950	0.00000000
951	0.00000000
952	0.00000000
953	0.00000000
954	0.00000000
955	0.00000000
956	0.00000000
957	0.00000000
958	0.00000000
959	0.00000000
960	0.00000000
961	0.00000000
962	0.00000000
963	0.00000000
964	0.00000000
965	0.00000000
966	0.00000000
967	0.00000000
968	0.00000000
969	0.00000000
970	0.00000000
971	0.00000000
972	0.00000000
973	0.00000000
974	0.00000000
975	0.00000000
976	0.00000000
977	0.00000000
978	0.00000000
979	0.00000000
980	0.00000000
981	0.00000000
982	0.00000000
983	0.00000000
984	0.00000000
985	0.00000000
986	0.00000000
987	0.00000000
988	0.00000000
989	0.00000000
990	0.00000000
991	0.00000000
992	0.00000000
993	0.00000000
994	0.00000000
995	0.00000000
996	0.00000000
997	0.00000000
998	0.00000000
999	0.00000000
