0	0.00000000
1	0.00000000
2	0.00000000
3	0.00000000
4	0.00000000
5	0.00000000
6	0.00000000
7	0.00000000
8	0.00000000
9	0.00000000
10	0.00000000
11	0.00000000
12	0.00000000
13	0.00485753
14	0.03268186
15	0.02691426
16	0.03363138
17	0.03067738
18	0.03818699
19	0.04215543
20	0.04438326
21	0.03999177
22	0.03701628
23	0.03275180
24	0.03004375
25	0.02722375
26	0.02543906
27	0.02328634
28	0.02228187
29	0.02065387
30	0.01950662
31	0.01858010
32	0.02067107
33	0.02313873
34	0.02437777
35	0.02643600
36	0.02747742
37	0.02720457
38	0.02714120
39	0.02735949
40	0.02659589
41	0.02650679
42	0.02604460
43	0.02562865
44	0.02483371
45	0.02429138
46	0.02381690
47	0.02305156
48	0.02279310
49	0.02228340
50	0.02169945
51	0.02118389
52	0.02045833
53	0.01983025
54	0.01909742
55	0.01912421
56	0.01913011
57	0.01884826
58	0.01867339
59	0.01823208
60	0.01775806
61	0.01737721
62	0.01703022
63	0.01681133
64	0.01660067
65	0.01644251
66	0.01613941
67	0.01571901
68	0.01533967
69	0.01497107
70	0.01458723
71	0.01414360
72	0.01380338
73	0.01332580
74	0.01292103
75	0.01243269
76	0.01205612
77	0.01169216
78	0.01145893
79	0.01126147
80	0.01096174
81	0.01069703
82	0.01047528
83	0.01015732
84	0.00992259
85	0.00974833
86	0.00948752
87	0.00926344
88	0.00898923
89	0.00874998
90	0.00846237
91	0.00817553
92	0.00790779
93	0.00764915
94	0.00738957
95	0.00714815
96	0.00693074
97	0.00669925
98	0.00647686
99	0.00627281
100	0.00607504
101	0.00590350
102	0.00576475
103	0.00560932
104	0.00543549
105	0.00528302
106	0.00511993
107	0.00496250
108	0.00481422
109	0.00467321
110	0.00452025
111	0.00438007
112	0.00424693
113	0.00411297
114	0.00398128
115	0.00385384
116	0.00373305
117	0.00361605
118	0.00350328
119	0.00339387
120	0.00328667
121	0.00318396
122	0.00308446
123	0.00298809
124	0.00289694
125	0.00281124
126	0.00272339
127	0.00264079
128	0.00255695
129	0.00247845
130	0.00240101
131	0.00232679
132	0.00225475
133	0.00218492
134	0.00211716
135	0.00205148
136	0.00198780
137	0.00192608
138	0.00186624
139	0.00180825
140	0.00175204
141	0.00169759
142	0.00164482
143	0.00159371
144	0.00154418
145	0.00149619
146	0.00144970
147	0.00140466
148	0.00136105
149	0.00131881
150	0.00127789
151	0.00123824
152	0.00119981
153	0.00116257
154	0.00112648
155	0.00109152
156	0.00105765
157	0.00102482
158	0.00099301
159	0.00096219
160	0.00093233
161	0.00090339
162	0.00087535
163	0.00084817
164	0.00082184
165	0.00079633
166	0.00077161
167	0.00074766
168	0.00072444
169	0.00070195
170	0.00068016
171	0.00065905
172	0.00063859
173	0.00061876
174	0.00059955
175	0.00058094
176	0.00056291
177	0.00054543
178	0.00052850
179	0.00051209
180	0.00049620
181	0.00048079
182	0.00046587
183	0.00045141
184	0.00043739
185	0.00042382
186	0.00041066
187	0.00039791
188	0.00038556
189	0.00037359
190	0.00036199
191	0.00035076
192	0.00033987
193	0.00032932
194	0.00031909
195	0.00030919
196	0.00029959
197	0.00029029
198	0.00028128
199	0.00027255
200	0.00026409
201	0.00025589
202	0.00024794
203	0.00024025
204	0.00023279
205	0.00022556
206	0.00021856
207	0.00021178
208	0.00020520
209	0.00019883
210	0.00019266
211	0.00018668
212	0.00018088
213	0.00017527
214	0.00016983
215	0.00016455
216	0.00015945
217	0.00015450
218	0.00014970
219	0.00014505
220	0.00014055
221	0.00013619
222	0.00013196
223	0.00012786
224	0.00012389
225	0.00012005
226	0.00011632
227	0.00011271
228	0.00010921
229	0.00010582
230	0.00010254
231	0.00009935
232	0.00009627
233	0.00009328
234	0.00009038
235	0.00008758
236	0.00008486
237	0.00008223
238	0.00007967
239	0.00007720
240	0.00007480
241	0.00007248
242	0.00007023
243	0.00006805
244	0.00006594
245	0.00006389
246	0.00006191
247	0.00005999
248	0.00005812
249	0.00005632
250	0.00005457
251	0.00005288
252	0.00005124
253	0.00004965
254	0.00004810
255	0.00004661
256	0.00004516
257	0.00004376
258	0.00004240
259	0.00004109
260	0.00003981
261	0.00003858
262	0.00003738
263	0.00003622
264	0.00003509
265	0.00003400
266	0.00003295
267	0.00003193
268	0.00003093
269	0.00002997
270	0.00002904
271	0.00002814
272	0.00002727
273	0.00002642
274	0.00002560
275	0.00002481
276	0.00002404
277	0.00002329
278	0.00002257
279	0.00002187
280	0.00002119
281	0.00002053
282	0.00001989
283	0.00001928
284	0.00001868
285	0.00001810
286	0.00001754
287	0.00001699
288	0.00001646
289	0.00001595
290	0.00001546
291	0.00001498
292	0.00001451
293	0.00001406
294	0.00001363
295	0.00001320
296	0.00001279
297	0.00001240
298	0.00001201
299	0.00001164
300	0.00001128
301	0.00001093
302	0.00001059
303	0.00001026
304	0.00000994
305	0.00000963
306	0.00000933
307	0.00000904
308	0.00000876
309	0.00000849
310	0.00000823
311	0.00000797
312	0.00000772
313	0.00000748
314	0.00000725
315	0.00000703
316	0.00000681
317	0.00000660
318	0.00000639
319	0.00000619
320	0.00000600
321	0.00000582
322	0.00000563
323	0.00000546
324	0.00000529
325	0.00000513
326	0.00000497
327	0.00000481
328	0.00000466
329	0.00000452
330	0.00000438
331	0.00000424
332	0.00000411
333	0.00000398
334	0.00000386
335	0.00000374
336	0.00000362
337	0.00000351
338	0.00000340
339	0.00000330
340	0.00000319
341	0.00000310
342	0.00000300
343	0.00000291
344	0.00000282
345	0.00000273
346	0.00000264
347	0.00000256
348	0.00000248
349	0.00000240
350	0.00000233
351	0.00000226
352	0.00000219
353	0.00000212
354	0.00000205
355	0.00000199
356	0.00000193
357	0.00000187
358	0.00000181
359	0.00000175
360	0.00000170
361	0.00000165
362	0.00000160
363	0.00000155
364	0.00000150
365	0.00000145
366	0.00000141
367	0.00000136
368	0.00000132
369	0.00000128
370	0.00000124
371	0.00000120
372	0.00000116
373	0.00000113
374	0.00000109
375	0.00000106
376	0.00000103
377	0.00000099
378	0.00000096
379	0.00000093
380	0.00000090
381	0.00000088
382	0.00000085
383	0.00000082
384	0.00000080
385	0.00000077
386	0.00000075
387	0.00000073
388	0.00000070
389	0.00000068
390	0.00000066
391	0.00000064
392	0.00000062
393	0.00000060
394	0.00000058
395	0.00000056
396	0.00000055
397	0.00000053
398	0.00000051
399	0.00000050
400	0.00000048
401	0.00000047
402	0.00000045
403	0.00000044
404	0.00000042
405	0.00000041
406	0.00000040
407	0.00000039
408	0.00000037
409	0.00000036
410	0.00000035
411	0.00000034
412	0.00000033
413	0.00000032
414	0.00000031
415	0.00000030
416	0.00000029
417	0.00000028
418	0.00000027
419	0.00000026
420	0.00000026
421	0.00000025
422	0.00000024
423	0.00000023
424	0.00000023
425	0.00000022
426	0.00000021
427	0.00000021
428	0.00000020
429	0.00000019
430	0.00000019
431	0.00000018
432	0.00000018
433	0.00000017
434	0.00000016
435	0.00000016
436	0.00000015
437	0.00000015
438	0.00000015
439	0.00000014
440	0.00000014
441	0.00000013
442	0.00000013
443	0.00000012
444	0.00000012
445	0.00000012
446	0.00000011
447	0.00000011
448	0.00000011
449	0.00000010
450	0.00000010
451	0.00000010
452	0.00000009
453	0.00000009
454	0.00000009
455	0.00000008
456	0.00000008
457	0.00000008
458	0.00000008
459	0.00000007
460	0.00000007
461	0.00000007
462	0.00000007
463	0.00000007
464	0.00000006
465	0.00000006
466	0.00000006
467	0.00000006
468	0.00000006
469	0.00000005
470	0.00000005
471	0.00000005
472	0.00000005
473	0.00000005
474	0.00000005
475	0.00000005
476	0.00000004
477	0.00000004
478	0.00000004
479	0.00000004
480	0.00000004
481	0.00000004
482	0.00000004
483	0.00000004
484	0.00000003
485	0.00000003
486	0.00000003
487	0.00000003
488	0.00000003
489	0.00000003
490	0.00000003
491	0.00000003
492	0.00000003
493	0.00000003
494	0.00000002
495	0.00000002
496	0.00000002
497	0.00000002
498	0.00000002
499	0.00000002
500	0.00000002
501	0.00000002
502	0.00000002
503	0.00000002
504	0.00000002
505	0.00000002
506	0.00000002
507	0.00000002
508	0.00000002
509	0.00000002
510	0.00000002
511	0.00000001
512	0.00000001
513	0.00000001
514	0.00000001
515	0.00000001
516	0.00000001
517	0.00000001
518	0.00000001
519	0.00000001
520	0.00000001
521	0.00000001
522	0.00000001
523	0.00000001
524	0.00000001
525	0.00000001
526	0.00000001
527	0.00000001
528	0.00000001
529	0.00000001
530	0.00000001
531	0.00000001
532	0.00000001
533	0.00000001
534	0.00000001
535	0.00000001
536	0.00000001
537	0.00000001
538	0.00000001
539	0.00000001
540	0.00000001
541	0.00000001
542	0.00000001
543	0.00000001
544	0.00000001
545	0.00000000
546	0.00000000
547	0.00000000
548	0.00000000
549	0.00000000
550	0.00000000
551	0.00000000
552	0.00000000
553	0.00000000
554	0.00000000
555	0.00000000
556	0.00000000
557	0.00000000
558	0.00000000
559	0.00000000
560	0.00000000
561	0.00000000
562	0.00000000
563	0.00000000
564	0.00000000
565	0.00000000
566	0.00000000
567	0.00000000
568	0.00000000
569	0.00000000
570	0.00000000
571	0.00000000
572	0.00000000
573	0.00000000
574	0.00000000
575	0.00000000
576	0.00000000
577	0.00000000
578	0.00000000
579	0.00000000
580	0.00000000
581	0.00000000
582	0.00000000
583	0.00000000
584	0.00000000
585	0.00000000
586	0.00000000
587	0.00000000
588	0.00000000
589	0.00000000
590	0.00000000
591	0.00000000
592	0.00000000
593	0.00000000
594	0.00000000
595	0.00000000
596	0.00000000
597	0.00000000
598	0.00000000
599	0.00000000
600	0.00000000
601	0.00000000
602	0.00000000
603	0.00000000
604	0.00000000
605	0.00000000
606	0.00000000
607	0.00000000
608	0.00000000
609	0.00000000
610	0.00000000
611	0.00000000
612	0.00000000
613	0.00000000
614	0.00000000
615	0.00000000
616	0.00000000
617	0.00000000
618	0.00000000
619	0.00000000
620	0.00000000
621	0.00000000
622	0.00000000
623	0.00000000
624	0.00000000
625	0.00000000
626	0.00000000
627	0.00000000
628	0.00000000
629	0.00000000
630	0.00000000
631	0.00000000
632	0.00000000
633	0.00000000
634	0.00000000
635	0.00000000
636	0.00000000
637	0.00000000
638	0.00000000
639	0.00000000
640	0.00000000
641	0.00000000
642	0.00000000
643	0.00000000
644	0.00000000
645	0.00000000
646	0.00000000
647	0.00000000
648	0.00000000
649	0.00000000
650	0.00000000
651	0.00000000
652	0.00000000
653	0.00000000
654	0.00000000
655	0.00000000
656	0.00000000
657	0.00000000
658	0.00000000
659	0.00000000
660	0.00000000
661	0.00000000
662	0.00000000
663	0.00000000
664	0.00000000
665	0.00000000
666	0.00000000
667	0.00000000
668	0.00000000
669	0.00000000
670	0.00000000
671	0.00000000
672	0.00000000
673	0.00000000
674	0.00000000
675	0.00000000
676	0.00000000
677	0.00000000
678	0.00000000
679	0.00000000
680	0.00000000
681	0.00000000
682	0.00000000
683	0.00000000
684	0.00000000
685	0.00000000
686	0.00000000
687	0.00000000
688	0.00000000
689	0.00000000
690	0.00000000
691	0.00000000
692	0.00000000
693	0.00000000
694	0.00000000
695	0.00000000
696	0.00000000
697	0.00000000
698	0.00000000
699	0.00000000
700	0.00000000
701	0.00000000
702	0.00000000
703	0.00000000
704	0.00000000
705	0.00000000
706	0.00000000
707	0.00000000
708	0.00000000
709	0.00000000
710	0.00000000
711	0.00000000
712	0.00000000
713	0.00000000
714	0.00000000
715	0.00000000
716	0.00000000
717	0.00000000
718	0.00000000
719	0.00000000
720	0.00000000
721	0.00000000
722	0.00000000
723	0.00000000
724	0.00000000
725	0.00000000
726	0.00000000
727	0.00000000
728	0.00000000
729	0.00000000
730	0.00000000
731	0.00000000
732	0.00000000
733	0.00000000
734	0.00000000
735	0.00000000
736	0.00000000
737	0.00000000
738	0.00000000
739	0.00000000
740	0.00000000
741	0.00000000
742	0.00000000
743	0.00000000
744	0.00000000
745	0.00000000
746	0.00000000
747	0.00000000
748	0.00000000
749	0.00000000
750	0.00000000
751	0.00000000
752	0.00000000
753	0.00000000
754	0.00000000
755	0.00000000
756	0.00000000
757	0.00000000
758	0.00000000
759	0.00000000
760	0.00000000
761	0.00000000
762	0.00000000
763	0.00000000
764	0.00000000
765	0.00000000
766	0.00000000
767	0.00000000
768	0.00000000
769	0.00000000
770	0.00000000
771	0.00000000
772	0.00000000
773	0.00000000
774	0.00000000
775	0.00000000
776	0.00000000
777	0.00000000
778	0.00000000
779	0.00000000
780	0.00000000
781	0.00000000
782	0.00000000
783	0.00000000
784	0.00000000
785	0.00000000
786	0.00000000
787	0.00000000
788	0.00000000
789	0.00000000
790	0.00000000
791	0.00000000
792	0.00000000
793	0.00000000
794	0.00000000
795	0.00000000
796	0.00000000
797	0.00000000
798	0.00000000
799	0.00000000
800	0.00000000
801	0.00000000
802	0.00000000
803	0.00000000
804	0.00000000
805	0.00000000
806	0.00000000
807	0.00000000
808	0.00000000
809	0.00000000
810	0.00000000
811	0.00000000
812	0.00000000
813	0.00000000
814	0.00000000
815	0.00000000
816	0.00000000
817	0.00000000
818	0.00000000
819	0.00000000
820	0.00000000
821	0.00000000
822	0.00000000
823	0.00000000
824	0.00000000
825	0.00000000
826	0.00000000
827	0.00000000
828	0.00000000
829	0.00000000
830	0.00000000
831	0.00000000
832	0.00000000
833	0.00000000
834	0.00000000
835	0.00000000
836	0.00000000
837	0.00000000
838	0.00000000
839	0.00000000
840	0.00000000
841	0.00000000
842	0.00000000
843	0.00000000
844	0.00000000
845	0.00000000
846	0.00000000
847	0.00000000
848	0.00000000
849	0.00000000
850	0.00000000
851	0.00000000
852	0.00000000
853	0.00000000
854	0.00000000
855	0.00000000
856	0.00000000
857	0.00000000
858	0.00000000
859	0.00000000
860	0.00000000
861	0.00000000
862	0.00000000
863	0.00000000
864	0.00000000
865	0.00000000
866	0.00000000
867	0.00000000
868	0.00000000
869	0.00000000
870	0.00000000
871	0.00000000
872	0.00000000
873	0.00000000
874	0.00000000
875	0.00000000
876	0.00000000
877	0.00000000
878	0.00000000
879	0.00000000
880	0.00000000
881	0.00000000
882	0.00000000
883	0.00000000
884	0.00000000
885	0.00000000
886	0.00000000
887	0.00000000
888	0.00000000
889	0.00000000
890	0.00000000
891	0.00000000
892	0.00000000
893	0.00000000
894	0.00000000
895	0.00000000
896	0.00000000
897	0.00000000
898	0.00000000
899	0.00000000
900	0.00000000
901	0.00000000
902	0.00000000
903	0.00000000
904	0.00000000
905	0.00000000
906	0.00000000
907	0.00000000
908	0.00000000
909	0.00000000
910	0.00000000
911	0.00000000
912	0.00000000
913	0.00000000
914	0.00000000
915	0.00000000
916	0.00000000
917	0.00000000
918	0.00000000
919	0.00000000
920	0.00000000
921	0.00000000
922	0.00000000
923	0.00000000
924	0.00000000
925	0.00000000
926	0.00000000
927	0.00000000
928	0.00000000
929	0.00000000
930	0.00000000
931	0.00000000
932	0.00000000
933	0.00000000
934	0.00000000
935	0.00000000
936	0.00000000
937	0.00000000
938	0.00000000
939	0.00000000
940	0.00000000
941	0.00000000
942	0.00000000
943	0.00000000
944	0.00000000
945	0.00000000
946	0.00000000
947	0.00000000
948	0.00000000
949	0.00000000
950	0.00000000
951	0.00000000
952	0.00000000
953	0.00000000
954	0.00000000
955	0.00000000
956	0.00000000
957	0.00000000
958	0.00000000
959	0.00000000
960	0.00000000
961	0.00000000
962	0.00000000
963	0.00000000
964	0.00000000
965	0.00000000
966	0.00000000
967	0.00000000
968	0.00000000
969	0.00000000
970	0.00000000
971	0.00000000
972	0.00000000
973	0.00000000
974	0.00000000
975	0.00000000
976	0.00000000
977	0.00000000
978	0.00000000
979	0.00000000
980	0.00000000
981	0.00000000
982	0.00000000
983	0.00000000
984	0.00000000
985	0.00000000
986	0.00000000
987	0.00000000
988	0.00000000
989	0.00000000
990	0.00000000
991	0.00000000
992	0.00000000
993	0.00000000
994	0.00000000
995	0.00000000
996	0.00000000
997	0.00000000
998	0.00000000
999	0.00000000
