0	0.00000000
1	0.00000000
2	0.00000000
3	0.00000000
4	0.00000000
5	0.00000000
6	0.00000000
7	0.00000000
8	0.00000000
9	0.00000000
10	0.00000000
11	0.00000000
12	0.00000000
13	0.00281029
14	0.01932709
15	0.01632480
16	0.02430104
17	0.02437096
18	0.03520287
19	0.04135656
20	0.04590652
21	0.04283467
22	0.04161255
23	0.03764476
24	0.03516070
25	0.03166022
26	0.02892698
27	0.02581292
28	0.02422416
29	0.02205244
30	0.02040193
31	0.01903381
32	0.01982268
33	0.02105818
34	0.02218178
35	0.02386202
36	0.02470422
37	0.02487303
38	0.02616391
39	0.02683952
40	0.02679148
41	0.02691255
42	0.02671058
43	0.02608061
44	0.02498451
45	0.02391245
46	0.02315082
47	0.02229590
48	0.02211498
49	0.02161164
50	0.02122073
51	0.02071586
52	0.02022718
53	0.01962347
54	0.01889868
55	0.01871226
56	0.01858152
57	0.01818395
58	0.01786057
59	0.01738528
60	0.01699547
61	0.01687798
62	0.01664166
63	0.01638826
64	0.01615649
65	0.01598432
66	0.01558123
67	0.01518310
68	0.01485874
69	0.01454439
70	0.01418524
71	0.01377963
72	0.01347565
73	0.01300369
74	0.01258148
75	0.01209681
76	0.01168825
77	0.01131288
78	0.01103140
79	0.01079464
80	0.01047542
81	0.01022484
82	0.00999623
83	0.00968568
84	0.00950942
85	0.00942404
86	0.00914006
87	0.00893105
88	0.00868712
89	0.00845298
90	0.00816156
91	0.00787132
92	0.00762352
93	0.00736395
94	0.00711351
95	0.00687816
96	0.00666232
97	0.00643979
98	0.00622631
99	0.00602838
100	0.00583640
101	0.00566884
102	0.00552688
103	0.00536676
104	0.00520039
105	0.00505075
106	0.00489438
107	0.00475893
108	0.00462689
109	0.00448933
110	0.00434190
111	0.00420541
112	0.00407805
113	0.00394645
114	0.00382068
115	0.00369934
116	0.00358299
117	0.00347055
118	0.00336258
119	0.00325709
120	0.00315430
121	0.00305565
122	0.00295998
123	0.00286742
124	0.00277958
125	0.00269623
126	0.00261166
127	0.00253186
128	0.00245204
129	0.00237646
130	0.00230255
131	0.00223167
132	0.00216274
133	0.00209579
134	0.00203078
135	0.00196783
136	0.00190677
137	0.00184759
138	0.00179021
139	0.00173460
140	0.00168071
141	0.00162849
142	0.00157789
143	0.00152886
144	0.00148135
145	0.00143532
146	0.00139072
147	0.00134751
148	0.00130566
149	0.00126513
150	0.00122586
151	0.00118781
152	0.00115093
153	0.00111521
154	0.00108059
155	0.00104705
156	0.00101455
157	0.00098306
158	0.00095255
159	0.00092299
160	0.00089434
161	0.00086658
162	0.00083968
163	0.00081362
164	0.00078836
165	0.00076389
166	0.00074018
167	0.00071720
168	0.00069494
169	0.00067336
170	0.00065246
171	0.00063220
172	0.00061258
173	0.00059356
174	0.00057513
175	0.00055728
176	0.00053998
177	0.00052322
178	0.00050697
179	0.00049123
180	0.00047599
181	0.00046121
182	0.00044689
183	0.00043302
184	0.00041958
185	0.00040655
186	0.00039393
187	0.00038170
188	0.00036985
189	0.00035837
190	0.00034725
191	0.00033647
192	0.00032602
193	0.00031590
194	0.00030610
195	0.00029659
196	0.00028739
197	0.00027846
198	0.00026982
199	0.00026144
200	0.00025333
201	0.00024546
202	0.00023784
203	0.00023046
204	0.00022331
205	0.00021637
206	0.00020966
207	0.00020315
208	0.00019684
209	0.00019073
210	0.00018481
211	0.00017907
212	0.00017352
213	0.00016813
214	0.00016291
215	0.00015785
216	0.00015295
217	0.00014820
218	0.00014360
219	0.00013915
220	0.00013483
221	0.00013064
222	0.00012659
223	0.00012266
224	0.00011885
225	0.00011516
226	0.00011158
227	0.00010812
228	0.00010476
229	0.00010151
230	0.00009836
231	0.00009531
232	0.00009235
233	0.00008948
234	0.00008670
235	0.00008401
236	0.00008140
237	0.00007888
238	0.00007643
239	0.00007406
240	0.00007176
241	0.00006953
242	0.00006737
243	0.00006528
244	0.00006325
245	0.00006129
246	0.00005939
247	0.00005754
248	0.00005576
249	0.00005403
250	0.00005235
251	0.00005072
252	0.00004915
253	0.00004762
254	0.00004615
255	0.00004471
256	0.00004332
257	0.00004198
258	0.00004068
259	0.00003941
260	0.00003819
261	0.00003700
262	0.00003586
263	0.00003474
264	0.00003366
265	0.00003262
266	0.00003161
267	0.00003063
268	0.00002967
269	0.00002875
270	0.00002786
271	0.00002700
272	0.00002616
273	0.00002535
274	0.00002456
275	0.00002380
276	0.00002306
277	0.00002234
278	0.00002165
279	0.00002098
280	0.00002033
281	0.00001969
282	0.00001908
283	0.00001849
284	0.00001792
285	0.00001736
286	0.00001682
287	0.00001630
288	0.00001579
289	0.00001530
290	0.00001483
291	0.00001437
292	0.00001392
293	0.00001349
294	0.00001307
295	0.00001267
296	0.00001227
297	0.00001189
298	0.00001152
299	0.00001116
300	0.00001082
301	0.00001048
302	0.00001016
303	0.00000984
304	0.00000954
305	0.00000924
306	0.00000895
307	0.00000867
308	0.00000841
309	0.00000814
310	0.00000789
311	0.00000765
312	0.00000741
313	0.00000718
314	0.00000696
315	0.00000674
316	0.00000653
317	0.00000633
318	0.00000613
319	0.00000594
320	0.00000576
321	0.00000558
322	0.00000541
323	0.00000524
324	0.00000508
325	0.00000492
326	0.00000476
327	0.00000462
328	0.00000447
329	0.00000433
330	0.00000420
331	0.00000407
332	0.00000394
333	0.00000382
334	0.00000370
335	0.00000359
336	0.00000348
337	0.00000337
338	0.00000326
339	0.00000316
340	0.00000306
341	0.00000297
342	0.00000288
343	0.00000279
344	0.00000270
345	0.00000262
346	0.00000254
347	0.00000246
348	0.00000238
349	0.00000231
350	0.00000224
351	0.00000217
352	0.00000210
353	0.00000203
354	0.00000197
355	0.00000191
356	0.00000185
357	0.00000179
358	0.00000174
359	0.00000168
360	0.00000163
361	0.00000158
362	0.00000153
363	0.00000148
364	0.00000144
365	0.00000139
366	0.00000135
367	0.00000131
368	0.00000127
369	0.00000123
370	0.00000119
371	0.00000115
372	0.00000112
373	0.00000108
374	0.00000105
375	0.00000102
376	0.00000098
377	0.00000095
378	0.00000092
379	0.00000090
380	0.00000087
381	0.00000084
382	0.00000081
383	0.00000079
384	0.00000077
385	0.00000074
386	0.00000072
387	0.00000070
388	0.00000067
389	0.00000065
390	0.00000063
391	0.00000061
392	0.00000059
393	0.00000058
394	0.00000056
395	0.00000054
396	0.00000052
397	0.00000051
398	0.00000049
399	0.00000048
400	0.00000046
401	0.00000045
402	0.00000043
403	0.00000042
404	0.00000041
405	0.00000039
406	0.00000038
407	0.00000037
408	0.00000036
409	0.00000035
410	0.00000034
411	0.00000033
412	0.00000032
413	0.00000031
414	0.00000030
415	0.00000029
416	0.00000028
417	0.00000027
418	0.00000026
419	0.00000025
420	0.00000025
421	0.00000024
422	0.00000023
423	0.00000022
424	0.00000022
425	0.00000021
426	0.00000020
427	0.00000020
428	0.00000019
429	0.00000019
430	0.00000018
431	0.00000017
432	0.00000017
433	0.00000016
434	0.00000016
435	0.00000015
436	0.00000015
437	0.00000014
438	0.00000014
439	0.00000014
440	0.00000013
441	0.00000013
442	0.00000012
443	0.00000012
444	0.00000012
445	0.00000011
446	0.00000011
447	0.00000010
448	0.00000010
449	0.00000010
450	0.00000010
451	0.00000009
452	0.00000009
453	0.00000009
454	0.00000008
455	0.00000008
456	0.00000008
457	0.00000008
458	0.00000007
459	0.00000007
460	0.00000007
461	0.00000007
462	0.00000007
463	0.00000006
464	0.00000006
465	0.00000006
466	0.00000006
467	0.00000006
468	0.00000005
469	0.00000005
470	0.00000005
471	0.00000005
472	0.00000005
473	0.00000005
474	0.00000004
475	0.00000004
476	0.00000004
477	0.00000004
478	0.00000004
479	0.00000004
480	0.00000004
481	0.00000004
482	0.00000003
483	0.00000003
484	0.00000003
485	0.00000003
486	0.00000003
487	0.00000003
488	0.00000003
489	0.00000003
490	0.00000003
491	0.00000003
492	0.00000003
493	0.00000002
494	0.00000002
495	0.00000002
496	0.00000002
497	0.00000002
498	0.00000002
499	0.00000002
500	0.00000002
501	0.00000002
502	0.00000002
503	0.00000002
504	0.00000002
505	0.00000002
506	0.00000002
507	0.00000002
508	0.00000002
509	0.00000001
510	0.00000001
511	0.00000001
512	0.00000001
513	0.00000001
514	0.00000001
515	0.00000001
516	0.00000001
517	0.00000001
518	0.00000001
519	0.00000001
520	0.00000001
521	0.00000001
522	0.00000001
523	0.00000001
524	0.00000001
525	0.00000001
526	0.00000001
527	0.00000001
528	0.00000001
529	0.00000001
530	0.00000001
531	0.00000001
532	0.00000001
533	0.00000001
534	0.00000001
535	0.00000001
536	0.00000001
537	0.00000001
538	0.00000001
539	0.00000001
540	0.00000001
541	0.00000001
542	0.00000001
543	0.00000001
544	0.00000000
545	0.00000000
546	0.00000000
547	0.00000000
548	0.00000000
549	0.00000000
550	0.00000000
551	0.00000000
552	0.00000000
553	0.00000000
554	0.00000000
555	0.00000000
556	0.00000000
557	0.00000000
558	0.00000000
559	0.00000000
560	0.00000000
561	0.00000000
562	0.00000000
563	0.00000000
564	0.00000000
565	0.00000000
566	0.00000000
567	0.00000000
568	0.00000000
569	0.00000000
570	0.00000000
571	0.00000000
572	0.00000000
573	0.00000000
574	0.00000000
575	0.00000000
576	0.00000000
577	0.00000000
578	0.00000000
579	0.00000000
580	0.00000000
581	0.00000000
582	0.00000000
583	0.00000000
584	0.00000000
585	0.00000000
586	0.00000000
587	0.00000000
588	0.00000000
589	0.00000000
590	0.00000000
591	0.00000000
592	0.00000000
593	0.00000000
594	0.00000000
595	0.00000000
596	0.00000000
597	0.00000000
598	0.00000000
599	0.00000000
600	0.00000000
601	0.00000000
602	0.00000000
603	0.00000000
604	0.00000000
605	0.00000000
606	0.00000000
607	0.00000000
608	0.00000000
609	0.00000000
610	0.00000000
611	0.00000000
612	0.00000000
613	0.00000000
614	0.00000000
615	0.00000000
616	0.00000000
617	0.00000000
618	0.00000000
619	0.00000000
620	0.00000000
621	0.00000000
622	0.00000000
623	0.00000000
624	0.00000000
625	0.00000000
626	0.00000000
627	0.00000000
628	0.00000000
629	0.00000000
630	0.00000000
631	0.00000000
632	0.00000000
633	0.00000000
634	0.00000000
635	0.00000000
636	0.00000000
637	0.00000000
638	0.00000000
639	0.00000000
640	0.00000000
641	0.00000000
642	0.00000000
643	0.00000000
644	0.00000000
645	0.00000000
646	0.00000000
647	0.00000000
648	0.00000000
649	0.00000000
650	0.00000000
651	0.00000000
652	0.00000000
653	0.00000000
654	0.00000000
655	0.00000000
656	0.00000000
657	0.00000000
658	0.00000000
659	0.00000000
660	0.00000000
661	0.00000000
662	0.00000000
663	0.00000000
664	0.00000000
665	0.00000000
666	0.00000000
667	0.00000000
668	0.00000000
669	0.00000000
670	0.00000000
671	0.00000000
672	0.00000000
673	0.00000000
674	0.00000000
675	0.00000000
676	0.00000000
677	0.00000000
678	0.00000000
679	0.00000000
680	0.00000000
681	0.00000000
682	0.00000000
683	0.00000000
684	0.00000000
685	0.00000000
686	0.00000000
687	0.00000000
688	0.00000000
689	0.00000000
690	0.00000000
691	0.00000000
692	0.00000000
693	0.00000000
694	0.00000000
695	0.00000000
696	0.00000000
697	0.00000000
698	0.00000000
699	0.00000000
700	0.00000000
701	0.00000000
702	0.00000000
703	0.00000000
704	0.00000000
705	0.00000000
706	0.00000000
707	0.00000000
708	0.00000000
709	0.00000000
710	0.00000000
711	0.00000000
712	0.00000000
713	0.00000000
714	0.00000000
715	0.00000000
716	0.00000000
717	0.00000000
718	0.00000000
719	0.00000000
720	0.00000000
721	0.00000000
722	0.00000000
723	0.00000000
724	0.00000000
725	0.00000000
726	0.00000000
727	0.00000000
728	0.00000000
729	0.00000000
730	0.00000000
731	0.00000000
732	0.00000000
733	0.00000000
734	0.00000000
735	0.00000000
736	0.00000000
737	0.00000000
738	0.00000000
739	0.00000000
740	0.00000000
741	0.00000000
742	0.00000000
743	0.00000000
744	0.00000000
745	0.00000000
746	0.00000000
747	0.00000000
748	0.00000000
749	0.00000000
750	0.00000000
751	0.00000000
752	0.00000000
753	0.00000000
754	0.00000000
755	0.00000000
756	0.00000000
757	0.00000000
758	0.00000000
759	0.00000000
760	0.00000000
761	0.00000000
762	0.00000000
763	0.00000000
764	0.00000000
765	0.00000000
766	0.00000000
767	0.00000000
768	0.00000000
769	0.00000000
770	0.00000000
771	0.00000000
772	0.00000000
773	0.00000000
774	0.00000000
775	0.00000000
776	0.00000000
777	0.00000000
778	0.00000000
779	0.00000000
780	0.00000000
781	0.00000000
782	0.00000000
783	0.00000000
784	0.00000000
785	0.00000000
786	0.00000000
787	0.00000000
788	0.00000000
789	0.00000000
790	0.00000000
791	0.00000000
792	0.00000000
793	0.00000000
794	0.00000000
795	0.00000000
796	0.00000000
797	0.00000000
798	0.00000000
799	0.00000000
800	0.00000000
801	0.00000000
802	0.00000000
803	0.00000000
804	0.00000000
805	0.00000000
806	0.00000000
807	0.00000000
808	0.00000000
809	0.00000000
810	0.00000000
811	0.00000000
812	0.00000000
813	0.00000000
814	0.00000000
815	0.00000000
816	0.00000000
817	0.00000000
818	0.00000000
819	0.00000000
820	0.00000000
821	0.00000000
822	0.00000000
823	0.00000000
824	0.00000000
825	0.00000000
826	0.00000000
827	0.00000000
828	0.00000000
829	0.00000000
830	0.00000000
831	0.00000000
832	0.00000000
833	0.00000000
834	0.00000000
835	0.00000000
836	0.00000000
837	0.00000000
838	0.00000000
839	0.00000000
840	0.00000000
841	0.00000000
842	0.00000000
843	0.00000000
844	0.00000000
845	0.00000000
846	0.00000000
847	0.00000000
848	0.00000000
849	0.00000000
850	0.00000000
851	0.00000000
852	0.00000000
853	0.00000000
854	0.00000000
855	0.00000000
856	0.00000000
857	0.00000000
858	0.00000000
859	0.00000000
860	0.00000000
861	0.00000000
862	0.00000000
863	0.00000000
864	0.00000000
865	0.00000000
866	0.00000000
867	0.00000000
868	0.00000000
869	0.00000000
870	0.00000000
871	0.00000000
872	0.00000000
873	0.00000000
874	0.00000000
875	0.00000000
876	0.00000000
877	0.00000000
878	0.00000000
879	0.00000000
880	0.00000000
881	0.00000000
882	0.00000000
883	0.00000000
884	0.00000000
885	0.00000000
886	0.00000000
887	0.00000000
888	0.00000000
889	0.00000000
890	0.00000000
891	0.00000000
892	0.00000000
893	0.00000000
894	0.00000000
895	0.00000000
896	0.00000000
897	0.00000000
898	0.00000000
899	0.00000000
900	0.00000000
901	0.00000000
902	0.00000000
903	0.00000000
904	0.00000000
905	0.00000000
906	0.00000000
907	0.00000000
908	0.00000000
909	0.00000000
910	0.00000000
911	0.00000000
912	0.00000000
913	0.00000000
914	0.00000000
915	0.00000000
916	0.00000000
917	0.00000000
918	0.00000000
919	0.00000000
920	0.00000000
921	0.00000000
922	0.00000000
923	0.00000000
924	0.00000000
925	0.00000000
926	0.00000000
927	0.00000000
928	0.00000000
929	0.00000000
930	0.00000000
931	0.00000000
932	0.00000000
933	0.00000000
934	0.00000000
935	0.00000000
936	0.00000000
937	0.00000000
938	0.00000000
939	0.00000000
940	0.00000000
941	0.00000000
942	0.00000000
943	0.00000000
944	0.00000000
945	0.00000000
946	0.00000000
947	0.00000000
948	0.00000000
949	0.00000000
950	0.00000000
951	0.00000000
952	0.00000000
953	0.00000000
954	0.00000000
955	0.00000000
956	0.00000000
957	0.00000000
958	0.00000000
959	0.00000000
960	0.00000000
961	0.00000000
962	0.00000000
963	0.00000000
964	0.00000000
965	0.00000000
966	0.00000000
967	0.00000000
968	0.00000000
969	0.00000000
970	0.00000000
971	0.00000000
972	0.00000000
973	0.00000000
974	0.00000000
975	0.00000000
976	0.00000000
977	0.00000000
978	0.00000000
979	0.00000000
980	0.00000000
981	0.00000000
982	0.00000000
983	0.00000000
984	0.00000000
985	0.00000000
986	0.00000000
987	0.00000000
988	0.00000000
989	0.00000000
990	0.00000000
991	0.00000000
992	0.00000000
993	0.00000000
994	0.00000000
995	0.00000000
996	0.00000000
997	0.00000000
998	0.00000000
999	0.00000000
