0	0.00000000
1	0.00000000
2	0.00000000
3	0.00000000
4	0.00000000
5	0.00000000
6	0.00000000
7	0.00000000
8	0.00000000
9	0.00000000
10	0.00000000
11	0.00000000
12	0.00000000
13	0.00289564
14	0.02009840
15	0.01702303
16	0.02201053
17	0.02172996
18	0.03050619
19	0.03722551
20	0.04238622
21	0.04049617
22	0.04029987
23	0.03561256
24	0.03242669
25	0.02924758
26	0.02691578
27	0.02445340
28	0.02318033
29	0.02135953
30	0.02018194
31	0.01949634
32	0.02108217
33	0.02295208
34	0.02492008
35	0.02721256
36	0.02763093
37	0.02735276
38	0.02691627
39	0.02659970
40	0.02591123
41	0.02555624
42	0.02535943
43	0.02473228
44	0.02430062
45	0.02387389
46	0.02342269
47	0.02281378
48	0.02252014
49	0.02231767
50	0.02184354
51	0.02130939
52	0.02077384
53	0.01993073
54	0.01906761
55	0.01923257
56	0.01920484
57	0.01885483
58	0.01859439
59	0.01809343
60	0.01748933
61	0.01697360
62	0.01657489
63	0.01638082
64	0.01630470
65	0.01615610
66	0.01587557
67	0.01553709
68	0.01520310
69	0.01490181
70	0.01449811
71	0.01404514
72	0.01364196
73	0.01318320
74	0.01280781
75	0.01233343
76	0.01198701
77	0.01159781
78	0.01136291
79	0.01119866
80	0.01085546
81	0.01058112
82	0.01036199
83	0.00999906
84	0.00972463
85	0.00956220
86	0.00931687
87	0.00912303
88	0.00884887
89	0.00862636
90	0.00835819
91	0.00803673
92	0.00783698
93	0.00756142
94	0.00729952
95	0.00706459
96	0.00684004
97	0.00661231
98	0.00639926
99	0.00619257
100	0.00599833
101	0.00583833
102	0.00570927
103	0.00552604
104	0.00536074
105	0.00520308
106	0.00503825
107	0.00487961
108	0.00473378
109	0.00459578
110	0.00445084
111	0.00431797
112	0.00418911
113	0.00404815
114	0.00392732
115	0.00379867
116	0.00368014
117	0.00356470
118	0.00345362
119	0.00334586
120	0.00324048
121	0.00313927
122	0.00304097
123	0.00294612
124	0.00285808
125	0.00277273
126	0.00268462
127	0.00260264
128	0.00252030
129	0.00244250
130	0.00236619
131	0.00229287
132	0.00222182
133	0.00215306
134	0.00208634
135	0.00202172
136	0.00195901
137	0.00189823
138	0.00183930
139	0.00178218
140	0.00172681
141	0.00167316
142	0.00162117
143	0.00157080
144	0.00152200
145	0.00147471
146	0.00142889
147	0.00138450
148	0.00134153
149	0.00129991
150	0.00125957
151	0.00122047
152	0.00118259
153	0.00114588
154	0.00111030
155	0.00107584
156	0.00104244
157	0.00101008
158	0.00097873
159	0.00094835
160	0.00091891
161	0.00089039
162	0.00086276
163	0.00083597
164	0.00081002
165	0.00078488
166	0.00076051
167	0.00073690
168	0.00071403
169	0.00069186
170	0.00067038
171	0.00064957
172	0.00062941
173	0.00060987
174	0.00059093
175	0.00057259
176	0.00055481
177	0.00053759
178	0.00052090
179	0.00050473
180	0.00048906
181	0.00047388
182	0.00045917
183	0.00044492
184	0.00043111
185	0.00041772
186	0.00040476
187	0.00039219
188	0.00038002
189	0.00036822
190	0.00035679
191	0.00034571
192	0.00033498
193	0.00032458
194	0.00031451
195	0.00030474
196	0.00029528
197	0.00028612
198	0.00027723
199	0.00026863
200	0.00026029
201	0.00025221
202	0.00024438
203	0.00023679
204	0.00022944
205	0.00022232
206	0.00021542
207	0.00020873
208	0.00020225
209	0.00019597
210	0.00018989
211	0.00018399
212	0.00017828
213	0.00017275
214	0.00016739
215	0.00016219
216	0.00015715
217	0.00015228
218	0.00014755
219	0.00014297
220	0.00013853
221	0.00013423
222	0.00013006
223	0.00012603
224	0.00012211
225	0.00011832
226	0.00011465
227	0.00011109
228	0.00010764
229	0.00010430
230	0.00010106
231	0.00009793
232	0.00009489
233	0.00009194
234	0.00008909
235	0.00008632
236	0.00008364
237	0.00008104
238	0.00007853
239	0.00007609
240	0.00007373
241	0.00007144
242	0.00006922
243	0.00006707
244	0.00006499
245	0.00006297
246	0.00006102
247	0.00005912
248	0.00005729
249	0.00005551
250	0.00005379
251	0.00005212
252	0.00005050
253	0.00004893
254	0.00004741
255	0.00004594
256	0.00004451
257	0.00004313
258	0.00004179
259	0.00004050
260	0.00003924
261	0.00003802
262	0.00003684
263	0.00003570
264	0.00003459
265	0.00003352
266	0.00003248
267	0.00003147
268	0.00003049
269	0.00002954
270	0.00002863
271	0.00002774
272	0.00002688
273	0.00002604
274	0.00002523
275	0.00002445
276	0.00002369
277	0.00002296
278	0.00002224
279	0.00002155
280	0.00002088
281	0.00002024
282	0.00001961
283	0.00001900
284	0.00001841
285	0.00001784
286	0.00001728
287	0.00001675
288	0.00001623
289	0.00001572
290	0.00001524
291	0.00001476
292	0.00001430
293	0.00001386
294	0.00001343
295	0.00001301
296	0.00001261
297	0.00001222
298	0.00001184
299	0.00001147
300	0.00001111
301	0.00001077
302	0.00001044
303	0.00001011
304	0.00000980
305	0.00000949
306	0.00000920
307	0.00000891
308	0.00000864
309	0.00000837
310	0.00000811
311	0.00000786
312	0.00000761
313	0.00000738
314	0.00000715
315	0.00000693
316	0.00000671
317	0.00000650
318	0.00000630
319	0.00000611
320	0.00000592
321	0.00000573
322	0.00000555
323	0.00000538
324	0.00000521
325	0.00000505
326	0.00000490
327	0.00000474
328	0.00000460
329	0.00000445
330	0.00000432
331	0.00000418
332	0.00000405
333	0.00000393
334	0.00000380
335	0.00000369
336	0.00000357
337	0.00000346
338	0.00000335
339	0.00000325
340	0.00000315
341	0.00000305
342	0.00000296
343	0.00000286
344	0.00000278
345	0.00000269
346	0.00000261
347	0.00000252
348	0.00000245
349	0.00000237
350	0.00000230
351	0.00000223
352	0.00000216
353	0.00000209
354	0.00000202
355	0.00000196
356	0.00000190
357	0.00000184
358	0.00000178
359	0.00000173
360	0.00000168
361	0.00000162
362	0.00000157
363	0.00000152
364	0.00000148
365	0.00000143
366	0.00000139
367	0.00000134
368	0.00000130
369	0.00000126
370	0.00000122
371	0.00000118
372	0.00000115
373	0.00000111
374	0.00000108
375	0.00000104
376	0.00000101
377	0.00000098
378	0.00000095
379	0.00000092
380	0.00000089
381	0.00000086
382	0.00000084
383	0.00000081
384	0.00000079
385	0.00000076
386	0.00000074
387	0.00000072
388	0.00000069
389	0.00000067
390	0.00000065
391	0.00000063
392	0.00000061
393	0.00000059
394	0.00000057
395	0.00000056
396	0.00000054
397	0.00000052
398	0.00000051
399	0.00000049
400	0.00000047
401	0.00000046
402	0.00000045
403	0.00000043
404	0.00000042
405	0.00000041
406	0.00000039
407	0.00000038
408	0.00000037
409	0.00000036
410	0.00000035
411	0.00000034
412	0.00000033
413	0.00000031
414	0.00000031
415	0.00000030
416	0.00000029
417	0.00000028
418	0.00000027
419	0.00000026
420	0.00000025
421	0.00000024
422	0.00000024
423	0.00000023
424	0.00000022
425	0.00000022
426	0.00000021
427	0.00000020
428	0.00000020
429	0.00000019
430	0.00000018
431	0.00000018
432	0.00000017
433	0.00000017
434	0.00000016
435	0.00000016
436	0.00000015
437	0.00000015
438	0.00000014
439	0.00000014
440	0.00000013
441	0.00000013
442	0.00000013
443	0.00000012
444	0.00000012
445	0.00000011
446	0.00000011
447	0.00000011
448	0.00000010
449	0.00000010
450	0.00000010
451	0.00000010
452	0.00000009
453	0.00000009
454	0.00000009
455	0.00000008
456	0.00000008
457	0.00000008
458	0.00000008
459	0.00000007
460	0.00000007
461	0.00000007
462	0.00000007
463	0.00000007
464	0.00000006
465	0.00000006
466	0.00000006
467	0.00000006
468	0.00000006
469	0.00000005
470	0.00000005
471	0.00000005
472	0.00000005
473	0.00000005
474	0.00000005
475	0.00000004
476	0.00000004
477	0.00000004
478	0.00000004
479	0.00000004
480	0.00000004
481	0.00000004
482	0.00000004
483	0.00000003
484	0.00000003
485	0.00000003
486	0.00000003
487	0.00000003
488	0.00000003
489	0.00000003
490	0.00000003
491	0.00000003
492	0.00000003
493	0.00000003
494	0.00000002
495	0.00000002
496	0.00000002
497	0.00000002
498	0.00000002
499	0.00000002
500	0.00000002
501	0.00000002
502	0.00000002
503	0.00000002
504	0.00000002
505	0.00000002
506	0.00000002
507	0.00000002
508	0.00000002
509	0.00000002
510	0.00000001
511	0.00000001
512	0.00000001
513	0.00000001
514	0.00000001
515	0.00000001
516	0.00000001
517	0.00000001
518	0.00000001
519	0.00000001
520	0.00000001
521	0.00000001
522	0.00000001
523	0.00000001
524	0.00000001
525	0.00000001
526	0.00000001
527	0.00000001
528	0.00000001
529	0.00000001
530	0.00000001
531	0.00000001
532	0.00000001
533	0.00000001
534	0.00000001
535	0.00000001
536	0.00000001
537	0.00000001
538	0.00000001
539	0.00000001
540	0.00000001
541	0.00000001
542	0.00000001
543	0.00000001
544	0.00000001
545	0.00000000
546	0.00000000
547	0.00000000
548	0.00000000
549	0.00000000
550	0.00000000
551	0.00000000
552	0.00000000
553	0.00000000
554	0.00000000
555	0.00000000
556	0.00000000
557	0.00000000
558	0.00000000
559	0.00000000
560	0.00000000
561	0.00000000
562	0.00000000
563	0.00000000
564	0.00000000
565	0.00000000
566	0.00000000
567	0.00000000
568	0.00000000
569	0.00000000
570	0.00000000
571	0.00000000
572	0.00000000
573	0.00000000
574	0.00000000
575	0.00000000
576	0.00000000
577	0.00000000
578	0.00000000
579	0.00000000
580	0.00000000
581	0.00000000
582	0.00000000
583	0.00000000
584	0.00000000
585	0.00000000
586	0.00000000
587	0.00000000
588	0.00000000
589	0.00000000
590	0.00000000
591	0.00000000
592	0.00000000
593	0.00000000
594	0.00000000
595	0.00000000
596	0.00000000
597	0.00000000
598	0.00000000
599	0.00000000
600	0.00000000
601	0.00000000
602	0.00000000
603	0.00000000
604	0.00000000
605	0.00000000
606	0.00000000
607	0.00000000
608	0.00000000
609	0.00000000
610	0.00000000
611	0.00000000
612	0.00000000
613	0.00000000
614	0.00000000
615	0.00000000
616	0.00000000
617	0.00000000
618	0.00000000
619	0.00000000
620	0.00000000
621	0.00000000
622	0.00000000
623	0.00000000
624	0.00000000
625	0.00000000
626	0.00000000
627	0.00000000
628	0.00000000
629	0.00000000
630	0.00000000
631	0.00000000
632	0.00000000
633	0.00000000
634	0.00000000
635	0.00000000
636	0.00000000
637	0.00000000
638	0.00000000
639	0.00000000
640	0.00000000
641	0.00000000
642	0.00000000
643	0.00000000
644	0.00000000
645	0.00000000
646	0.00000000
647	0.00000000
648	0.00000000
649	0.00000000
650	0.00000000
651	0.00000000
652	0.00000000
653	0.00000000
654	0.00000000
655	0.00000000
656	0.00000000
657	0.00000000
658	0.00000000
659	0.00000000
660	0.00000000
661	0.00000000
662	0.00000000
663	0.00000000
664	0.00000000
665	0.00000000
666	0.00000000
667	0.00000000
668	0.00000000
669	0.00000000
670	0.00000000
671	0.00000000
672	0.00000000
673	0.00000000
674	0.00000000
675	0.00000000
676	0.00000000
677	0.00000000
678	0.00000000
679	0.00000000
680	0.00000000
681	0.00000000
682	0.00000000
683	0.00000000
684	0.00000000
685	0.00000000
686	0.00000000
687	0.00000000
688	0.00000000
689	0.00000000
690	0.00000000
691	0.00000000
692	0.00000000
693	0.00000000
694	0.00000000
695	0.00000000
696	0.00000000
697	0.00000000
698	0.00000000
699	0.00000000
700	0.00000000
701	0.00000000
702	0.00000000
703	0.00000000
704	0.00000000
705	0.00000000
706	0.00000000
707	0.00000000
708	0.00000000
709	0.00000000
710	0.00000000
711	0.00000000
712	0.00000000
713	0.00000000
714	0.00000000
715	0.00000000
716	0.00000000
717	0.00000000
718	0.00000000
719	0.00000000
720	0.00000000
721	0.00000000
722	0.00000000
723	0.00000000
724	0.00000000
725	0.00000000
726	0.00000000
727	0.00000000
728	0.00000000
729	0.00000000
730	0.00000000
731	0.00000000
732	0.00000000
733	0.00000000
734	0.00000000
735	0.00000000
736	0.00000000
737	0.00000000
738	0.00000000
739	0.00000000
740	0.00000000
741	0.00000000
742	0.00000000
743	0.00000000
744	0.00000000
745	0.00000000
746	0.00000000
747	0.00000000
748	0.00000000
749	0.00000000
750	0.00000000
751	0.00000000
752	0.00000000
753	0.00000000
754	0.00000000
755	0.00000000
756	0.00000000
757	0.00000000
758	0.00000000
759	0.00000000
760	0.00000000
761	0.00000000
762	0.00000000
763	0.00000000
764	0.00000000
765	0.00000000
766	0.00000000
767	0.00000000
768	0.00000000
769	0.00000000
770	0.00000000
771	0.00000000
772	0.00000000
773	0.00000000
774	0.00000000
775	0.00000000
776	0.00000000
777	0.00000000
778	0.00000000
779	0.00000000
780	0.00000000
781	0.00000000
782	0.00000000
783	0.00000000
784	0.00000000
785	0.00000000
786	0.00000000
787	0.00000000
788	0.00000000
789	0.00000000
790	0.00000000
791	0.00000000
792	0.00000000
793	0.00000000
794	0.00000000
795	0.00000000
796	0.00000000
797	0.00000000
798	0.00000000
799	0.00000000
800	0.00000000
801	0.00000000
802	0.00000000
803	0.00000000
804	0.00000000
805	0.00000000
806	0.00000000
807	0.00000000
808	0.00000000
809	0.00000000
810	0.00000000
811	0.00000000
812	0.00000000
813	0.00000000
814	0.00000000
815	0.00000000
816	0.00000000
817	0.00000000
818	0.00000000
819	0.00000000
820	0.00000000
821	0.00000000
822	0.00000000
823	0.00000000
824	0.00000000
825	0.00000000
826	0.00000000
827	0.00000000
828	0.00000000
829	0.00000000
830	0.00000000
831	0.00000000
832	0.00000000
833	0.00000000
834	0.00000000
835	0.00000000
836	0.00000000
837	0.00000000
838	0.00000000
839	0.00000000
840	0.00000000
841	0.00000000
842	0.00000000
843	0.00000000
844	0.00000000
845	0.00000000
846	0.00000000
847	0.00000000
848	0.00000000
849	0.00000000
850	0.00000000
851	0.00000000
852	0.00000000
853	0.00000000
854	0.00000000
855	0.00000000
856	0.00000000
857	0.00000000
858	0.00000000
859	0.00000000
860	0.00000000
861	0.00000000
862	0.00000000
863	0.00000000
864	0.00000000
865	0.00000000
866	0.00000000
867	0.00000000
868	0.00000000
869	0.00000000
870	0.00000000
871	0.00000000
872	0.00000000
873	0.00000000
874	0.00000000
875	0.00000000
876	0.00000000
877	0.00000000
878	0.00000000
879	0.00000000
880	0.00000000
881	0.00000000
882	0.00000000
883	0.00000000
884	0.00000000
885	0.00000000
886	0.00000000
887	0.00000000
888	0.00000000
889	0.00000000
890	0.00000000
891	0.00000000
892	0.00000000
893	0.00000000
894	0.00000000
895	0.00000000
896	0.00000000
897	0.00000000
898	0.00000000
899	0.00000000
900	0.00000000
901	0.00000000
902	0.00000000
903	0.00000000
904	0.00000000
905	0.00000000
906	0.00000000
907	0.00000000
908	0.00000000
909	0.00000000
910	0.00000000
911	0.00000000
912	0.00000000
913	0.00000000
914	0.00000000
915	0.00000000
916	0.00000000
917	0.00000000
918	0.00000000
919	0.00000000
920	0.00000000
921	0.00000000
922	0.00000000
923	0.00000000
924	0.00000000
925	0.00000000
926	0.00000000
927	0.00000000
928	0.00000000
929	0.00000000
930	0.00000000
931	0.00000000
932	0.00000000
933	0.00000000
934	0.00000000
935	0.00000000
936	0.00000000
937	0.00000000
938	0.00000000
939	0.00000000
940	0.00000000
941	0.00000000
942	0.00000000
943	0.00000000
944	0.00000000
945	0.00000000
946	0.00000000
947	0.00000000
948	0.00000000
949	0.00000000
950	0.00000000
951	0.00000000
952	0.00000000
953	0.00000000
954	0.00000000
955	0.00000000
956	0.00000000
957	0.00000000
958	0.00000000
959	0.00000000
960	0.00000000
961	0.00000000
962	0.00000000
963	0.00000000
964	0.00000000
965	0.00000000
966	0.00000000
967	0.00000000
968	0.00000000
969	0.00000000
970	0.00000000
971	0.00000000
972	0.00000000
973	0.00000000
974	0.00000000
975	0.00000000
976	0.00000000
977	0.00000000
978	0.00000000
979	0.00000000
980	0.00000000
981	0.00000000
982	0.00000000
983	0.00000000
984	0.00000000
985	0.00000000
986	0.00000000
987	0.00000000
988	0.00000000
989	0.00000000
990	0.00000000
991	0.00000000
992	0.00000000
993	0.00000000
994	0.00000000
995	0.00000000
996	0.00000000
997	0.00000000
998	0.00000000
999	0.00000000
