0	0.00000000
1	0.00000000
2	0.00000000
3	0.00000000
4	0.00000000
5	0.00000000
6	0.00000000
7	0.00000000
8	0.00000000
9	0.00000000
10	0.00000000
11	0.00000000
12	0.00000000
13	0.01152750
14	0.07549568
15	0.06026490
16	0.06282935
17	0.04580335
18	0.04307615
19	0.04241193
20	0.04221111
21	0.03640352
22	0.03272362
23	0.02852195
24	0.02445213
25	0.02145669
26	0.01977624
27	0.01847954
28	0.01782060
29	0.01695604
30	0.01646408
31	0.01615420
32	0.02003039
33	0.02544368
34	0.02652396
35	0.02816152
36	0.03023384
37	0.02969545
38	0.02840480
39	0.02801960
40	0.02704719
41	0.02693080
42	0.02617182
43	0.02596494
44	0.02550381
45	0.02517139
46	0.02503254
47	0.02409399
48	0.02358057
49	0.02270842
50	0.02194680
51	0.02119225
52	0.02045435
53	0.01982841
54	0.01912746
55	0.01941082
56	0.01958406
57	0.01934861
58	0.01938157
59	0.01905965
60	0.01865876
61	0.01811633
62	0.01779244
63	0.01764039
64	0.01745050
65	0.01722313
66	0.01687802
67	0.01640344
68	0.01580806
69	0.01550195
70	0.01502258
71	0.01458823
72	0.01416414
73	0.01374394
74	0.01332032
75	0.01278835
76	0.01243449
77	0.01207171
78	0.01188628
79	0.01174460
80	0.01150242
81	0.01120500
82	0.01101850
83	0.01076394
84	0.01048624
85	0.01026076
86	0.00996343
87	0.00971604
88	0.00941874
89	0.00911751
90	0.00881628
91	0.00855883
92	0.00825887
93	0.00800139
94	0.00773080
95	0.00748038
96	0.00725087
97	0.00700786
98	0.00677269
99	0.00656208
100	0.00635596
101	0.00617074
102	0.00603423
103	0.00590200
104	0.00572286
105	0.00557377
106	0.00540713
107	0.00523533
108	0.00506954
109	0.00490340
110	0.00474708
111	0.00460004
112	0.00445834
113	0.00432216
114	0.00417996
115	0.00404534
116	0.00391926
117	0.00379600
118	0.00367597
119	0.00356101
120	0.00344900
121	0.00334133
122	0.00323710
123	0.00313610
124	0.00304006
125	0.00295030
126	0.00286065
127	0.00277699
128	0.00268645
129	0.00260505
130	0.00252328
131	0.00244524
132	0.00236919
133	0.00229566
134	0.00222447
135	0.00215531
136	0.00208839
137	0.00202352
138	0.00196057
139	0.00189958
140	0.00184049
141	0.00178323
142	0.00172776
143	0.00167403
144	0.00162198
145	0.00157155
146	0.00152271
147	0.00147540
148	0.00142959
149	0.00138524
150	0.00134228
151	0.00130065
152	0.00126030
153	0.00122121
154	0.00118331
155	0.00114659
156	0.00111101
157	0.00107653
158	0.00104312
159	0.00101074
160	0.00097937
161	0.00094897
162	0.00091952
163	0.00089097
164	0.00086331
165	0.00083651
166	0.00081054
167	0.00078538
168	0.00076099
169	0.00073737
170	0.00071447
171	0.00069229
172	0.00067080
173	0.00064997
174	0.00062979
175	0.00061024
176	0.00059130
177	0.00057294
178	0.00055516
179	0.00053792
180	0.00052123
181	0.00050505
182	0.00048937
183	0.00047418
184	0.00045946
185	0.00044520
186	0.00043137
187	0.00041798
188	0.00040501
189	0.00039244
190	0.00038025
191	0.00036845
192	0.00035701
193	0.00034593
194	0.00033519
195	0.00032478
196	0.00031470
197	0.00030493
198	0.00029547
199	0.00028629
200	0.00027741
201	0.00026880
202	0.00026045
203	0.00025237
204	0.00024453
205	0.00023694
206	0.00022959
207	0.00022246
208	0.00021555
209	0.00020886
210	0.00020238
211	0.00019609
212	0.00019001
213	0.00018411
214	0.00017839
215	0.00017286
216	0.00016749
217	0.00016229
218	0.00015725
219	0.00015237
220	0.00014764
221	0.00014306
222	0.00013862
223	0.00013431
224	0.00013014
225	0.00012610
226	0.00012219
227	0.00011840
228	0.00011472
229	0.00011116
230	0.00010771
231	0.00010437
232	0.00010113
233	0.00009799
234	0.00009494
235	0.00009200
236	0.00008914
237	0.00008637
238	0.00008369
239	0.00008109
240	0.00007858
241	0.00007614
242	0.00007377
243	0.00007148
244	0.00006927
245	0.00006711
246	0.00006503
247	0.00006301
248	0.00006106
249	0.00005916
250	0.00005732
251	0.00005555
252	0.00005382
253	0.00005215
254	0.00005053
255	0.00004896
256	0.00004744
257	0.00004597
258	0.00004454
259	0.00004316
260	0.00004182
261	0.00004052
262	0.00003926
263	0.00003805
264	0.00003686
265	0.00003572
266	0.00003461
267	0.00003354
268	0.00003250
269	0.00003149
270	0.00003051
271	0.00002956
272	0.00002864
273	0.00002776
274	0.00002689
275	0.00002606
276	0.00002525
277	0.00002447
278	0.00002371
279	0.00002297
280	0.00002226
281	0.00002157
282	0.00002090
283	0.00002025
284	0.00001962
285	0.00001901
286	0.00001842
287	0.00001785
288	0.00001729
289	0.00001676
290	0.00001624
291	0.00001573
292	0.00001525
293	0.00001477
294	0.00001431
295	0.00001387
296	0.00001344
297	0.00001302
298	0.00001262
299	0.00001223
300	0.00001185
301	0.00001148
302	0.00001112
303	0.00001078
304	0.00001044
305	0.00001012
306	0.00000980
307	0.00000950
308	0.00000920
309	0.00000892
310	0.00000864
311	0.00000837
312	0.00000811
313	0.00000786
314	0.00000762
315	0.00000738
316	0.00000715
317	0.00000693
318	0.00000671
319	0.00000651
320	0.00000630
321	0.00000611
322	0.00000592
323	0.00000574
324	0.00000556
325	0.00000538
326	0.00000522
327	0.00000506
328	0.00000490
329	0.00000475
330	0.00000460
331	0.00000446
332	0.00000432
333	0.00000418
334	0.00000405
335	0.00000393
336	0.00000381
337	0.00000369
338	0.00000357
339	0.00000346
340	0.00000336
341	0.00000325
342	0.00000315
343	0.00000305
344	0.00000296
345	0.00000287
346	0.00000278
347	0.00000269
348	0.00000261
349	0.00000253
350	0.00000245
351	0.00000237
352	0.00000230
353	0.00000223
354	0.00000216
355	0.00000209
356	0.00000203
357	0.00000196
358	0.00000190
359	0.00000184
360	0.00000179
361	0.00000173
362	0.00000168
363	0.00000162
364	0.00000157
365	0.00000153
366	0.00000148
367	0.00000143
368	0.00000139
369	0.00000134
370	0.00000130
371	0.00000126
372	0.00000122
373	0.00000119
374	0.00000115
375	0.00000111
376	0.00000108
377	0.00000104
378	0.00000101
379	0.00000098
380	0.00000095
381	0.00000092
382	0.00000089
383	0.00000086
384	0.00000084
385	0.00000081
386	0.00000079
387	0.00000076
388	0.00000074
389	0.00000072
390	0.00000069
391	0.00000067
392	0.00000065
393	0.00000063
394	0.00000061
395	0.00000059
396	0.00000057
397	0.00000056
398	0.00000054
399	0.00000052
400	0.00000051
401	0.00000049
402	0.00000047
403	0.00000046
404	0.00000045
405	0.00000043
406	0.00000042
407	0.00000041
408	0.00000039
409	0.00000038
410	0.00000037
411	0.00000036
412	0.00000035
413	0.00000034
414	0.00000033
415	0.00000032
416	0.00000031
417	0.00000030
418	0.00000029
419	0.00000028
420	0.00000027
421	0.00000026
422	0.00000025
423	0.00000024
424	0.00000024
425	0.00000023
426	0.00000022
427	0.00000022
428	0.00000021
429	0.00000020
430	0.00000020
431	0.00000019
432	0.00000018
433	0.00000018
434	0.00000017
435	0.00000017
436	0.00000016
437	0.00000016
438	0.00000015
439	0.00000015
440	0.00000014
441	0.00000014
442	0.00000013
443	0.00000013
444	0.00000013
445	0.00000012
446	0.00000012
447	0.00000011
448	0.00000011
449	0.00000011
450	0.00000010
451	0.00000010
452	0.00000010
453	0.00000010
454	0.00000009
455	0.00000009
456	0.00000009
457	0.00000008
458	0.00000008
459	0.00000008
460	0.00000008
461	0.00000007
462	0.00000007
463	0.00000007
464	0.00000007
465	0.00000007
466	0.00000006
467	0.00000006
468	0.00000006
469	0.00000006
470	0.00000006
471	0.00000005
472	0.00000005
473	0.00000005
474	0.00000005
475	0.00000005
476	0.00000005
477	0.00000004
478	0.00000004
479	0.00000004
480	0.00000004
481	0.00000004
482	0.00000004
483	0.00000004
484	0.00000004
485	0.00000003
486	0.00000003
487	0.00000003
488	0.00000003
489	0.00000003
490	0.00000003
491	0.00000003
492	0.00000003
493	0.00000003
494	0.00000003
495	0.00000003
496	0.00000002
497	0.00000002
498	0.00000002
499	0.00000002
500	0.00000002
501	0.00000002
502	0.00000002
503	0.00000002
504	0.00000002
505	0.00000002
506	0.00000002
507	0.00000002
508	0.00000002
509	0.00000002
510	0.00000002
511	0.00000002
512	0.00000001
513	0.00000001
514	0.00000001
515	0.00000001
516	0.00000001
517	0.00000001
518	0.00000001
519	0.00000001
520	0.00000001
521	0.00000001
522	0.00000001
523	0.00000001
524	0.00000001
525	0.00000001
526	0.00000001
527	0.00000001
528	0.00000001
529	0.00000001
530	0.00000001
531	0.00000001
532	0.00000001
533	0.00000001
534	0.00000001
535	0.00000001
536	0.00000001
537	0.00000001
538	0.00000001
539	0.00000001
540	0.00000001
541	0.00000001
542	0.00000001
543	0.00000001
544	0.00000001
545	0.00000001
546	0.00000001
547	0.00000000
548	0.00000000
549	0.00000000
550	0.00000000
551	0.00000000
552	0.00000000
553	0.00000000
554	0.00000000
555	0.00000000
556	0.00000000
557	0.00000000
558	0.00000000
559	0.00000000
560	0.00000000
561	0.00000000
562	0.00000000
563	0.00000000
564	0.00000000
565	0.00000000
566	0.00000000
567	0.00000000
568	0.00000000
569	0.00000000
570	0.00000000
571	0.00000000
572	0.00000000
573	0.00000000
574	0.00000000
575	0.00000000
576	0.00000000
577	0.00000000
578	0.00000000
579	0.00000000
580	0.00000000
581	0.00000000
582	0.00000000
583	0.00000000
584	0.00000000
585	0.00000000
586	0.00000000
587	0.00000000
588	0.00000000
589	0.00000000
590	0.00000000
591	0.00000000
592	0.00000000
593	0.00000000
594	0.00000000
595	0.00000000
596	0.00000000
597	0.00000000
598	0.00000000
599	0.00000000
600	0.00000000
601	0.00000000
602	0.00000000
603	0.00000000
604	0.00000000
605	0.00000000
606	0.00000000
607	0.00000000
608	0.00000000
609	0.00000000
610	0.00000000
611	0.00000000
612	0.00000000
613	0.00000000
614	0.00000000
615	0.00000000
616	0.00000000
617	0.00000000
618	0.00000000
619	0.00000000
620	0.00000000
621	0.00000000
622	0.00000000
623	0.00000000
624	0.00000000
625	0.00000000
626	0.00000000
627	0.00000000
628	0.00000000
629	0.00000000
630	0.00000000
631	0.00000000
632	0.00000000
633	0.00000000
634	0.00000000
635	0.00000000
636	0.00000000
637	0.00000000
638	0.00000000
639	0.00000000
640	0.00000000
641	0.00000000
642	0.00000000
643	0.00000000
644	0.00000000
645	0.00000000
646	0.00000000
647	0.00000000
648	0.00000000
649	0.00000000
650	0.00000000
651	0.00000000
652	0.00000000
653	0.00000000
654	0.00000000
655	0.00000000
656	0.00000000
657	0.00000000
658	0.00000000
659	0.00000000
660	0.00000000
661	0.00000000
662	0.00000000
663	0.00000000
664	0.00000000
665	0.00000000
666	0.00000000
667	0.00000000
668	0.00000000
669	0.00000000
670	0.00000000
671	0.00000000
672	0.00000000
673	0.00000000
674	0.00000000
675	0.00000000
676	0.00000000
677	0.00000000
678	0.00000000
679	0.00000000
680	0.00000000
681	0.00000000
682	0.00000000
683	0.00000000
684	0.00000000
685	0.00000000
686	0.00000000
687	0.00000000
688	0.00000000
689	0.00000000
690	0.00000000
691	0.00000000
692	0.00000000
693	0.00000000
694	0.00000000
695	0.00000000
696	0.00000000
697	0.00000000
698	0.00000000
699	0.00000000
700	0.00000000
701	0.00000000
702	0.00000000
703	0.00000000
704	0.00000000
705	0.00000000
706	0.00000000
707	0.00000000
708	0.00000000
709	0.00000000
710	0.00000000
711	0.00000000
712	0.00000000
713	0.00000000
714	0.00000000
715	0.00000000
716	0.00000000
717	0.00000000
718	0.00000000
719	0.00000000
720	0.00000000
721	0.00000000
722	0.00000000
723	0.00000000
724	0.00000000
725	0.00000000
726	0.00000000
727	0.00000000
728	0.00000000
729	0.00000000
730	0.00000000
731	0.00000000
732	0.00000000
733	0.00000000
734	0.00000000
735	0.00000000
736	0.00000000
737	0.00000000
738	0.00000000
739	0.00000000
740	0.00000000
741	0.00000000
742	0.00000000
743	0.00000000
744	0.00000000
745	0.00000000
746	0.00000000
747	0.00000000
748	0.00000000
749	0.00000000
750	0.00000000
751	0.00000000
752	0.00000000
753	0.00000000
754	0.00000000
755	0.00000000
756	0.00000000
757	0.00000000
758	0.00000000
759	0.00000000
760	0.00000000
761	0.00000000
762	0.00000000
763	0.00000000
764	0.00000000
765	0.00000000
766	0.00000000
767	0.00000000
768	0.00000000
769	0.00000000
770	0.00000000
771	0.00000000
772	0.00000000
773	0.00000000
774	0.00000000
775	0.00000000
776	0.00000000
777	0.00000000
778	0.00000000
779	0.00000000
780	0.00000000
781	0.00000000
782	0.00000000
783	0.00000000
784	0.00000000
785	0.00000000
786	0.00000000
787	0.00000000
788	0.00000000
789	0.00000000
790	0.00000000
791	0.00000000
792	0.00000000
793	0.00000000
794	0.00000000
795	0.00000000
796	0.00000000
797	0.00000000
798	0.00000000
799	0.00000000
800	0.00000000
801	0.00000000
802	0.00000000
803	0.00000000
804	0.00000000
805	0.00000000
806	0.00000000
807	0.00000000
808	0.00000000
809	0.00000000
810	0.00000000
811	0.00000000
812	0.00000000
813	0.00000000
814	0.00000000
815	0.00000000
816	0.00000000
817	0.00000000
818	0.00000000
819	0.00000000
820	0.00000000
821	0.00000000
822	0.00000000
823	0.00000000
824	0.00000000
825	0.00000000
826	0.00000000
827	0.00000000
828	0.00000000
829	0.00000000
830	0.00000000
831	0.00000000
832	0.00000000
833	0.00000000
834	0.00000000
835	0.00000000
836	0.00000000
837	0.00000000
838	0.00000000
839	0.00000000
840	0.00000000
841	0.00000000
842	0.00000000
843	0.00000000
844	0.00000000
845	0.00000000
846	0.00000000
847	0.00000000
848	0.00000000
849	0.00000000
850	0.00000000
851	0.00000000
852	0.00000000
853	0.00000000
854	0.00000000
855	0.00000000
856	0.00000000
857	0.00000000
858	0.00000000
859	0.00000000
860	0.00000000
861	0.00000000
862	0.00000000
863	0.00000000
864	0.00000000
865	0.00000000
866	0.00000000
867	0.00000000
868	0.00000000
869	0.00000000
870	0.00000000
871	0.00000000
872	0.00000000
873	0.00000000
874	0.00000000
875	0.00000000
876	0.00000000
877	0.00000000
878	0.00000000
879	0.00000000
880	0.00000000
881	0.00000000
882	0.00000000
883	0.00000000
884	0.00000000
885	0.00000000
886	0.00000000
887	0.00000000
888	0.00000000
889	0.00000000
890	0.00000000
891	0.00000000
892	0.00000000
893	0.00000000
894	0.00000000
895	0.00000000
896	0.00000000
897	0.00000000
898	0.00000000
899	0.00000000
900	0.00000000
901	0.00000000
902	0.00000000
903	0.00000000
904	0.00000000
905	0.00000000
906	0.00000000
907	0.00000000
908	0.00000000
909	0.00000000
910	0.00000000
911	0.00000000
912	0.00000000
913	0.00000000
914	0.00000000
915	0.00000000
916	0.00000000
917	0.00000000
918	0.00000000
919	0.00000000
920	0.00000000
921	0.00000000
922	0.00000000
923	0.00000000
924	0.00000000
925	0.00000000
926	0.00000000
927	0.00000000
928	0.00000000
929	0.00000000
930	0.00000000
931	0.00000000
932	0.00000000
933	0.00000000
934	0.00000000
935	0.00000000
936	0.00000000
937	0.00000000
938	0.00000000
939	0.00000000
940	0.00000000
941	0.00000000
942	0.00000000
943	0.00000000
944	0.00000000
945	0.00000000
946	0.00000000
947	0.00000000
948	0.00000000
949	0.00000000
950	0.00000000
951	0.00000000
952	0.00000000
953	0.00000000
954	0.00000000
955	0.00000000
956	0.00000000
957	0.00000000
958	0.00000000
959	0.00000000
960	0.00000000
961	0.00000000
962	0.00000000
963	0.00000000
964	0.00000000
965	0.00000000
966	0.00000000
967	0.00000000
968	0.00000000
969	0.00000000
970	0.00000000
971	0.00000000
972	0.00000000
973	0.00000000
974	0.00000000
975	0.00000000
976	0.00000000
977	0.00000000
978	0.00000000
979	0.00000000
980	0.00000000
981	0.00000000
982	0.00000000
983	0.00000000
984	0.00000000
985	0.00000000
986	0.00000000
987	0.00000000
988	0.00000000
989	0.00000000
990	0.00000000
991	0.00000000
992	0.00000000
993	0.00000000
994	0.00000000
995	0.00000000
996	0.00000000
997	0.00000000
998	0.00000000
999	0.00000000
