0	0.00000000
1	0.00000000
2	0.00000000
3	0.00000000
4	0.00000000
5	0.00000000
6	0.00000000
7	0.00000000
8	0.00000000
9	0.00000000
10	0.00000000
11	0.00000000
12	0.00000000
13	0.01920569
14	0.11997156
15	0.08876536
16	0.09095080
17	0.06035524
18	0.05086213
19	0.04513092
20	0.04222113
21	0.03545847
22	0.03115468
23	0.02677510
24	0.02278151
25	0.01977494
26	0.01810787
27	0.01689200
28	0.01631520
29	0.01557852
30	0.01518074
31	0.01499014
32	0.01900754
33	0.02558388
34	0.02699819
35	0.02790147
36	0.03024078
37	0.02997930
38	0.02842659
39	0.02811003
40	0.02722184
41	0.02727560
42	0.02649481
43	0.02639723
44	0.02599619
45	0.02574016
46	0.02558709
47	0.02455518
48	0.02395894
49	0.02289196
50	0.02209204
51	0.02121333
52	0.02044566
53	0.01980147
54	0.01906772
55	0.01930929
56	0.01954739
57	0.01929008
58	0.01933607
59	0.01909900
60	0.01876753
61	0.01829684
62	0.01803531
63	0.01793759
64	0.01779028
65	0.01752918
66	0.01717303
67	0.01666240
68	0.01601330
69	0.01570350
70	0.01514803
71	0.01472651
72	0.01424934
73	0.01383126
74	0.01337954
75	0.01284902
76	0.01250373
77	0.01215089
78	0.01196742
79	0.01182340
80	0.01161756
81	0.01132486
82	0.01114640
83	0.01090888
84	0.01063468
85	0.01041554
86	0.01010926
87	0.00986348
88	0.00956358
89	0.00923861
90	0.00892072
91	0.00866535
92	0.00835752
93	0.00809518
94	0.00782032
95	0.00757194
96	0.00733621
97	0.00709105
98	0.00685201
99	0.00663634
100	0.00642766
101	0.00623510
102	0.00609514
103	0.00596817
104	0.00579100
105	0.00564767
106	0.00548404
107	0.00531113
108	0.00514564
109	0.00497290
110	0.00481235
111	0.00466243
112	0.00451761
113	0.00437766
114	0.00423454
115	0.00409783
116	0.00396947
117	0.00384443
118	0.00372263
119	0.00360588
120	0.00349238
121	0.00338332
122	0.00327773
123	0.00317550
124	0.00307799
125	0.00298638
126	0.00289630
127	0.00281357
128	0.00272069
129	0.00263960
130	0.00255618
131	0.00247737
132	0.00240022
133	0.00232573
134	0.00225357
135	0.00218345
136	0.00211563
137	0.00204989
138	0.00198608
139	0.00192427
140	0.00186438
141	0.00180635
142	0.00175014
143	0.00169569
144	0.00164295
145	0.00159186
146	0.00154238
147	0.00149445
148	0.00144804
149	0.00140311
150	0.00135960
151	0.00131744
152	0.00127658
153	0.00123699
154	0.00119861
155	0.00116142
156	0.00112538
157	0.00109046
158	0.00105662
159	0.00102383
160	0.00099205
161	0.00096126
162	0.00093142
163	0.00090251
164	0.00087449
165	0.00084734
166	0.00082103
167	0.00079554
168	0.00077084
169	0.00074691
170	0.00072372
171	0.00070125
172	0.00067948
173	0.00065838
174	0.00063794
175	0.00061814
176	0.00059895
177	0.00058036
178	0.00056234
179	0.00054488
180	0.00052797
181	0.00051158
182	0.00049570
183	0.00048031
184	0.00046540
185	0.00045096
186	0.00043696
187	0.00042339
188	0.00041025
189	0.00039751
190	0.00038517
191	0.00037322
192	0.00036163
193	0.00035040
194	0.00033953
195	0.00032899
196	0.00031877
197	0.00030888
198	0.00029929
199	0.00029000
200	0.00028100
201	0.00027227
202	0.00026382
203	0.00025563
204	0.00024770
205	0.00024001
206	0.00023256
207	0.00022534
208	0.00021834
209	0.00021156
210	0.00020500
211	0.00019863
212	0.00019247
213	0.00018649
214	0.00018070
215	0.00017509
216	0.00016966
217	0.00016439
218	0.00015929
219	0.00015434
220	0.00014955
221	0.00014491
222	0.00014041
223	0.00013605
224	0.00013183
225	0.00012774
226	0.00012377
227	0.00011993
228	0.00011621
229	0.00011260
230	0.00010910
231	0.00010572
232	0.00010243
233	0.00009925
234	0.00009617
235	0.00009319
236	0.00009029
237	0.00008749
238	0.00008478
239	0.00008214
240	0.00007959
241	0.00007712
242	0.00007473
243	0.00007241
244	0.00007016
245	0.00006798
246	0.00006587
247	0.00006383
248	0.00006185
249	0.00005993
250	0.00005807
251	0.00005626
252	0.00005452
253	0.00005282
254	0.00005118
255	0.00004960
256	0.00004806
257	0.00004656
258	0.00004512
259	0.00004372
260	0.00004236
261	0.00004105
262	0.00003977
263	0.00003854
264	0.00003734
265	0.00003618
266	0.00003506
267	0.00003397
268	0.00003292
269	0.00003189
270	0.00003090
271	0.00002994
272	0.00002902
273	0.00002811
274	0.00002724
275	0.00002640
276	0.00002558
277	0.00002478
278	0.00002401
279	0.00002327
280	0.00002255
281	0.00002185
282	0.00002117
283	0.00002051
284	0.00001987
285	0.00001926
286	0.00001866
287	0.00001808
288	0.00001752
289	0.00001697
290	0.00001645
291	0.00001594
292	0.00001544
293	0.00001496
294	0.00001450
295	0.00001405
296	0.00001361
297	0.00001319
298	0.00001278
299	0.00001238
300	0.00001200
301	0.00001163
302	0.00001127
303	0.00001092
304	0.00001058
305	0.00001025
306	0.00000993
307	0.00000962
308	0.00000932
309	0.00000903
310	0.00000875
311	0.00000848
312	0.00000822
313	0.00000796
314	0.00000772
315	0.00000748
316	0.00000724
317	0.00000702
318	0.00000680
319	0.00000659
320	0.00000639
321	0.00000619
322	0.00000600
323	0.00000581
324	0.00000563
325	0.00000545
326	0.00000529
327	0.00000512
328	0.00000496
329	0.00000481
330	0.00000466
331	0.00000451
332	0.00000437
333	0.00000424
334	0.00000411
335	0.00000398
336	0.00000386
337	0.00000374
338	0.00000362
339	0.00000351
340	0.00000340
341	0.00000329
342	0.00000319
343	0.00000309
344	0.00000300
345	0.00000290
346	0.00000281
347	0.00000273
348	0.00000264
349	0.00000256
350	0.00000248
351	0.00000240
352	0.00000233
353	0.00000226
354	0.00000219
355	0.00000212
356	0.00000205
357	0.00000199
358	0.00000193
359	0.00000187
360	0.00000181
361	0.00000175
362	0.00000170
363	0.00000165
364	0.00000159
365	0.00000155
366	0.00000150
367	0.00000145
368	0.00000141
369	0.00000136
370	0.00000132
371	0.00000128
372	0.00000124
373	0.00000120
374	0.00000116
375	0.00000113
376	0.00000109
377	0.00000106
378	0.00000103
379	0.00000099
380	0.00000096
381	0.00000093
382	0.00000090
383	0.00000088
384	0.00000085
385	0.00000082
386	0.00000080
387	0.00000077
388	0.00000075
389	0.00000072
390	0.00000070
391	0.00000068
392	0.00000066
393	0.00000064
394	0.00000062
395	0.00000060
396	0.00000058
397	0.00000056
398	0.00000055
399	0.00000053
400	0.00000051
401	0.00000050
402	0.00000048
403	0.00000047
404	0.00000045
405	0.00000044
406	0.00000042
407	0.00000041
408	0.00000040
409	0.00000039
410	0.00000037
411	0.00000036
412	0.00000035
413	0.00000034
414	0.00000033
415	0.00000032
416	0.00000031
417	0.00000030
418	0.00000029
419	0.00000028
420	0.00000027
421	0.00000026
422	0.00000026
423	0.00000025
424	0.00000024
425	0.00000023
426	0.00000023
427	0.00000022
428	0.00000021
429	0.00000021
430	0.00000020
431	0.00000019
432	0.00000019
433	0.00000018
434	0.00000018
435	0.00000017
436	0.00000016
437	0.00000016
438	0.00000015
439	0.00000015
440	0.00000015
441	0.00000014
442	0.00000014
443	0.00000013
444	0.00000013
445	0.00000012
446	0.00000012
447	0.00000012
448	0.00000011
449	0.00000011
450	0.00000011
451	0.00000010
452	0.00000010
453	0.00000010
454	0.00000009
455	0.00000009
456	0.00000009
457	0.00000008
458	0.00000008
459	0.00000008
460	0.00000008
461	0.00000007
462	0.00000007
463	0.00000007
464	0.00000007
465	0.00000007
466	0.00000006
467	0.00000006
468	0.00000006
469	0.00000006
470	0.00000006
471	0.00000005
472	0.00000005
473	0.00000005
474	0.00000005
475	0.00000005
476	0.00000005
477	0.00000005
478	0.00000004
479	0.00000004
480	0.00000004
481	0.00000004
482	0.00000004
483	0.00000004
484	0.00000004
485	0.00000004
486	0.00000003
487	0.00000003
488	0.00000003
489	0.00000003
490	0.00000003
491	0.00000003
492	0.00000003
493	0.00000003
494	0.00000003
495	0.00000003
496	0.00000002
497	0.00000002
498	0.00000002
499	0.00000002
500	0.00000002
501	0.00000002
502	0.00000002
503	0.00000002
504	0.00000002
505	0.00000002
506	0.00000002
507	0.00000002
508	0.00000002
509	0.00000002
510	0.00000002
511	0.00000002
512	0.00000001
513	0.00000001
514	0.00000001
515	0.00000001
516	0.00000001
517	0.00000001
518	0.00000001
519	0.00000001
520	0.00000001
521	0.00000001
522	0.00000001
523	0.00000001
524	0.00000001
525	0.00000001
526	0.00000001
527	0.00000001
528	0.00000001
529	0.00000001
530	0.00000001
531	0.00000001
532	0.00000001
533	0.00000001
534	0.00000001
535	0.00000001
536	0.00000001
537	0.00000001
538	0.00000001
539	0.00000001
540	0.00000001
541	0.00000001
542	0.00000001
543	0.00000001
544	0.00000001
545	0.00000001
546	0.00000001
547	0.00000000
548	0.00000000
549	0.00000000
550	0.00000000
551	0.00000000
552	0.00000000
553	0.00000000
554	0.00000000
555	0.00000000
556	0.00000000
557	0.00000000
558	0.00000000
559	0.00000000
560	0.00000000
561	0.00000000
562	0.00000000
563	0.00000000
564	0.00000000
565	0.00000000
566	0.00000000
567	0.00000000
568	0.00000000
569	0.00000000
570	0.00000000
571	0.00000000
572	0.00000000
573	0.00000000
574	0.00000000
575	0.00000000
576	0.00000000
577	0.00000000
578	0.00000000
579	0.00000000
580	0.00000000
581	0.00000000
582	0.00000000
583	0.00000000
584	0.00000000
585	0.00000000
586	0.00000000
587	0.00000000
588	0.00000000
589	0.00000000
590	0.00000000
591	0.00000000
592	0.00000000
593	0.00000000
594	0.00000000
595	0.00000000
596	0.00000000
597	0.00000000
598	0.00000000
599	0.00000000
600	0.00000000
601	0.00000000
602	0.00000000
603	0.00000000
604	0.00000000
605	0.00000000
606	0.00000000
607	0.00000000
608	0.00000000
609	0.00000000
610	0.00000000
611	0.00000000
612	0.00000000
613	0.00000000
614	0.00000000
615	0.00000000
616	0.00000000
617	0.00000000
618	0.00000000
619	0.00000000
620	0.00000000
621	0.00000000
622	0.00000000
623	0.00000000
624	0.00000000
625	0.00000000
626	0.00000000
627	0.00000000
628	0.00000000
629	0.00000000
630	0.00000000
631	0.00000000
632	0.00000000
633	0.00000000
634	0.00000000
635	0.00000000
636	0.00000000
637	0.00000000
638	0.00000000
639	0.00000000
640	0.00000000
641	0.00000000
642	0.00000000
643	0.00000000
644	0.00000000
645	0.00000000
646	0.00000000
647	0.00000000
648	0.00000000
649	0.00000000
650	0.00000000
651	0.00000000
652	0.00000000
653	0.00000000
654	0.00000000
655	0.00000000
656	0.00000000
657	0.00000000
658	0.00000000
659	0.00000000
660	0.00000000
661	0.00000000
662	0.00000000
663	0.00000000
664	0.00000000
665	0.00000000
666	0.00000000
667	0.00000000
668	0.00000000
669	0.00000000
670	0.00000000
671	0.00000000
672	0.00000000
673	0.00000000
674	0.00000000
675	0.00000000
676	0.00000000
677	0.00000000
678	0.00000000
679	0.00000000
680	0.00000000
681	0.00000000
682	0.00000000
683	0.00000000
684	0.00000000
685	0.00000000
686	0.00000000
687	0.00000000
688	0.00000000
689	0.00000000
690	0.00000000
691	0.00000000
692	0.00000000
693	0.00000000
694	0.00000000
695	0.00000000
696	0.00000000
697	0.00000000
698	0.00000000
699	0.00000000
700	0.00000000
701	0.00000000
702	0.00000000
703	0.00000000
704	0.00000000
705	0.00000000
706	0.00000000
707	0.00000000
708	0.00000000
709	0.00000000
710	0.00000000
711	0.00000000
712	0.00000000
713	0.00000000
714	0.00000000
715	0.00000000
716	0.00000000
717	0.00000000
718	0.00000000
719	0.00000000
720	0.00000000
721	0.00000000
722	0.00000000
723	0.00000000
724	0.00000000
725	0.00000000
726	0.00000000
727	0.00000000
728	0.00000000
729	0.00000000
730	0.00000000
731	0.00000000
732	0.00000000
733	0.00000000
734	0.00000000
735	0.00000000
736	0.00000000
737	0.00000000
738	0.00000000
739	0.00000000
740	0.00000000
741	0.00000000
742	0.00000000
743	0.00000000
744	0.00000000
745	0.00000000
746	0.00000000
747	0.00000000
748	0.00000000
749	0.00000000
750	0.00000000
751	0.00000000
752	0.00000000
753	0.00000000
754	0.00000000
755	0.00000000
756	0.00000000
757	0.00000000
758	0.00000000
759	0.00000000
760	0.00000000
761	0.00000000
762	0.00000000
763	0.00000000
764	0.00000000
765	0.00000000
766	0.00000000
767	0.00000000
768	0.00000000
769	0.00000000
770	0.00000000
771	0.00000000
772	0.00000000
773	0.00000000
774	0.00000000
775	0.00000000
776	0.00000000
777	0.00000000
778	0.00000000
779	0.00000000
780	0.00000000
781	0.00000000
782	0.00000000
783	0.00000000
784	0.00000000
785	0.00000000
786	0.00000000
787	0.00000000
788	0.00000000
789	0.00000000
790	0.00000000
791	0.00000000
792	0.00000000
793	0.00000000
794	0.00000000
795	0.00000000
796	0.00000000
797	0.00000000
798	0.00000000
799	0.00000000
800	0.00000000
801	0.00000000
802	0.00000000
803	0.00000000
804	0.00000000
805	0.00000000
806	0.00000000
807	0.00000000
808	0.00000000
809	0.00000000
810	0.00000000
811	0.00000000
812	0.00000000
813	0.00000000
814	0.00000000
815	0.00000000
816	0.00000000
817	0.00000000
818	0.00000000
819	0.00000000
820	0.00000000
821	0.00000000
822	0.00000000
823	0.00000000
824	0.00000000
825	0.00000000
826	0.00000000
827	0.00000000
828	0.00000000
829	0.00000000
830	0.00000000
831	0.00000000
832	0.00000000
833	0.00000000
834	0.00000000
835	0.00000000
836	0.00000000
837	0.00000000
838	0.00000000
839	0.00000000
840	0.00000000
841	0.00000000
842	0.00000000
843	0.00000000
844	0.00000000
845	0.00000000
846	0.00000000
847	0.00000000
848	0.00000000
849	0.00000000
850	0.00000000
851	0.00000000
852	0.00000000
853	0.00000000
854	0.00000000
855	0.00000000
856	0.00000000
857	0.00000000
858	0.00000000
859	0.00000000
860	0.00000000
861	0.00000000
862	0.00000000
863	0.00000000
864	0.00000000
865	0.00000000
866	0.00000000
867	0.00000000
868	0.00000000
869	0.00000000
870	0.00000000
871	0.00000000
872	0.00000000
873	0.00000000
874	0.00000000
875	0.00000000
876	0.00000000
877	0.00000000
878	0.00000000
879	0.00000000
880	0.00000000
881	0.00000000
882	0.00000000
883	0.00000000
884	0.00000000
885	0.00000000
886	0.00000000
887	0.00000000
888	0.00000000
889	0.00000000
890	0.00000000
891	0.00000000
892	0.00000000
893	0.00000000
894	0.00000000
895	0.00000000
896	0.00000000
897	0.00000000
898	0.00000000
899	0.00000000
900	0.00000000
901	0.00000000
902	0.00000000
903	0.00000000
904	0.00000000
905	0.00000000
906	0.00000000
907	0.00000000
908	0.00000000
909	0.00000000
910	0.00000000
911	0.00000000
912	0.00000000
913	0.00000000
914	0.00000000
915	0.00000000
916	0.00000000
917	0.00000000
918	0.00000000
919	0.00000000
920	0.00000000
921	0.00000000
922	0.00000000
923	0.00000000
924	0.00000000
925	0.00000000
926	0.00000000
927	0.00000000
928	0.00000000
929	0.00000000
930	0.00000000
931	0.00000000
932	0.00000000
933	0.00000000
934	0.00000000
935	0.00000000
936	0.00000000
937	0.00000000
938	0.00000000
939	0.00000000
940	0.00000000
941	0.00000000
942	0.00000000
943	0.00000000
944	0.00000000
945	0.00000000
946	0.00000000
947	0.00000000
948	0.00000000
949	0.00000000
950	0.00000000
951	0.00000000
952	0.00000000
953	0.00000000
954	0.00000000
955	0.00000000
956	0.00000000
957	0.00000000
958	0.00000000
959	0.00000000
960	0.00000000
961	0.00000000
962	0.00000000
963	0.00000000
964	0.00000000
965	0.00000000
966	0.00000000
967	0.00000000
968	0.00000000
969	0.00000000
970	0.00000000
971	0.00000000
972	0.00000000
973	0.00000000
974	0.00000000
975	0.00000000
976	0.00000000
977	0.00000000
978	0.00000000
979	0.00000000
980	0.00000000
981	0.00000000
982	0.00000000
983	0.00000000
984	0.00000000
985	0.00000000
986	0.00000000
987	0.00000000
988	0.00000000
989	0.00000000
990	0.00000000
991	0.00000000
992	0.00000000
993	0.00000000
994	0.00000000
995	0.00000000
996	0.00000000
997	0.00000000
998	0.00000000
999	0.00000000
