0	0.00000000
1	0.00000000
2	0.00000000
3	0.00000000
4	0.00000000
5	0.00000000
6	0.00000000
7	0.00000000
8	0.00000000
9	0.00000000
10	0.00000000
11	0.00000000
12	0.00000000
13	0.00356877
14	0.02433234
15	0.02038644
16	0.02732263
17	0.02742284
18	0.03652605
19	0.04180445
20	0.04480451
21	0.04154494
22	0.03852289
23	0.03452942
24	0.03205590
25	0.02909287
26	0.02694320
27	0.02442988
28	0.02332053
29	0.02151813
30	0.02014313
31	0.01903822
32	0.02055392
33	0.02251082
34	0.02391498
35	0.02588685
36	0.02676944
37	0.02665248
38	0.02677220
39	0.02730723
40	0.02654231
41	0.02629833
42	0.02610982
43	0.02557178
44	0.02470935
45	0.02408999
46	0.02350996
47	0.02277582
48	0.02260706
49	0.02217390
50	0.02161457
51	0.02120628
52	0.02044050
53	0.01979205
54	0.01905561
55	0.01902525
56	0.01902971
57	0.01875096
58	0.01847845
59	0.01800156
60	0.01753199
61	0.01720424
62	0.01690215
63	0.01660605
64	0.01639731
65	0.01628348
66	0.01594093
67	0.01554286
68	0.01521064
69	0.01484521
70	0.01444924
71	0.01403243
72	0.01368362
73	0.01323052
74	0.01282289
75	0.01233300
76	0.01194973
77	0.01159568
78	0.01133825
79	0.01114266
80	0.01081385
81	0.01057189
82	0.01031895
83	0.00999601
84	0.00977446
85	0.00963020
86	0.00936149
87	0.00915832
88	0.00887401
89	0.00864603
90	0.00836639
91	0.00807717
92	0.00781826
93	0.00755983
94	0.00730194
95	0.00706502
96	0.00684528
97	0.00662267
98	0.00639970
99	0.00619513
100	0.00599979
101	0.00583087
102	0.00569050
103	0.00553523
104	0.00536111
105	0.00520734
106	0.00504783
107	0.00489284
108	0.00475036
109	0.00461572
110	0.00445905
111	0.00432601
112	0.00419219
113	0.00405827
114	0.00392865
115	0.00380483
116	0.00368451
117	0.00356903
118	0.00345743
119	0.00335019
120	0.00324400
121	0.00314259
122	0.00304431
123	0.00294916
124	0.00285945
125	0.00277402
126	0.00268716
127	0.00260559
128	0.00252301
129	0.00244535
130	0.00236913
131	0.00229592
132	0.00222492
133	0.00215605
134	0.00208916
135	0.00202438
136	0.00196156
137	0.00190067
138	0.00184163
139	0.00178441
140	0.00172896
141	0.00167523
142	0.00162316
143	0.00157272
144	0.00152385
145	0.00147650
146	0.00143061
147	0.00138617
148	0.00134314
149	0.00130145
150	0.00126106
151	0.00122192
152	0.00118400
153	0.00114724
154	0.00111164
155	0.00107713
156	0.00104370
157	0.00101131
158	0.00097992
159	0.00094950
160	0.00092003
161	0.00089148
162	0.00086381
163	0.00083699
164	0.00081101
165	0.00078583
166	0.00076144
167	0.00073780
168	0.00071490
169	0.00069270
170	0.00067120
171	0.00065036
172	0.00063017
173	0.00061061
174	0.00059165
175	0.00057328
176	0.00055549
177	0.00053824
178	0.00052153
179	0.00050534
180	0.00048966
181	0.00047446
182	0.00045973
183	0.00044546
184	0.00043163
185	0.00041823
186	0.00040525
187	0.00039267
188	0.00038048
189	0.00036867
190	0.00035722
191	0.00034613
192	0.00033539
193	0.00032498
194	0.00031489
195	0.00030511
196	0.00029564
197	0.00028646
198	0.00027757
199	0.00026895
200	0.00026060
201	0.00025251
202	0.00024468
203	0.00023708
204	0.00022972
205	0.00022259
206	0.00021568
207	0.00020898
208	0.00020250
209	0.00019621
210	0.00019012
211	0.00018422
212	0.00017850
213	0.00017296
214	0.00016759
215	0.00016239
216	0.00015735
217	0.00015246
218	0.00014773
219	0.00014314
220	0.00013870
221	0.00013439
222	0.00013022
223	0.00012618
224	0.00012226
225	0.00011847
226	0.00011479
227	0.00011123
228	0.00010777
229	0.00010443
230	0.00010118
231	0.00009804
232	0.00009500
233	0.00009205
234	0.00008919
235	0.00008642
236	0.00008374
237	0.00008114
238	0.00007862
239	0.00007618
240	0.00007382
241	0.00007153
242	0.00006931
243	0.00006715
244	0.00006507
245	0.00006305
246	0.00006109
247	0.00005920
248	0.00005736
249	0.00005558
250	0.00005385
251	0.00005218
252	0.00005056
253	0.00004899
254	0.00004747
255	0.00004600
256	0.00004457
257	0.00004319
258	0.00004184
259	0.00004055
260	0.00003929
261	0.00003807
262	0.00003689
263	0.00003574
264	0.00003463
265	0.00003356
266	0.00003251
267	0.00003151
268	0.00003053
269	0.00002958
270	0.00002866
271	0.00002777
272	0.00002691
273	0.00002607
274	0.00002526
275	0.00002448
276	0.00002372
277	0.00002298
278	0.00002227
279	0.00002158
280	0.00002091
281	0.00002026
282	0.00001963
283	0.00001902
284	0.00001843
285	0.00001786
286	0.00001730
287	0.00001677
288	0.00001625
289	0.00001574
290	0.00001525
291	0.00001478
292	0.00001432
293	0.00001388
294	0.00001345
295	0.00001303
296	0.00001262
297	0.00001223
298	0.00001185
299	0.00001148
300	0.00001113
301	0.00001078
302	0.00001045
303	0.00001012
304	0.00000981
305	0.00000950
306	0.00000921
307	0.00000892
308	0.00000865
309	0.00000838
310	0.00000812
311	0.00000787
312	0.00000762
313	0.00000739
314	0.00000716
315	0.00000693
316	0.00000672
317	0.00000651
318	0.00000631
319	0.00000611
320	0.00000592
321	0.00000574
322	0.00000556
323	0.00000539
324	0.00000522
325	0.00000506
326	0.00000490
327	0.00000475
328	0.00000460
329	0.00000446
330	0.00000432
331	0.00000419
332	0.00000406
333	0.00000393
334	0.00000381
335	0.00000369
336	0.00000358
337	0.00000346
338	0.00000336
339	0.00000325
340	0.00000315
341	0.00000305
342	0.00000296
343	0.00000287
344	0.00000278
345	0.00000269
346	0.00000261
347	0.00000253
348	0.00000245
349	0.00000237
350	0.00000230
351	0.00000223
352	0.00000216
353	0.00000209
354	0.00000203
355	0.00000196
356	0.00000190
357	0.00000184
358	0.00000179
359	0.00000173
360	0.00000168
361	0.00000163
362	0.00000158
363	0.00000153
364	0.00000148
365	0.00000143
366	0.00000139
367	0.00000135
368	0.00000130
369	0.00000126
370	0.00000122
371	0.00000119
372	0.00000115
373	0.00000111
374	0.00000108
375	0.00000105
376	0.00000101
377	0.00000098
378	0.00000095
379	0.00000092
380	0.00000089
381	0.00000087
382	0.00000084
383	0.00000081
384	0.00000079
385	0.00000076
386	0.00000074
387	0.00000072
388	0.00000069
389	0.00000067
390	0.00000065
391	0.00000063
392	0.00000061
393	0.00000059
394	0.00000057
395	0.00000056
396	0.00000054
397	0.00000052
398	0.00000051
399	0.00000049
400	0.00000048
401	0.00000046
402	0.00000045
403	0.00000043
404	0.00000042
405	0.00000041
406	0.00000039
407	0.00000038
408	0.00000037
409	0.00000036
410	0.00000035
411	0.00000034
412	0.00000033
413	0.00000032
414	0.00000031
415	0.00000030
416	0.00000029
417	0.00000028
418	0.00000027
419	0.00000026
420	0.00000025
421	0.00000025
422	0.00000024
423	0.00000023
424	0.00000022
425	0.00000022
426	0.00000021
427	0.00000020
428	0.00000020
429	0.00000019
430	0.00000018
431	0.00000018
432	0.00000017
433	0.00000017
434	0.00000016
435	0.00000016
436	0.00000015
437	0.00000015
438	0.00000014
439	0.00000014
440	0.00000013
441	0.00000013
442	0.00000013
443	0.00000012
444	0.00000012
445	0.00000011
446	0.00000011
447	0.00000011
448	0.00000010
449	0.00000010
450	0.00000010
451	0.00000010
452	0.00000009
453	0.00000009
454	0.00000009
455	0.00000008
456	0.00000008
457	0.00000008
458	0.00000008
459	0.00000007
460	0.00000007
461	0.00000007
462	0.00000007
463	0.00000007
464	0.00000006
465	0.00000006
466	0.00000006
467	0.00000006
468	0.00000006
469	0.00000005
470	0.00000005
471	0.00000005
472	0.00000005
473	0.00000005
474	0.00000005
475	0.00000004
476	0.00000004
477	0.00000004
478	0.00000004
479	0.00000004
480	0.00000004
481	0.00000004
482	0.00000004
483	0.00000003
484	0.00000003
485	0.00000003
486	0.00000003
487	0.00000003
488	0.00000003
489	0.00000003
490	0.00000003
491	0.00000003
492	0.00000003
493	0.00000003
494	0.00000002
495	0.00000002
496	0.00000002
497	0.00000002
498	0.00000002
499	0.00000002
500	0.00000002
501	0.00000002
502	0.00000002
503	0.00000002
504	0.00000002
505	0.00000002
506	0.00000002
507	0.00000002
508	0.00000002
509	0.00000002
510	0.00000001
511	0.00000001
512	0.00000001
513	0.00000001
514	0.00000001
515	0.00000001
516	0.00000001
517	0.00000001
518	0.00000001
519	0.00000001
520	0.00000001
521	0.00000001
522	0.00000001
523	0.00000001
524	0.00000001
525	0.00000001
526	0.00000001
527	0.00000001
528	0.00000001
529	0.00000001
530	0.00000001
531	0.00000001
532	0.00000001
533	0.00000001
534	0.00000001
535	0.00000001
536	0.00000001
537	0.00000001
538	0.00000001
539	0.00000001
540	0.00000001
541	0.00000001
542	0.00000001
543	0.00000001
544	0.00000001
545	0.00000000
546	0.00000000
547	0.00000000
548	0.00000000
549	0.00000000
550	0.00000000
551	0.00000000
552	0.00000000
553	0.00000000
554	0.00000000
555	0.00000000
556	0.00000000
557	0.00000000
558	0.00000000
559	0.00000000
560	0.00000000
561	0.00000000
562	0.00000000
563	0.00000000
564	0.00000000
565	0.00000000
566	0.00000000
567	0.00000000
568	0.00000000
569	0.00000000
570	0.00000000
571	0.00000000
572	0.00000000
573	0.00000000
574	0.00000000
575	0.00000000
576	0.00000000
577	0.00000000
578	0.00000000
579	0.00000000
580	0.00000000
581	0.00000000
582	0.00000000
583	0.00000000
584	0.00000000
585	0.00000000
586	0.00000000
587	0.00000000
588	0.00000000
589	0.00000000
590	0.00000000
591	0.00000000
592	0.00000000
593	0.00000000
594	0.00000000
595	0.00000000
596	0.00000000
597	0.00000000
598	0.00000000
599	0.00000000
600	0.00000000
601	0.00000000
602	0.00000000
603	0.00000000
604	0.00000000
605	0.00000000
606	0.00000000
607	0.00000000
608	0.00000000
609	0.00000000
610	0.00000000
611	0.00000000
612	0.00000000
613	0.00000000
614	0.00000000
615	0.00000000
616	0.00000000
617	0.00000000
618	0.00000000
619	0.00000000
620	0.00000000
621	0.00000000
622	0.00000000
623	0.00000000
624	0.00000000
625	0.00000000
626	0.00000000
627	0.00000000
628	0.00000000
629	0.00000000
630	0.00000000
631	0.00000000
632	0.00000000
633	0.00000000
634	0.00000000
635	0.00000000
636	0.00000000
637	0.00000000
638	0.00000000
639	0.00000000
640	0.00000000
641	0.00000000
642	0.00000000
643	0.00000000
644	0.00000000
645	0.00000000
646	0.00000000
647	0.00000000
648	0.00000000
649	0.00000000
650	0.00000000
651	0.00000000
652	0.00000000
653	0.00000000
654	0.00000000
655	0.00000000
656	0.00000000
657	0.00000000
658	0.00000000
659	0.00000000
660	0.00000000
661	0.00000000
662	0.00000000
663	0.00000000
664	0.00000000
665	0.00000000
666	0.00000000
667	0.00000000
668	0.00000000
669	0.00000000
670	0.00000000
671	0.00000000
672	0.00000000
673	0.00000000
674	0.00000000
675	0.00000000
676	0.00000000
677	0.00000000
678	0.00000000
679	0.00000000
680	0.00000000
681	0.00000000
682	0.00000000
683	0.00000000
684	0.00000000
685	0.00000000
686	0.00000000
687	0.00000000
688	0.00000000
689	0.00000000
690	0.00000000
691	0.00000000
692	0.00000000
693	0.00000000
694	0.00000000
695	0.00000000
696	0.00000000
697	0.00000000
698	0.00000000
699	0.00000000
700	0.00000000
701	0.00000000
702	0.00000000
703	0.00000000
704	0.00000000
705	0.00000000
706	0.00000000
707	0.00000000
708	0.00000000
709	0.00000000
710	0.00000000
711	0.00000000
712	0.00000000
713	0.00000000
714	0.00000000
715	0.00000000
716	0.00000000
717	0.00000000
718	0.00000000
719	0.00000000
720	0.00000000
721	0.00000000
722	0.00000000
723	0.00000000
724	0.00000000
725	0.00000000
726	0.00000000
727	0.00000000
728	0.00000000
729	0.00000000
730	0.00000000
731	0.00000000
732	0.00000000
733	0.00000000
734	0.00000000
735	0.00000000
736	0.00000000
737	0.00000000
738	0.00000000
739	0.00000000
740	0.00000000
741	0.00000000
742	0.00000000
743	0.00000000
744	0.00000000
745	0.00000000
746	0.00000000
747	0.00000000
748	0.00000000
749	0.00000000
750	0.00000000
751	0.00000000
752	0.00000000
753	0.00000000
754	0.00000000
755	0.00000000
756	0.00000000
757	0.00000000
758	0.00000000
759	0.00000000
760	0.00000000
761	0.00000000
762	0.00000000
763	0.00000000
764	0.00000000
765	0.00000000
766	0.00000000
767	0.00000000
768	0.00000000
769	0.00000000
770	0.00000000
771	0.00000000
772	0.00000000
773	0.00000000
774	0.00000000
775	0.00000000
776	0.00000000
777	0.00000000
778	0.00000000
779	0.00000000
780	0.00000000
781	0.00000000
782	0.00000000
783	0.00000000
784	0.00000000
785	0.00000000
786	0.00000000
787	0.00000000
788	0.00000000
789	0.00000000
790	0.00000000
791	0.00000000
792	0.00000000
793	0.00000000
794	0.00000000
795	0.00000000
796	0.00000000
797	0.00000000
798	0.00000000
799	0.00000000
800	0.00000000
801	0.00000000
802	0.00000000
803	0.00000000
804	0.00000000
805	0.00000000
806	0.00000000
807	0.00000000
808	0.00000000
809	0.00000000
810	0.00000000
811	0.00000000
812	0.00000000
813	0.00000000
814	0.00000000
815	0.00000000
816	0.00000000
817	0.00000000
818	0.00000000
819	0.00000000
820	0.00000000
821	0.00000000
822	0.00000000
823	0.00000000
824	0.00000000
825	0.00000000
826	0.00000000
827	0.00000000
828	0.00000000
829	0.00000000
830	0.00000000
831	0.00000000
832	0.00000000
833	0.00000000
834	0.00000000
835	0.00000000
836	0.00000000
837	0.00000000
838	0.00000000
839	0.00000000
840	0.00000000
841	0.00000000
842	0.00000000
843	0.00000000
844	0.00000000
845	0.00000000
846	0.00000000
847	0.00000000
848	0.00000000
849	0.00000000
850	0.00000000
851	0.00000000
852	0.00000000
853	0.00000000
854	0.00000000
855	0.00000000
856	0.00000000
857	0.00000000
858	0.00000000
859	0.00000000
860	0.00000000
861	0.00000000
862	0.00000000
863	0.00000000
864	0.00000000
865	0.00000000
866	0.00000000
867	0.00000000
868	0.00000000
869	0.00000000
870	0.00000000
871	0.00000000
872	0.00000000
873	0.00000000
874	0.00000000
875	0.00000000
876	0.00000000
877	0.00000000
878	0.00000000
879	0.00000000
880	0.00000000
881	0.00000000
882	0.00000000
883	0.00000000
884	0.00000000
885	0.00000000
886	0.00000000
887	0.00000000
888	0.00000000
889	0.00000000
890	0.00000000
891	0.00000000
892	0.00000000
893	0.00000000
894	0.00000000
895	0.00000000
896	0.00000000
897	0.00000000
898	0.00000000
899	0.00000000
900	0.00000000
901	0.00000000
902	0.00000000
903	0.00000000
904	0.00000000
905	0.00000000
906	0.00000000
907	0.00000000
908	0.00000000
909	0.00000000
910	0.00000000
911	0.00000000
912	0.00000000
913	0.00000000
914	0.00000000
915	0.00000000
916	0.00000000
917	0.00000000
918	0.00000000
919	0.00000000
920	0.00000000
921	0.00000000
922	0.00000000
923	0.00000000
924	0.00000000
925	0.00000000
926	0.00000000
927	0.00000000
928	0.00000000
929	0.00000000
930	0.00000000
931	0.00000000
932	0.00000000
933	0.00000000
934	0.00000000
935	0.00000000
936	0.00000000
937	0.00000000
938	0.00000000
939	0.00000000
940	0.00000000
941	0.00000000
942	0.00000000
943	0.00000000
944	0.00000000
945	0.00000000
946	0.00000000
947	0.00000000
948	0.00000000
949	0.00000000
950	0.00000000
951	0.00000000
952	0.00000000
953	0.00000000
954	0.00000000
955	0.00000000
956	0.00000000
957	0.00000000
958	0.00000000
959	0.00000000
960	0.00000000
961	0.00000000
962	0.00000000
963	0.00000000
964	0.00000000
965	0.00000000
966	0.00000000
967	0.00000000
968	0.00000000
969	0.00000000
970	0.00000000
971	0.00000000
972	0.00000000
973	0.00000000
974	0.00000000
975	0.00000000
976	0.00000000
977	0.00000000
978	0.00000000
979	0.00000000
980	0.00000000
981	0.00000000
982	0.00000000
983	0.00000000
984	0.00000000
985	0.00000000
986	0.00000000
987	0.00000000
988	0.00000000
989	0.00000000
990	0.00000000
991	0.00000000
992	0.00000000
993	0.00000000
994	0.00000000
995	0.00000000
996	0.00000000
997	0.00000000
998	0.00000000
999	0.00000000
