0	0.00000000
1	0.00000000
2	0.00000000
3	0.00000000
4	0.00000000
5	0.00000000
6	0.00000000
7	0.00000000
8	0.00000000
9	0.00000000
10	0.00000000
11	0.00000000
12	0.00000000
13	0.00523991
14	0.03556035
15	0.02977159
16	0.03392019
17	0.02959423
18	0.03626883
19	0.04069286
20	0.04253944
21	0.03970422
22	0.03613973
23	0.03125404
24	0.02757932
25	0.02465901
26	0.02271028
27	0.02081705
28	0.02018990
29	0.01919445
30	0.01826302
31	0.01795610
32	0.02082496
33	0.02450949
34	0.02605974
35	0.02852586
36	0.02973151
37	0.02902052
38	0.02800121
39	0.02771557
40	0.02660838
41	0.02609196
42	0.02580101
43	0.02524603
44	0.02461105
45	0.02447902
46	0.02410540
47	0.02340425
48	0.02310611
49	0.02248155
50	0.02181423
51	0.02128318
52	0.02056757
53	0.01992720
54	0.01928654
55	0.01936638
56	0.01958081
57	0.01944024
58	0.01929756
59	0.01883919
60	0.01829699
61	0.01775039
62	0.01735515
63	0.01702637
64	0.01687408
65	0.01674351
66	0.01644616
67	0.01600240
68	0.01556770
69	0.01517081
70	0.01480009
71	0.01435804
72	0.01404337
73	0.01355098
74	0.01316381
75	0.01265658
76	0.01225025
77	0.01192330
78	0.01169613
79	0.01154362
80	0.01125533
81	0.01101242
82	0.01077120
83	0.01044856
84	0.01021178
85	0.00999867
86	0.00971164
87	0.00947385
88	0.00916457
89	0.00892042
90	0.00862377
91	0.00836081
92	0.00809169
93	0.00782597
94	0.00756549
95	0.00732555
96	0.00709147
97	0.00686190
98	0.00663281
99	0.00642152
100	0.00622175
101	0.00604876
102	0.00591042
103	0.00577040
104	0.00559360
105	0.00543207
106	0.00526960
107	0.00509810
108	0.00493597
109	0.00478613
110	0.00462895
111	0.00449048
112	0.00435268
113	0.00421684
114	0.00408154
115	0.00395276
116	0.00382765
117	0.00370730
118	0.00359068
119	0.00347923
120	0.00336942
121	0.00326430
122	0.00316227
123	0.00306362
124	0.00297053
125	0.00288414
126	0.00279291
127	0.00271073
128	0.00262302
129	0.00254281
130	0.00246332
131	0.00238692
132	0.00231282
133	0.00224111
134	0.00217151
135	0.00210417
136	0.00203885
137	0.00197556
138	0.00191418
139	0.00185465
140	0.00179697
141	0.00174111
142	0.00168698
143	0.00163454
144	0.00158374
145	0.00153451
146	0.00148682
147	0.00144064
148	0.00139592
149	0.00135262
150	0.00131066
151	0.00126999
152	0.00123059
153	0.00119240
154	0.00115539
155	0.00111954
156	0.00108479
157	0.00105112
158	0.00101850
159	0.00098688
160	0.00095625
161	0.00092657
162	0.00089781
163	0.00086994
164	0.00084293
165	0.00081676
166	0.00079141
167	0.00076684
168	0.00074303
169	0.00071996
170	0.00069761
171	0.00067595
172	0.00065497
173	0.00063463
174	0.00061493
175	0.00059584
176	0.00057735
177	0.00055942
178	0.00054206
179	0.00052523
180	0.00050893
181	0.00049313
182	0.00047782
183	0.00046299
184	0.00044861
185	0.00043469
186	0.00042119
187	0.00040812
188	0.00039545
189	0.00038317
190	0.00037128
191	0.00035975
192	0.00034859
193	0.00033777
194	0.00032728
195	0.00031712
196	0.00030728
197	0.00029774
198	0.00028849
199	0.00027954
200	0.00027086
201	0.00026245
202	0.00025431
203	0.00024641
204	0.00023876
205	0.00023135
206	0.00022417
207	0.00021721
208	0.00021047
209	0.00020393
210	0.00019760
211	0.00019147
212	0.00018552
213	0.00017976
214	0.00017418
215	0.00016878
216	0.00016354
217	0.00015846
218	0.00015354
219	0.00014878
220	0.00014416
221	0.00013968
222	0.00013535
223	0.00013114
224	0.00012707
225	0.00012313
226	0.00011931
227	0.00011560
228	0.00011201
229	0.00010854
230	0.00010517
231	0.00010190
232	0.00009874
233	0.00009567
234	0.00009270
235	0.00008983
236	0.00008704
237	0.00008434
238	0.00008172
239	0.00007918
240	0.00007672
241	0.00007434
242	0.00007203
243	0.00006980
244	0.00006763
245	0.00006553
246	0.00006350
247	0.00006153
248	0.00005962
249	0.00005777
250	0.00005597
251	0.00005423
252	0.00005255
253	0.00005092
254	0.00004934
255	0.00004781
256	0.00004632
257	0.00004488
258	0.00004349
259	0.00004214
260	0.00004083
261	0.00003957
262	0.00003834
263	0.00003715
264	0.00003599
265	0.00003488
266	0.00003379
267	0.00003275
268	0.00003173
269	0.00003074
270	0.00002979
271	0.00002886
272	0.00002797
273	0.00002710
274	0.00002626
275	0.00002544
276	0.00002465
277	0.00002389
278	0.00002315
279	0.00002243
280	0.00002173
281	0.00002106
282	0.00002040
283	0.00001977
284	0.00001916
285	0.00001856
286	0.00001799
287	0.00001743
288	0.00001689
289	0.00001636
290	0.00001585
291	0.00001536
292	0.00001489
293	0.00001442
294	0.00001398
295	0.00001354
296	0.00001312
297	0.00001271
298	0.00001232
299	0.00001194
300	0.00001157
301	0.00001121
302	0.00001086
303	0.00001052
304	0.00001020
305	0.00000988
306	0.00000957
307	0.00000928
308	0.00000899
309	0.00000871
310	0.00000844
311	0.00000818
312	0.00000792
313	0.00000768
314	0.00000744
315	0.00000721
316	0.00000698
317	0.00000677
318	0.00000656
319	0.00000635
320	0.00000616
321	0.00000596
322	0.00000578
323	0.00000560
324	0.00000543
325	0.00000526
326	0.00000509
327	0.00000494
328	0.00000478
329	0.00000463
330	0.00000449
331	0.00000435
332	0.00000422
333	0.00000409
334	0.00000396
335	0.00000384
336	0.00000372
337	0.00000360
338	0.00000349
339	0.00000338
340	0.00000328
341	0.00000317
342	0.00000308
343	0.00000298
344	0.00000289
345	0.00000280
346	0.00000271
347	0.00000263
348	0.00000255
349	0.00000247
350	0.00000239
351	0.00000232
352	0.00000224
353	0.00000217
354	0.00000211
355	0.00000204
356	0.00000198
357	0.00000192
358	0.00000186
359	0.00000180
360	0.00000174
361	0.00000169
362	0.00000164
363	0.00000159
364	0.00000154
365	0.00000149
366	0.00000144
367	0.00000140
368	0.00000135
369	0.00000131
370	0.00000127
371	0.00000123
372	0.00000119
373	0.00000116
374	0.00000112
375	0.00000109
376	0.00000105
377	0.00000102
378	0.00000099
379	0.00000096
380	0.00000093
381	0.00000090
382	0.00000087
383	0.00000084
384	0.00000082
385	0.00000079
386	0.00000077
387	0.00000074
388	0.00000072
389	0.00000070
390	0.00000068
391	0.00000066
392	0.00000064
393	0.00000062
394	0.00000060
395	0.00000058
396	0.00000056
397	0.00000054
398	0.00000053
399	0.00000051
400	0.00000049
401	0.00000048
402	0.00000046
403	0.00000045
404	0.00000044
405	0.00000042
406	0.00000041
407	0.00000040
408	0.00000038
409	0.00000037
410	0.00000036
411	0.00000035
412	0.00000034
413	0.00000033
414	0.00000032
415	0.00000031
416	0.00000030
417	0.00000029
418	0.00000028
419	0.00000027
420	0.00000026
421	0.00000025
422	0.00000025
423	0.00000024
424	0.00000023
425	0.00000022
426	0.00000022
427	0.00000021
428	0.00000020
429	0.00000020
430	0.00000019
431	0.00000019
432	0.00000018
433	0.00000017
434	0.00000017
435	0.00000016
436	0.00000016
437	0.00000015
438	0.00000015
439	0.00000014
440	0.00000014
441	0.00000014
442	0.00000013
443	0.00000013
444	0.00000012
445	0.00000012
446	0.00000012
447	0.00000011
448	0.00000011
449	0.00000011
450	0.00000010
451	0.00000010
452	0.00000010
453	0.00000009
454	0.00000009
455	0.00000009
456	0.00000008
457	0.00000008
458	0.00000008
459	0.00000008
460	0.00000007
461	0.00000007
462	0.00000007
463	0.00000007
464	0.00000007
465	0.00000006
466	0.00000006
467	0.00000006
468	0.00000006
469	0.00000006
470	0.00000005
471	0.00000005
472	0.00000005
473	0.00000005
474	0.00000005
475	0.00000005
476	0.00000004
477	0.00000004
478	0.00000004
479	0.00000004
480	0.00000004
481	0.00000004
482	0.00000004
483	0.00000004
484	0.00000003
485	0.00000003
486	0.00000003
487	0.00000003
488	0.00000003
489	0.00000003
490	0.00000003
491	0.00000003
492	0.00000003
493	0.00000003
494	0.00000003
495	0.00000002
496	0.00000002
497	0.00000002
498	0.00000002
499	0.00000002
500	0.00000002
501	0.00000002
502	0.00000002
503	0.00000002
504	0.00000002
505	0.00000002
506	0.00000002
507	0.00000002
508	0.00000002
509	0.00000002
510	0.00000002
511	0.00000001
512	0.00000001
513	0.00000001
514	0.00000001
515	0.00000001
516	0.00000001
517	0.00000001
518	0.00000001
519	0.00000001
520	0.00000001
521	0.00000001
522	0.00000001
523	0.00000001
524	0.00000001
525	0.00000001
526	0.00000001
527	0.00000001
528	0.00000001
529	0.00000001
530	0.00000001
531	0.00000001
532	0.00000001
533	0.00000001
534	0.00000001
535	0.00000001
536	0.00000001
537	0.00000001
538	0.00000001
539	0.00000001
540	0.00000001
541	0.00000001
542	0.00000001
543	0.00000001
544	0.00000001
545	0.00000001
546	0.00000000
547	0.00000000
548	0.00000000
549	0.00000000
550	0.00000000
551	0.00000000
552	0.00000000
553	0.00000000
554	0.00000000
555	0.00000000
556	0.00000000
557	0.00000000
558	0.00000000
559	0.00000000
560	0.00000000
561	0.00000000
562	0.00000000
563	0.00000000
564	0.00000000
565	0.00000000
566	0.00000000
567	0.00000000
568	0.00000000
569	0.00000000
570	0.00000000
571	0.00000000
572	0.00000000
573	0.00000000
574	0.00000000
575	0.00000000
576	0.00000000
577	0.00000000
578	0.00000000
579	0.00000000
580	0.00000000
581	0.00000000
582	0.00000000
583	0.00000000
584	0.00000000
585	0.00000000
586	0.00000000
587	0.00000000
588	0.00000000
589	0.00000000
590	0.00000000
591	0.00000000
592	0.00000000
593	0.00000000
594	0.00000000
595	0.00000000
596	0.00000000
597	0.00000000
598	0.00000000
599	0.00000000
600	0.00000000
601	0.00000000
602	0.00000000
603	0.00000000
604	0.00000000
605	0.00000000
606	0.00000000
607	0.00000000
608	0.00000000
609	0.00000000
610	0.00000000
611	0.00000000
612	0.00000000
613	0.00000000
614	0.00000000
615	0.00000000
616	0.00000000
617	0.00000000
618	0.00000000
619	0.00000000
620	0.00000000
621	0.00000000
622	0.00000000
623	0.00000000
624	0.00000000
625	0.00000000
626	0.00000000
627	0.00000000
628	0.00000000
629	0.00000000
630	0.00000000
631	0.00000000
632	0.00000000
633	0.00000000
634	0.00000000
635	0.00000000
636	0.00000000
637	0.00000000
638	0.00000000
639	0.00000000
640	0.00000000
641	0.00000000
642	0.00000000
643	0.00000000
644	0.00000000
645	0.00000000
646	0.00000000
647	0.00000000
648	0.00000000
649	0.00000000
650	0.00000000
651	0.00000000
652	0.00000000
653	0.00000000
654	0.00000000
655	0.00000000
656	0.00000000
657	0.00000000
658	0.00000000
659	0.00000000
660	0.00000000
661	0.00000000
662	0.00000000
663	0.00000000
664	0.00000000
665	0.00000000
666	0.00000000
667	0.00000000
668	0.00000000
669	0.00000000
670	0.00000000
671	0.00000000
672	0.00000000
673	0.00000000
674	0.00000000
675	0.00000000
676	0.00000000
677	0.00000000
678	0.00000000
679	0.00000000
680	0.00000000
681	0.00000000
682	0.00000000
683	0.00000000
684	0.00000000
685	0.00000000
686	0.00000000
687	0.00000000
688	0.00000000
689	0.00000000
690	0.00000000
691	0.00000000
692	0.00000000
693	0.00000000
694	0.00000000
695	0.00000000
696	0.00000000
697	0.00000000
698	0.00000000
699	0.00000000
700	0.00000000
701	0.00000000
702	0.00000000
703	0.00000000
704	0.00000000
705	0.00000000
706	0.00000000
707	0.00000000
708	0.00000000
709	0.00000000
710	0.00000000
711	0.00000000
712	0.00000000
713	0.00000000
714	0.00000000
715	0.00000000
716	0.00000000
717	0.00000000
718	0.00000000
719	0.00000000
720	0.00000000
721	0.00000000
722	0.00000000
723	0.00000000
724	0.00000000
725	0.00000000
726	0.00000000
727	0.00000000
728	0.00000000
729	0.00000000
730	0.00000000
731	0.00000000
732	0.00000000
733	0.00000000
734	0.00000000
735	0.00000000
736	0.00000000
737	0.00000000
738	0.00000000
739	0.00000000
740	0.00000000
741	0.00000000
742	0.00000000
743	0.00000000
744	0.00000000
745	0.00000000
746	0.00000000
747	0.00000000
748	0.00000000
749	0.00000000
750	0.00000000
751	0.00000000
752	0.00000000
753	0.00000000
754	0.00000000
755	0.00000000
756	0.00000000
757	0.00000000
758	0.00000000
759	0.00000000
760	0.00000000
761	0.00000000
762	0.00000000
763	0.00000000
764	0.00000000
765	0.00000000
766	0.00000000
767	0.00000000
768	0.00000000
769	0.00000000
770	0.00000000
771	0.00000000
772	0.00000000
773	0.00000000
774	0.00000000
775	0.00000000
776	0.00000000
777	0.00000000
778	0.00000000
779	0.00000000
780	0.00000000
781	0.00000000
782	0.00000000
783	0.00000000
784	0.00000000
785	0.00000000
786	0.00000000
787	0.00000000
788	0.00000000
789	0.00000000
790	0.00000000
791	0.00000000
792	0.00000000
793	0.00000000
794	0.00000000
795	0.00000000
796	0.00000000
797	0.00000000
798	0.00000000
799	0.00000000
800	0.00000000
801	0.00000000
802	0.00000000
803	0.00000000
804	0.00000000
805	0.00000000
806	0.00000000
807	0.00000000
808	0.00000000
809	0.00000000
810	0.00000000
811	0.00000000
812	0.00000000
813	0.00000000
814	0.00000000
815	0.00000000
816	0.00000000
817	0.00000000
818	0.00000000
819	0.00000000
820	0.00000000
821	0.00000000
822	0.00000000
823	0.00000000
824	0.00000000
825	0.00000000
826	0.00000000
827	0.00000000
828	0.00000000
829	0.00000000
830	0.00000000
831	0.00000000
832	0.00000000
833	0.00000000
834	0.00000000
835	0.00000000
836	0.00000000
837	0.00000000
838	0.00000000
839	0.00000000
840	0.00000000
841	0.00000000
842	0.00000000
843	0.00000000
844	0.00000000
845	0.00000000
846	0.00000000
847	0.00000000
848	0.00000000
849	0.00000000
850	0.00000000
851	0.00000000
852	0.00000000
853	0.00000000
854	0.00000000
855	0.00000000
856	0.00000000
857	0.00000000
858	0.00000000
859	0.00000000
860	0.00000000
861	0.00000000
862	0.00000000
863	0.00000000
864	0.00000000
865	0.00000000
866	0.00000000
867	0.00000000
868	0.00000000
869	0.00000000
870	0.00000000
871	0.00000000
872	0.00000000
873	0.00000000
874	0.00000000
875	0.00000000
876	0.00000000
877	0.00000000
878	0.00000000
879	0.00000000
880	0.00000000
881	0.00000000
882	0.00000000
883	0.00000000
884	0.00000000
885	0.00000000
886	0.00000000
887	0.00000000
888	0.00000000
889	0.00000000
890	0.00000000
891	0.00000000
892	0.00000000
893	0.00000000
894	0.00000000
895	0.00000000
896	0.00000000
897	0.00000000
898	0.00000000
899	0.00000000
900	0.00000000
901	0.00000000
902	0.00000000
903	0.00000000
904	0.00000000
905	0.00000000
906	0.00000000
907	0.00000000
908	0.00000000
909	0.00000000
910	0.00000000
911	0.00000000
912	0.00000000
913	0.00000000
914	0.00000000
915	0.00000000
916	0.00000000
917	0.00000000
918	0.00000000
919	0.00000000
920	0.00000000
921	0.00000000
922	0.00000000
923	0.00000000
924	0.00000000
925	0.00000000
926	0.00000000
927	0.00000000
928	0.00000000
929	0.00000000
930	0.00000000
931	0.00000000
932	0.00000000
933	0.00000000
934	0.00000000
935	0.00000000
936	0.00000000
937	0.00000000
938	0.00000000
939	0.00000000
940	0.00000000
941	0.00000000
942	0.00000000
943	0.00000000
944	0.00000000
945	0.00000000
946	0.00000000
947	0.00000000
948	0.00000000
949	0.00000000
950	0.00000000
951	0.00000000
952	0.00000000
953	0.00000000
954	0.00000000
955	0.00000000
956	0.00000000
957	0.00000000
958	0.00000000
959	0.00000000
960	0.00000000
961	0.00000000
962	0.00000000
963	0.00000000
964	0.00000000
965	0.00000000
966	0.00000000
967	0.00000000
968	0.00000000
969	0.00000000
970	0.00000000
971	0.00000000
972	0.00000000
973	0.00000000
974	0.00000000
975	0.00000000
976	0.00000000
977	0.00000000
978	0.00000000
979	0.00000000
980	0.00000000
981	0.00000000
982	0.00000000
983	0.00000000
984	0.00000000
985	0.00000000
986	0.00000000
987	0.00000000
988	0.00000000
989	0.00000000
990	0.00000000
991	0.00000000
992	0.00000000
993	0.00000000
994	0.00000000
995	0.00000000
996	0.00000000
997	0.00000000
998	0.00000000
999	0.00000000
