0	0.00000000
1	0.00000000
2	0.00000000
3	0.00000000
4	0.00000000
5	0.00000000
6	0.00000000
7	0.00000000
8	0.00000000
9	0.00000000
10	0.00000000
11	0.00000000
12	0.00000000
13	0.02453745
14	0.14717564
15	0.10123449
16	0.10395797
17	0.06589636
18	0.05452243
19	0.04634878
20	0.04289749
21	0.03596203
22	0.03156315
23	0.02689365
24	0.02296961
25	0.01988871
26	0.01812377
27	0.01679853
28	0.01625530
29	0.01549382
30	0.01508897
31	0.01490986
32	0.01870216
33	0.02506172
34	0.02700382
35	0.02791036
36	0.02993418
37	0.02991154
38	0.02833075
39	0.02801228
40	0.02709857
41	0.02721270
42	0.02646350
43	0.02646352
44	0.02598777
45	0.02584173
46	0.02560799
47	0.02465806
48	0.02398188
49	0.02293791
50	0.02213397
51	0.02128761
52	0.02048430
53	0.01985359
54	0.01912210
55	0.01926149
56	0.01944691
57	0.01930547
58	0.01922514
59	0.01897366
60	0.01865463
61	0.01825626
62	0.01794024
63	0.01787231
64	0.01779082
65	0.01752940
66	0.01718905
67	0.01667980
68	0.01605063
69	0.01573249
70	0.01516488
71	0.01472465
72	0.01426253
73	0.01381041
74	0.01334028
75	0.01283911
76	0.01247705
77	0.01213480
78	0.01194263
79	0.01178344
80	0.01159980
81	0.01131983
82	0.01114126
83	0.01088777
84	0.01061711
85	0.01040859
86	0.01010655
87	0.00986098
88	0.00956353
89	0.00924394
90	0.00891781
91	0.00865285
92	0.00835033
93	0.00808816
94	0.00780815
95	0.00756814
96	0.00733228
97	0.00708732
98	0.00684771
99	0.00662947
100	0.00642095
101	0.00622948
102	0.00608440
103	0.00595577
104	0.00578252
105	0.00563826
106	0.00547771
107	0.00530358
108	0.00514095
109	0.00497183
110	0.00480829
111	0.00465858
112	0.00451419
113	0.00437250
114	0.00423115
115	0.00409426
116	0.00396569
117	0.00384080
118	0.00371912
119	0.00360254
120	0.00348899
121	0.00337995
122	0.00327438
123	0.00317221
124	0.00307490
125	0.00298360
126	0.00289316
127	0.00280910
128	0.00271760
129	0.00263752
130	0.00255349
131	0.00247499
132	0.00239785
133	0.00232347
134	0.00225134
135	0.00218132
136	0.00211354
137	0.00204786
138	0.00198411
139	0.00192236
140	0.00186252
141	0.00180455
142	0.00174840
143	0.00169400
144	0.00164131
145	0.00159027
146	0.00154083
147	0.00149294
148	0.00144658
149	0.00140169
150	0.00135822
151	0.00131611
152	0.00127529
153	0.00123574
154	0.00119740
155	0.00116025
156	0.00112425
157	0.00108936
158	0.00105556
159	0.00102280
160	0.00099105
161	0.00096029
162	0.00093048
163	0.00090160
164	0.00087361
165	0.00084649
166	0.00082021
167	0.00079474
168	0.00077007
169	0.00074616
170	0.00072299
171	0.00070054
172	0.00067879
173	0.00065772
174	0.00063730
175	0.00061752
176	0.00059835
177	0.00057977
178	0.00056178
179	0.00054434
180	0.00052744
181	0.00051107
182	0.00049520
183	0.00047983
184	0.00046493
185	0.00045050
186	0.00043652
187	0.00042297
188	0.00040984
189	0.00039711
190	0.00038479
191	0.00037284
192	0.00036127
193	0.00035005
194	0.00033919
195	0.00032866
196	0.00031845
197	0.00030857
198	0.00029899
199	0.00028971
200	0.00028071
201	0.00027200
202	0.00026356
203	0.00025537
204	0.00024745
205	0.00023977
206	0.00023232
207	0.00022511
208	0.00021812
209	0.00021135
210	0.00020479
211	0.00019843
212	0.00019227
213	0.00018630
214	0.00018052
215	0.00017492
216	0.00016949
217	0.00016423
218	0.00015913
219	0.00015419
220	0.00014940
221	0.00014476
222	0.00014027
223	0.00013591
224	0.00013170
225	0.00012761
226	0.00012365
227	0.00011981
228	0.00011609
229	0.00011248
230	0.00010899
231	0.00010561
232	0.00010233
233	0.00009915
234	0.00009608
235	0.00009309
236	0.00009020
237	0.00008740
238	0.00008469
239	0.00008206
240	0.00007951
241	0.00007705
242	0.00007465
243	0.00007234
244	0.00007009
245	0.00006791
246	0.00006581
247	0.00006376
248	0.00006178
249	0.00005987
250	0.00005801
251	0.00005621
252	0.00005446
253	0.00005277
254	0.00005113
255	0.00004955
256	0.00004801
257	0.00004652
258	0.00004507
259	0.00004367
260	0.00004232
261	0.00004101
262	0.00003973
263	0.00003850
264	0.00003730
265	0.00003615
266	0.00003502
267	0.00003394
268	0.00003288
269	0.00003186
270	0.00003087
271	0.00002991
272	0.00002899
273	0.00002809
274	0.00002721
275	0.00002637
276	0.00002555
277	0.00002476
278	0.00002399
279	0.00002324
280	0.00002252
281	0.00002182
282	0.00002115
283	0.00002049
284	0.00001985
285	0.00001924
286	0.00001864
287	0.00001806
288	0.00001750
289	0.00001696
290	0.00001643
291	0.00001592
292	0.00001543
293	0.00001495
294	0.00001448
295	0.00001403
296	0.00001360
297	0.00001318
298	0.00001277
299	0.00001237
300	0.00001199
301	0.00001161
302	0.00001125
303	0.00001091
304	0.00001057
305	0.00001024
306	0.00000992
307	0.00000961
308	0.00000931
309	0.00000903
310	0.00000874
311	0.00000847
312	0.00000821
313	0.00000796
314	0.00000771
315	0.00000747
316	0.00000724
317	0.00000701
318	0.00000680
319	0.00000658
320	0.00000638
321	0.00000618
322	0.00000599
323	0.00000580
324	0.00000562
325	0.00000545
326	0.00000528
327	0.00000512
328	0.00000496
329	0.00000480
330	0.00000465
331	0.00000451
332	0.00000437
333	0.00000423
334	0.00000410
335	0.00000398
336	0.00000385
337	0.00000373
338	0.00000362
339	0.00000350
340	0.00000340
341	0.00000329
342	0.00000319
343	0.00000309
344	0.00000299
345	0.00000290
346	0.00000281
347	0.00000272
348	0.00000264
349	0.00000256
350	0.00000248
351	0.00000240
352	0.00000233
353	0.00000225
354	0.00000218
355	0.00000212
356	0.00000205
357	0.00000199
358	0.00000192
359	0.00000186
360	0.00000181
361	0.00000175
362	0.00000170
363	0.00000164
364	0.00000159
365	0.00000154
366	0.00000150
367	0.00000145
368	0.00000140
369	0.00000136
370	0.00000132
371	0.00000128
372	0.00000124
373	0.00000120
374	0.00000116
375	0.00000113
376	0.00000109
377	0.00000106
378	0.00000102
379	0.00000099
380	0.00000096
381	0.00000093
382	0.00000090
383	0.00000087
384	0.00000085
385	0.00000082
386	0.00000080
387	0.00000077
388	0.00000075
389	0.00000072
390	0.00000070
391	0.00000068
392	0.00000066
393	0.00000064
394	0.00000062
395	0.00000060
396	0.00000058
397	0.00000056
398	0.00000055
399	0.00000053
400	0.00000051
401	0.00000050
402	0.00000048
403	0.00000047
404	0.00000045
405	0.00000044
406	0.00000042
407	0.00000041
408	0.00000040
409	0.00000039
410	0.00000037
411	0.00000036
412	0.00000035
413	0.00000034
414	0.00000033
415	0.00000032
416	0.00000031
417	0.00000030
418	0.00000029
419	0.00000028
420	0.00000027
421	0.00000026
422	0.00000026
423	0.00000025
424	0.00000024
425	0.00000023
426	0.00000023
427	0.00000022
428	0.00000021
429	0.00000021
430	0.00000020
431	0.00000019
432	0.00000019
433	0.00000018
434	0.00000018
435	0.00000017
436	0.00000016
437	0.00000016
438	0.00000015
439	0.00000015
440	0.00000014
441	0.00000014
442	0.00000014
443	0.00000013
444	0.00000013
445	0.00000012
446	0.00000012
447	0.00000012
448	0.00000011
449	0.00000011
450	0.00000011
451	0.00000010
452	0.00000010
453	0.00000010
454	0.00000009
455	0.00000009
456	0.00000009
457	0.00000008
458	0.00000008
459	0.00000008
460	0.00000008
461	0.00000007
462	0.00000007
463	0.00000007
464	0.00000007
465	0.00000007
466	0.00000006
467	0.00000006
468	0.00000006
469	0.00000006
470	0.00000006
471	0.00000005
472	0.00000005
473	0.00000005
474	0.00000005
475	0.00000005
476	0.00000005
477	0.00000005
478	0.00000004
479	0.00000004
480	0.00000004
481	0.00000004
482	0.00000004
483	0.00000004
484	0.00000004
485	0.00000004
486	0.00000003
487	0.00000003
488	0.00000003
489	0.00000003
490	0.00000003
491	0.00000003
492	0.00000003
493	0.00000003
494	0.00000003
495	0.00000003
496	0.00000002
497	0.00000002
498	0.00000002
499	0.00000002
500	0.00000002
501	0.00000002
502	0.00000002
503	0.00000002
504	0.00000002
505	0.00000002
506	0.00000002
507	0.00000002
508	0.00000002
509	0.00000002
510	0.00000002
511	0.00000002
512	0.00000001
513	0.00000001
514	0.00000001
515	0.00000001
516	0.00000001
517	0.00000001
518	0.00000001
519	0.00000001
520	0.00000001
521	0.00000001
522	0.00000001
523	0.00000001
524	0.00000001
525	0.00000001
526	0.00000001
527	0.00000001
528	0.00000001
529	0.00000001
530	0.00000001
531	0.00000001
532	0.00000001
533	0.00000001
534	0.00000001
535	0.00000001
536	0.00000001
537	0.00000001
538	0.00000001
539	0.00000001
540	0.00000001
541	0.00000001
542	0.00000001
543	0.00000001
544	0.00000001
545	0.00000001
546	0.00000001
547	0.00000000
548	0.00000000
549	0.00000000
550	0.00000000
551	0.00000000
552	0.00000000
553	0.00000000
554	0.00000000
555	0.00000000
556	0.00000000
557	0.00000000
558	0.00000000
559	0.00000000
560	0.00000000
561	0.00000000
562	0.00000000
563	0.00000000
564	0.00000000
565	0.00000000
566	0.00000000
567	0.00000000
568	0.00000000
569	0.00000000
570	0.00000000
571	0.00000000
572	0.00000000
573	0.00000000
574	0.00000000
575	0.00000000
576	0.00000000
577	0.00000000
578	0.00000000
579	0.00000000
580	0.00000000
581	0.00000000
582	0.00000000
583	0.00000000
584	0.00000000
585	0.00000000
586	0.00000000
587	0.00000000
588	0.00000000
589	0.00000000
590	0.00000000
591	0.00000000
592	0.00000000
593	0.00000000
594	0.00000000
595	0.00000000
596	0.00000000
597	0.00000000
598	0.00000000
599	0.00000000
600	0.00000000
601	0.00000000
602	0.00000000
603	0.00000000
604	0.00000000
605	0.00000000
606	0.00000000
607	0.00000000
608	0.00000000
609	0.00000000
610	0.00000000
611	0.00000000
612	0.00000000
613	0.00000000
614	0.00000000
615	0.00000000
616	0.00000000
617	0.00000000
618	0.00000000
619	0.00000000
620	0.00000000
621	0.00000000
622	0.00000000
623	0.00000000
624	0.00000000
625	0.00000000
626	0.00000000
627	0.00000000
628	0.00000000
629	0.00000000
630	0.00000000
631	0.00000000
632	0.00000000
633	0.00000000
634	0.00000000
635	0.00000000
636	0.00000000
637	0.00000000
638	0.00000000
639	0.00000000
640	0.00000000
641	0.00000000
642	0.00000000
643	0.00000000
644	0.00000000
645	0.00000000
646	0.00000000
647	0.00000000
648	0.00000000
649	0.00000000
650	0.00000000
651	0.00000000
652	0.00000000
653	0.00000000
654	0.00000000
655	0.00000000
656	0.00000000
657	0.00000000
658	0.00000000
659	0.00000000
660	0.00000000
661	0.00000000
662	0.00000000
663	0.00000000
664	0.00000000
665	0.00000000
666	0.00000000
667	0.00000000
668	0.00000000
669	0.00000000
670	0.00000000
671	0.00000000
672	0.00000000
673	0.00000000
674	0.00000000
675	0.00000000
676	0.00000000
677	0.00000000
678	0.00000000
679	0.00000000
680	0.00000000
681	0.00000000
682	0.00000000
683	0.00000000
684	0.00000000
685	0.00000000
686	0.00000000
687	0.00000000
688	0.00000000
689	0.00000000
690	0.00000000
691	0.00000000
692	0.00000000
693	0.00000000
694	0.00000000
695	0.00000000
696	0.00000000
697	0.00000000
698	0.00000000
699	0.00000000
700	0.00000000
701	0.00000000
702	0.00000000
703	0.00000000
704	0.00000000
705	0.00000000
706	0.00000000
707	0.00000000
708	0.00000000
709	0.00000000
710	0.00000000
711	0.00000000
712	0.00000000
713	0.00000000
714	0.00000000
715	0.00000000
716	0.00000000
717	0.00000000
718	0.00000000
719	0.00000000
720	0.00000000
721	0.00000000
722	0.00000000
723	0.00000000
724	0.00000000
725	0.00000000
726	0.00000000
727	0.00000000
728	0.00000000
729	0.00000000
730	0.00000000
731	0.00000000
732	0.00000000
733	0.00000000
734	0.00000000
735	0.00000000
736	0.00000000
737	0.00000000
738	0.00000000
739	0.00000000
740	0.00000000
741	0.00000000
742	0.00000000
743	0.00000000
744	0.00000000
745	0.00000000
746	0.00000000
747	0.00000000
748	0.00000000
749	0.00000000
750	0.00000000
751	0.00000000
752	0.00000000
753	0.00000000
754	0.00000000
755	0.00000000
756	0.00000000
757	0.00000000
758	0.00000000
759	0.00000000
760	0.00000000
761	0.00000000
762	0.00000000
763	0.00000000
764	0.00000000
765	0.00000000
766	0.00000000
767	0.00000000
768	0.00000000
769	0.00000000
770	0.00000000
771	0.00000000
772	0.00000000
773	0.00000000
774	0.00000000
775	0.00000000
776	0.00000000
777	0.00000000
778	0.00000000
779	0.00000000
780	0.00000000
781	0.00000000
782	0.00000000
783	0.00000000
784	0.00000000
785	0.00000000
786	0.00000000
787	0.00000000
788	0.00000000
789	0.00000000
790	0.00000000
791	0.00000000
792	0.00000000
793	0.00000000
794	0.00000000
795	0.00000000
796	0.00000000
797	0.00000000
798	0.00000000
799	0.00000000
800	0.00000000
801	0.00000000
802	0.00000000
803	0.00000000
804	0.00000000
805	0.00000000
806	0.00000000
807	0.00000000
808	0.00000000
809	0.00000000
810	0.00000000
811	0.00000000
812	0.00000000
813	0.00000000
814	0.00000000
815	0.00000000
816	0.00000000
817	0.00000000
818	0.00000000
819	0.00000000
820	0.00000000
821	0.00000000
822	0.00000000
823	0.00000000
824	0.00000000
825	0.00000000
826	0.00000000
827	0.00000000
828	0.00000000
829	0.00000000
830	0.00000000
831	0.00000000
832	0.00000000
833	0.00000000
834	0.00000000
835	0.00000000
836	0.00000000
837	0.00000000
838	0.00000000
839	0.00000000
840	0.00000000
841	0.00000000
842	0.00000000
843	0.00000000
844	0.00000000
845	0.00000000
846	0.00000000
847	0.00000000
848	0.00000000
849	0.00000000
850	0.00000000
851	0.00000000
852	0.00000000
853	0.00000000
854	0.00000000
855	0.00000000
856	0.00000000
857	0.00000000
858	0.00000000
859	0.00000000
860	0.00000000
861	0.00000000
862	0.00000000
863	0.00000000
864	0.00000000
865	0.00000000
866	0.00000000
867	0.00000000
868	0.00000000
869	0.00000000
870	0.00000000
871	0.00000000
872	0.00000000
873	0.00000000
874	0.00000000
875	0.00000000
876	0.00000000
877	0.00000000
878	0.00000000
879	0.00000000
880	0.00000000
881	0.00000000
882	0.00000000
883	0.00000000
884	0.00000000
885	0.00000000
886	0.00000000
887	0.00000000
888	0.00000000
889	0.00000000
890	0.00000000
891	0.00000000
892	0.00000000
893	0.00000000
894	0.00000000
895	0.00000000
896	0.00000000
897	0.00000000
898	0.00000000
899	0.00000000
900	0.00000000
901	0.00000000
902	0.00000000
903	0.00000000
904	0.00000000
905	0.00000000
906	0.00000000
907	0.00000000
908	0.00000000
909	0.00000000
910	0.00000000
911	0.00000000
912	0.00000000
913	0.00000000
914	0.00000000
915	0.00000000
916	0.00000000
917	0.00000000
918	0.00000000
919	0.00000000
920	0.00000000
921	0.00000000
922	0.00000000
923	0.00000000
924	0.00000000
925	0.00000000
926	0.00000000
927	0.00000000
928	0.00000000
929	0.00000000
930	0.00000000
931	0.00000000
932	0.00000000
933	0.00000000
934	0.00000000
935	0.00000000
936	0.00000000
937	0.00000000
938	0.00000000
939	0.00000000
940	0.00000000
941	0.00000000
942	0.00000000
943	0.00000000
944	0.00000000
945	0.00000000
946	0.00000000
947	0.00000000
948	0.00000000
949	0.00000000
950	0.00000000
951	0.00000000
952	0.00000000
953	0.00000000
954	0.00000000
955	0.00000000
956	0.00000000
957	0.00000000
958	0.00000000
959	0.00000000
960	0.00000000
961	0.00000000
962	0.00000000
963	0.00000000
964	0.00000000
965	0.00000000
966	0.00000000
967	0.00000000
968	0.00000000
969	0.00000000
970	0.00000000
971	0.00000000
972	0.00000000
973	0.00000000
974	0.00000000
975	0.00000000
976	0.00000000
977	0.00000000
978	0.00000000
979	0.00000000
980	0.00000000
981	0.00000000
982	0.00000000
983	0.00000000
984	0.00000000
985	0.00000000
986	0.00000000
987	0.00000000
988	0.00000000
989	0.00000000
990	0.00000000
991	0.00000000
992	0.00000000
993	0.00000000
994	0.00000000
995	0.00000000
996	0.00000000
997	0.00000000
998	0.00000000
999	0.00000000
