0	0.00000000
1	0.00000000
2	0.00000000
3	0.00000000
4	0.00000000
5	0.00000000
6	0.00000000
7	0.00000000
8	0.00000000
9	0.00000000
10	0.00000000
11	0.00000000
12	0.00000000
13	0.00526464
14	0.03567672
15	0.02962435
16	0.03428330
17	0.02990343
18	0.03616569
19	0.03999963
20	0.04281740
21	0.03877556
22	0.03644922
23	0.03180748
24	0.02827626
25	0.02534063
26	0.02378084
27	0.02195901
28	0.02124062
29	0.01978706
30	0.01894616
31	0.01844062
32	0.02122104
33	0.02409026
34	0.02547073
35	0.02790276
36	0.02881671
37	0.02825114
38	0.02764105
39	0.02733991
40	0.02650923
41	0.02617540
42	0.02570502
43	0.02520148
44	0.02464425
45	0.02436502
46	0.02402319
47	0.02335578
48	0.02290748
49	0.02250587
50	0.02187514
51	0.02127727
52	0.02067230
53	0.01994329
54	0.01917753
55	0.01943602
56	0.01943237
57	0.01916139
58	0.01905117
59	0.01861255
60	0.01801790
61	0.01750917
62	0.01711170
63	0.01687843
64	0.01676995
65	0.01658712
66	0.01631480
67	0.01593130
68	0.01545992
69	0.01514433
70	0.01474721
71	0.01430706
72	0.01392096
73	0.01345046
74	0.01304071
75	0.01256980
76	0.01220625
77	0.01183162
78	0.01162090
79	0.01146921
80	0.01115906
81	0.01088648
82	0.01068793
83	0.01034337
84	0.01007787
85	0.00987512
86	0.00960012
87	0.00938456
88	0.00910377
89	0.00885458
90	0.00856926
91	0.00827626
92	0.00802783
93	0.00776371
94	0.00749039
95	0.00725505
96	0.00702862
97	0.00679785
98	0.00657629
99	0.00636641
100	0.00616889
101	0.00599631
102	0.00586674
103	0.00570322
104	0.00552925
105	0.00537519
106	0.00520806
107	0.00503942
108	0.00488418
109	0.00473772
110	0.00458739
111	0.00444602
112	0.00431272
113	0.00417301
114	0.00404528
115	0.00391236
116	0.00379037
117	0.00367174
118	0.00355678
119	0.00344632
120	0.00333738
121	0.00323324
122	0.00313222
123	0.00303452
124	0.00294287
125	0.00285717
126	0.00276675
127	0.00268295
128	0.00259742
129	0.00251777
130	0.00243892
131	0.00236335
132	0.00229002
133	0.00221907
134	0.00215023
135	0.00208356
136	0.00201890
137	0.00195622
138	0.00189543
139	0.00183653
140	0.00177944
141	0.00172413
142	0.00167054
143	0.00161862
144	0.00156832
145	0.00151958
146	0.00147236
147	0.00142663
148	0.00138235
149	0.00133946
150	0.00129791
151	0.00125763
152	0.00121861
153	0.00118079
154	0.00114414
155	0.00110863
156	0.00107421
157	0.00104087
158	0.00100856
159	0.00097726
160	0.00094693
161	0.00091753
162	0.00088905
163	0.00086146
164	0.00083471
165	0.00080880
166	0.00078369
167	0.00075936
168	0.00073579
169	0.00071294
170	0.00069081
171	0.00066936
172	0.00064858
173	0.00062845
174	0.00060894
175	0.00059004
176	0.00057172
177	0.00055397
178	0.00053678
179	0.00052011
180	0.00050397
181	0.00048832
182	0.00047316
183	0.00045847
184	0.00044424
185	0.00043045
186	0.00041709
187	0.00040414
188	0.00039160
189	0.00037944
190	0.00036766
191	0.00035625
192	0.00034519
193	0.00033447
194	0.00032409
195	0.00031403
196	0.00030428
197	0.00029483
198	0.00028568
199	0.00027681
200	0.00026822
201	0.00025989
202	0.00025183
203	0.00024401
204	0.00023643
205	0.00022909
206	0.00022198
207	0.00021509
208	0.00020841
209	0.00020194
210	0.00019568
211	0.00018960
212	0.00018372
213	0.00017801
214	0.00017249
215	0.00016713
216	0.00016194
217	0.00015692
218	0.00015205
219	0.00014733
220	0.00014275
221	0.00013832
222	0.00013403
223	0.00012987
224	0.00012583
225	0.00012193
226	0.00011814
227	0.00011448
228	0.00011092
229	0.00010748
230	0.00010414
231	0.00010091
232	0.00009778
233	0.00009474
234	0.00009180
235	0.00008895
236	0.00008619
237	0.00008351
238	0.00008092
239	0.00007841
240	0.00007598
241	0.00007362
242	0.00007133
243	0.00006912
244	0.00006697
245	0.00006489
246	0.00006288
247	0.00006093
248	0.00005903
249	0.00005720
250	0.00005543
251	0.00005371
252	0.00005204
253	0.00005042
254	0.00004886
255	0.00004734
256	0.00004587
257	0.00004445
258	0.00004307
259	0.00004173
260	0.00004044
261	0.00003918
262	0.00003796
263	0.00003679
264	0.00003564
265	0.00003454
266	0.00003346
267	0.00003243
268	0.00003142
269	0.00003044
270	0.00002950
271	0.00002858
272	0.00002770
273	0.00002684
274	0.00002600
275	0.00002520
276	0.00002441
277	0.00002366
278	0.00002292
279	0.00002221
280	0.00002152
281	0.00002085
282	0.00002020
283	0.00001958
284	0.00001897
285	0.00001838
286	0.00001781
287	0.00001726
288	0.00001672
289	0.00001620
290	0.00001570
291	0.00001521
292	0.00001474
293	0.00001428
294	0.00001384
295	0.00001341
296	0.00001299
297	0.00001259
298	0.00001220
299	0.00001182
300	0.00001145
301	0.00001110
302	0.00001075
303	0.00001042
304	0.00001010
305	0.00000978
306	0.00000948
307	0.00000918
308	0.00000890
309	0.00000862
310	0.00000836
311	0.00000810
312	0.00000784
313	0.00000760
314	0.00000737
315	0.00000714
316	0.00000692
317	0.00000670
318	0.00000649
319	0.00000629
320	0.00000610
321	0.00000591
322	0.00000572
323	0.00000555
324	0.00000537
325	0.00000521
326	0.00000504
327	0.00000489
328	0.00000474
329	0.00000459
330	0.00000445
331	0.00000431
332	0.00000418
333	0.00000405
334	0.00000392
335	0.00000380
336	0.00000368
337	0.00000357
338	0.00000346
339	0.00000335
340	0.00000324
341	0.00000314
342	0.00000305
343	0.00000295
344	0.00000286
345	0.00000277
346	0.00000269
347	0.00000260
348	0.00000252
349	0.00000244
350	0.00000237
351	0.00000229
352	0.00000222
353	0.00000215
354	0.00000209
355	0.00000202
356	0.00000196
357	0.00000190
358	0.00000184
359	0.00000178
360	0.00000173
361	0.00000167
362	0.00000162
363	0.00000157
364	0.00000152
365	0.00000147
366	0.00000143
367	0.00000138
368	0.00000134
369	0.00000130
370	0.00000126
371	0.00000122
372	0.00000118
373	0.00000115
374	0.00000111
375	0.00000108
376	0.00000104
377	0.00000101
378	0.00000098
379	0.00000095
380	0.00000092
381	0.00000089
382	0.00000086
383	0.00000084
384	0.00000081
385	0.00000078
386	0.00000076
387	0.00000074
388	0.00000071
389	0.00000069
390	0.00000067
391	0.00000065
392	0.00000063
393	0.00000061
394	0.00000059
395	0.00000057
396	0.00000055
397	0.00000054
398	0.00000052
399	0.00000050
400	0.00000049
401	0.00000047
402	0.00000046
403	0.00000044
404	0.00000043
405	0.00000042
406	0.00000040
407	0.00000039
408	0.00000038
409	0.00000037
410	0.00000036
411	0.00000035
412	0.00000033
413	0.00000032
414	0.00000031
415	0.00000030
416	0.00000030
417	0.00000029
418	0.00000028
419	0.00000027
420	0.00000026
421	0.00000025
422	0.00000024
423	0.00000024
424	0.00000023
425	0.00000022
426	0.00000022
427	0.00000021
428	0.00000020
429	0.00000020
430	0.00000019
431	0.00000018
432	0.00000018
433	0.00000017
434	0.00000017
435	0.00000016
436	0.00000016
437	0.00000015
438	0.00000015
439	0.00000014
440	0.00000014
441	0.00000013
442	0.00000013
443	0.00000013
444	0.00000012
445	0.00000012
446	0.00000011
447	0.00000011
448	0.00000011
449	0.00000010
450	0.00000010
451	0.00000010
452	0.00000009
453	0.00000009
454	0.00000009
455	0.00000009
456	0.00000008
457	0.00000008
458	0.00000008
459	0.00000008
460	0.00000007
461	0.00000007
462	0.00000007
463	0.00000007
464	0.00000006
465	0.00000006
466	0.00000006
467	0.00000006
468	0.00000006
469	0.00000006
470	0.00000005
471	0.00000005
472	0.00000005
473	0.00000005
474	0.00000005
475	0.00000005
476	0.00000004
477	0.00000004
478	0.00000004
479	0.00000004
480	0.00000004
481	0.00000004
482	0.00000004
483	0.00000004
484	0.00000003
485	0.00000003
486	0.00000003
487	0.00000003
488	0.00000003
489	0.00000003
490	0.00000003
491	0.00000003
492	0.00000003
493	0.00000003
494	0.00000003
495	0.00000002
496	0.00000002
497	0.00000002
498	0.00000002
499	0.00000002
500	0.00000002
501	0.00000002
502	0.00000002
503	0.00000002
504	0.00000002
505	0.00000002
506	0.00000002
507	0.00000002
508	0.00000002
509	0.00000002
510	0.00000002
511	0.00000001
512	0.00000001
513	0.00000001
514	0.00000001
515	0.00000001
516	0.00000001
517	0.00000001
518	0.00000001
519	0.00000001
520	0.00000001
521	0.00000001
522	0.00000001
523	0.00000001
524	0.00000001
525	0.00000001
526	0.00000001
527	0.00000001
528	0.00000001
529	0.00000001
530	0.00000001
531	0.00000001
532	0.00000001
533	0.00000001
534	0.00000001
535	0.00000001
536	0.00000001
537	0.00000001
538	0.00000001
539	0.00000001
540	0.00000001
541	0.00000001
542	0.00000001
543	0.00000001
544	0.00000001
545	0.00000001
546	0.00000000
547	0.00000000
548	0.00000000
549	0.00000000
550	0.00000000
551	0.00000000
552	0.00000000
553	0.00000000
554	0.00000000
555	0.00000000
556	0.00000000
557	0.00000000
558	0.00000000
559	0.00000000
560	0.00000000
561	0.00000000
562	0.00000000
563	0.00000000
564	0.00000000
565	0.00000000
566	0.00000000
567	0.00000000
568	0.00000000
569	0.00000000
570	0.00000000
571	0.00000000
572	0.00000000
573	0.00000000
574	0.00000000
575	0.00000000
576	0.00000000
577	0.00000000
578	0.00000000
579	0.00000000
580	0.00000000
581	0.00000000
582	0.00000000
583	0.00000000
584	0.00000000
585	0.00000000
586	0.00000000
587	0.00000000
588	0.00000000
589	0.00000000
590	0.00000000
591	0.00000000
592	0.00000000
593	0.00000000
594	0.00000000
595	0.00000000
596	0.00000000
597	0.00000000
598	0.00000000
599	0.00000000
600	0.00000000
601	0.00000000
602	0.00000000
603	0.00000000
604	0.00000000
605	0.00000000
606	0.00000000
607	0.00000000
608	0.00000000
609	0.00000000
610	0.00000000
611	0.00000000
612	0.00000000
613	0.00000000
614	0.00000000
615	0.00000000
616	0.00000000
617	0.00000000
618	0.00000000
619	0.00000000
620	0.00000000
621	0.00000000
622	0.00000000
623	0.00000000
624	0.00000000
625	0.00000000
626	0.00000000
627	0.00000000
628	0.00000000
629	0.00000000
630	0.00000000
631	0.00000000
632	0.00000000
633	0.00000000
634	0.00000000
635	0.00000000
636	0.00000000
637	0.00000000
638	0.00000000
639	0.00000000
640	0.00000000
641	0.00000000
642	0.00000000
643	0.00000000
644	0.00000000
645	0.00000000
646	0.00000000
647	0.00000000
648	0.00000000
649	0.00000000
650	0.00000000
651	0.00000000
652	0.00000000
653	0.00000000
654	0.00000000
655	0.00000000
656	0.00000000
657	0.00000000
658	0.00000000
659	0.00000000
660	0.00000000
661	0.00000000
662	0.00000000
663	0.00000000
664	0.00000000
665	0.00000000
666	0.00000000
667	0.00000000
668	0.00000000
669	0.00000000
670	0.00000000
671	0.00000000
672	0.00000000
673	0.00000000
674	0.00000000
675	0.00000000
676	0.00000000
677	0.00000000
678	0.00000000
679	0.00000000
680	0.00000000
681	0.00000000
682	0.00000000
683	0.00000000
684	0.00000000
685	0.00000000
686	0.00000000
687	0.00000000
688	0.00000000
689	0.00000000
690	0.00000000
691	0.00000000
692	0.00000000
693	0.00000000
694	0.00000000
695	0.00000000
696	0.00000000
697	0.00000000
698	0.00000000
699	0.00000000
700	0.00000000
701	0.00000000
702	0.00000000
703	0.00000000
704	0.00000000
705	0.00000000
706	0.00000000
707	0.00000000
708	0.00000000
709	0.00000000
710	0.00000000
711	0.00000000
712	0.00000000
713	0.00000000
714	0.00000000
715	0.00000000
716	0.00000000
717	0.00000000
718	0.00000000
719	0.00000000
720	0.00000000
721	0.00000000
722	0.00000000
723	0.00000000
724	0.00000000
725	0.00000000
726	0.00000000
727	0.00000000
728	0.00000000
729	0.00000000
730	0.00000000
731	0.00000000
732	0.00000000
733	0.00000000
734	0.00000000
735	0.00000000
736	0.00000000
737	0.00000000
738	0.00000000
739	0.00000000
740	0.00000000
741	0.00000000
742	0.00000000
743	0.00000000
744	0.00000000
745	0.00000000
746	0.00000000
747	0.00000000
748	0.00000000
749	0.00000000
750	0.00000000
751	0.00000000
752	0.00000000
753	0.00000000
754	0.00000000
755	0.00000000
756	0.00000000
757	0.00000000
758	0.00000000
759	0.00000000
760	0.00000000
761	0.00000000
762	0.00000000
763	0.00000000
764	0.00000000
765	0.00000000
766	0.00000000
767	0.00000000
768	0.00000000
769	0.00000000
770	0.00000000
771	0.00000000
772	0.00000000
773	0.00000000
774	0.00000000
775	0.00000000
776	0.00000000
777	0.00000000
778	0.00000000
779	0.00000000
780	0.00000000
781	0.00000000
782	0.00000000
783	0.00000000
784	0.00000000
785	0.00000000
786	0.00000000
787	0.00000000
788	0.00000000
789	0.00000000
790	0.00000000
791	0.00000000
792	0.00000000
793	0.00000000
794	0.00000000
795	0.00000000
796	0.00000000
797	0.00000000
798	0.00000000
799	0.00000000
800	0.00000000
801	0.00000000
802	0.00000000
803	0.00000000
804	0.00000000
805	0.00000000
806	0.00000000
807	0.00000000
808	0.00000000
809	0.00000000
810	0.00000000
811	0.00000000
812	0.00000000
813	0.00000000
814	0.00000000
815	0.00000000
816	0.00000000
817	0.00000000
818	0.00000000
819	0.00000000
820	0.00000000
821	0.00000000
822	0.00000000
823	0.00000000
824	0.00000000
825	0.00000000
826	0.00000000
827	0.00000000
828	0.00000000
829	0.00000000
830	0.00000000
831	0.00000000
832	0.00000000
833	0.00000000
834	0.00000000
835	0.00000000
836	0.00000000
837	0.00000000
838	0.00000000
839	0.00000000
840	0.00000000
841	0.00000000
842	0.00000000
843	0.00000000
844	0.00000000
845	0.00000000
846	0.00000000
847	0.00000000
848	0.00000000
849	0.00000000
850	0.00000000
851	0.00000000
852	0.00000000
853	0.00000000
854	0.00000000
855	0.00000000
856	0.00000000
857	0.00000000
858	0.00000000
859	0.00000000
860	0.00000000
861	0.00000000
862	0.00000000
863	0.00000000
864	0.00000000
865	0.00000000
866	0.00000000
867	0.00000000
868	0.00000000
869	0.00000000
870	0.00000000
871	0.00000000
872	0.00000000
873	0.00000000
874	0.00000000
875	0.00000000
876	0.00000000
877	0.00000000
878	0.00000000
879	0.00000000
880	0.00000000
881	0.00000000
882	0.00000000
883	0.00000000
884	0.00000000
885	0.00000000
886	0.00000000
887	0.00000000
888	0.00000000
889	0.00000000
890	0.00000000
891	0.00000000
892	0.00000000
893	0.00000000
894	0.00000000
895	0.00000000
896	0.00000000
897	0.00000000
898	0.00000000
899	0.00000000
900	0.00000000
901	0.00000000
902	0.00000000
903	0.00000000
904	0.00000000
905	0.00000000
906	0.00000000
907	0.00000000
908	0.00000000
909	0.00000000
910	0.00000000
911	0.00000000
912	0.00000000
913	0.00000000
914	0.00000000
915	0.00000000
916	0.00000000
917	0.00000000
918	0.00000000
919	0.00000000
920	0.00000000
921	0.00000000
922	0.00000000
923	0.00000000
924	0.00000000
925	0.00000000
926	0.00000000
927	0.00000000
928	0.00000000
929	0.00000000
930	0.00000000
931	0.00000000
932	0.00000000
933	0.00000000
934	0.00000000
935	0.00000000
936	0.00000000
937	0.00000000
938	0.00000000
939	0.00000000
940	0.00000000
941	0.00000000
942	0.00000000
943	0.00000000
944	0.00000000
945	0.00000000
946	0.00000000
947	0.00000000
948	0.00000000
949	0.00000000
950	0.00000000
951	0.00000000
952	0.00000000
953	0.00000000
954	0.00000000
955	0.00000000
956	0.00000000
957	0.00000000
958	0.00000000
959	0.00000000
960	0.00000000
961	0.00000000
962	0.00000000
963	0.00000000
964	0.00000000
965	0.00000000
966	0.00000000
967	0.00000000
968	0.00000000
969	0.00000000
970	0.00000000
971	0.00000000
972	0.00000000
973	0.00000000
974	0.00000000
975	0.00000000
976	0.00000000
977	0.00000000
978	0.00000000
979	0.00000000
980	0.00000000
981	0.00000000
982	0.00000000
983	0.00000000
984	0.00000000
985	0.00000000
986	0.00000000
987	0.00000000
988	0.00000000
989	0.00000000
990	0.00000000
991	0.00000000
992	0.00000000
993	0.00000000
994	0.00000000
995	0.00000000
996	0.00000000
997	0.00000000
998	0.00000000
999	0.00000000
