0	0.00000000
1	0.00000000
2	0.00000000
3	0.00000000
4	0.00000000
5	0.00000000
6	0.00000000
7	0.00000000
8	0.00000000
9	0.00000000
10	0.00000000
11	0.00000000
12	0.00000000
13	0.00338556
14	0.02310563
15	0.01936412
16	0.02699754
17	0.02677872
18	0.03643649
19	0.04194560
20	0.04539132
21	0.04191162
22	0.03955200
23	0.03554589
24	0.03311204
25	0.02994697
26	0.02764011
27	0.02496576
28	0.02362616
29	0.02169738
30	0.02024995
31	0.01897920
32	0.02025048
33	0.02194160
34	0.02320103
35	0.02501624
36	0.02591720
37	0.02594185
38	0.02654640
39	0.02714582
40	0.02663767
41	0.02663045
42	0.02633201
43	0.02584448
44	0.02485412
45	0.02403577
46	0.02339784
47	0.02260720
48	0.02243295
49	0.02196503
50	0.02144358
51	0.02100427
52	0.02033524
53	0.01971956
54	0.01898984
55	0.01889291
56	0.01884033
57	0.01851052
58	0.01822912
59	0.01775612
60	0.01733285
61	0.01709564
62	0.01681345
63	0.01654605
64	0.01631706
65	0.01617524
66	0.01580950
67	0.01540583
68	0.01508174
69	0.01472612
70	0.01434882
71	0.01393922
72	0.01360744
73	0.01314411
74	0.01273278
75	0.01224172
76	0.01185048
77	0.01148666
78	0.01122194
79	0.01100552
80	0.01068460
81	0.01043618
82	0.01019620
83	0.00988396
84	0.00967823
85	0.00955295
86	0.00928208
87	0.00907346
88	0.00880814
89	0.00857434
90	0.00829024
91	0.00800288
92	0.00774364
93	0.00748550
94	0.00723221
95	0.00699365
96	0.00677728
97	0.00655303
98	0.00633379
99	0.00613294
100	0.00593833
101	0.00576933
102	0.00562813
103	0.00547155
104	0.00530039
105	0.00514886
106	0.00499015
107	0.00484330
108	0.00470483
109	0.00456906
110	0.00441592
111	0.00428021
112	0.00414946
113	0.00401697
114	0.00388826
115	0.00376524
116	0.00364657
117	0.00353226
118	0.00342211
119	0.00331529
120	0.00321050
121	0.00311010
122	0.00301282
123	0.00291861
124	0.00282942
125	0.00274482
126	0.00265898
127	0.00257796
128	0.00249649
129	0.00241960
130	0.00234424
131	0.00227192
132	0.00220170
133	0.00213354
134	0.00206737
135	0.00200326
136	0.00194109
137	0.00188084
138	0.00182241
139	0.00176580
140	0.00171093
141	0.00165776
142	0.00160625
143	0.00155633
144	0.00150797
145	0.00146111
146	0.00141571
147	0.00137172
148	0.00132913
149	0.00128788
150	0.00124791
151	0.00120917
152	0.00117164
153	0.00113527
154	0.00110003
155	0.00106589
156	0.00103281
157	0.00100075
158	0.00096969
159	0.00093960
160	0.00091043
161	0.00088217
162	0.00085479
163	0.00082826
164	0.00080255
165	0.00077763
166	0.00075349
167	0.00073010
168	0.00070744
169	0.00068548
170	0.00066419
171	0.00064357
172	0.00062360
173	0.00060424
174	0.00058548
175	0.00056730
176	0.00054969
177	0.00053263
178	0.00051609
179	0.00050007
180	0.00048455
181	0.00046951
182	0.00045493
183	0.00044081
184	0.00042712
185	0.00041387
186	0.00040102
187	0.00038857
188	0.00037651
189	0.00036482
190	0.00035349
191	0.00034252
192	0.00033189
193	0.00032159
194	0.00031160
195	0.00030193
196	0.00029256
197	0.00028347
198	0.00027467
199	0.00026615
200	0.00025789
201	0.00024988
202	0.00024212
203	0.00023461
204	0.00022732
205	0.00022027
206	0.00021343
207	0.00020680
208	0.00020038
209	0.00019416
210	0.00018814
211	0.00018230
212	0.00017664
213	0.00017115
214	0.00016584
215	0.00016069
216	0.00015570
217	0.00015087
218	0.00014619
219	0.00014165
220	0.00013725
221	0.00013299
222	0.00012886
223	0.00012486
224	0.00012099
225	0.00011723
226	0.00011359
227	0.00011006
228	0.00010665
229	0.00010334
230	0.00010013
231	0.00009702
232	0.00009401
233	0.00009109
234	0.00008826
235	0.00008552
236	0.00008287
237	0.00008030
238	0.00007780
239	0.00007539
240	0.00007305
241	0.00007078
242	0.00006858
243	0.00006645
244	0.00006439
245	0.00006239
246	0.00006046
247	0.00005858
248	0.00005676
249	0.00005500
250	0.00005329
251	0.00005164
252	0.00005003
253	0.00004848
254	0.00004698
255	0.00004552
256	0.00004410
257	0.00004273
258	0.00004141
259	0.00004012
260	0.00003888
261	0.00003767
262	0.00003650
263	0.00003537
264	0.00003427
265	0.00003321
266	0.00003218
267	0.00003118
268	0.00003021
269	0.00002927
270	0.00002836
271	0.00002748
272	0.00002663
273	0.00002580
274	0.00002500
275	0.00002422
276	0.00002347
277	0.00002274
278	0.00002204
279	0.00002135
280	0.00002069
281	0.00002005
282	0.00001943
283	0.00001882
284	0.00001824
285	0.00001767
286	0.00001712
287	0.00001659
288	0.00001608
289	0.00001558
290	0.00001509
291	0.00001463
292	0.00001417
293	0.00001373
294	0.00001331
295	0.00001289
296	0.00001249
297	0.00001210
298	0.00001173
299	0.00001137
300	0.00001101
301	0.00001067
302	0.00001034
303	0.00001002
304	0.00000971
305	0.00000941
306	0.00000911
307	0.00000883
308	0.00000856
309	0.00000829
310	0.00000803
311	0.00000778
312	0.00000754
313	0.00000731
314	0.00000708
315	0.00000686
316	0.00000665
317	0.00000644
318	0.00000624
319	0.00000605
320	0.00000586
321	0.00000568
322	0.00000550
323	0.00000533
324	0.00000517
325	0.00000501
326	0.00000485
327	0.00000470
328	0.00000455
329	0.00000441
330	0.00000428
331	0.00000414
332	0.00000401
333	0.00000389
334	0.00000377
335	0.00000365
336	0.00000354
337	0.00000343
338	0.00000332
339	0.00000322
340	0.00000312
341	0.00000302
342	0.00000293
343	0.00000284
344	0.00000275
345	0.00000266
346	0.00000258
347	0.00000250
348	0.00000242
349	0.00000235
350	0.00000228
351	0.00000220
352	0.00000214
353	0.00000207
354	0.00000201
355	0.00000194
356	0.00000188
357	0.00000182
358	0.00000177
359	0.00000171
360	0.00000166
361	0.00000161
362	0.00000156
363	0.00000151
364	0.00000146
365	0.00000142
366	0.00000137
367	0.00000133
368	0.00000129
369	0.00000125
370	0.00000121
371	0.00000117
372	0.00000114
373	0.00000110
374	0.00000107
375	0.00000103
376	0.00000100
377	0.00000097
378	0.00000094
379	0.00000091
380	0.00000088
381	0.00000086
382	0.00000083
383	0.00000080
384	0.00000078
385	0.00000075
386	0.00000073
387	0.00000071
388	0.00000069
389	0.00000067
390	0.00000064
391	0.00000062
392	0.00000061
393	0.00000059
394	0.00000057
395	0.00000055
396	0.00000053
397	0.00000052
398	0.00000050
399	0.00000049
400	0.00000047
401	0.00000046
402	0.00000044
403	0.00000043
404	0.00000041
405	0.00000040
406	0.00000039
407	0.00000038
408	0.00000037
409	0.00000035
410	0.00000034
411	0.00000033
412	0.00000032
413	0.00000031
414	0.00000030
415	0.00000029
416	0.00000028
417	0.00000028
418	0.00000027
419	0.00000026
420	0.00000025
421	0.00000024
422	0.00000023
423	0.00000023
424	0.00000022
425	0.00000021
426	0.00000021
427	0.00000020
428	0.00000019
429	0.00000019
430	0.00000018
431	0.00000018
432	0.00000017
433	0.00000017
434	0.00000016
435	0.00000016
436	0.00000015
437	0.00000015
438	0.00000014
439	0.00000014
440	0.00000013
441	0.00000013
442	0.00000013
443	0.00000012
444	0.00000012
445	0.00000011
446	0.00000011
447	0.00000011
448	0.00000010
449	0.00000010
450	0.00000010
451	0.00000009
452	0.00000009
453	0.00000009
454	0.00000009
455	0.00000008
456	0.00000008
457	0.00000008
458	0.00000008
459	0.00000007
460	0.00000007
461	0.00000007
462	0.00000007
463	0.00000006
464	0.00000006
465	0.00000006
466	0.00000006
467	0.00000006
468	0.00000006
469	0.00000005
470	0.00000005
471	0.00000005
472	0.00000005
473	0.00000005
474	0.00000005
475	0.00000004
476	0.00000004
477	0.00000004
478	0.00000004
479	0.00000004
480	0.00000004
481	0.00000004
482	0.00000004
483	0.00000003
484	0.00000003
485	0.00000003
486	0.00000003
487	0.00000003
488	0.00000003
489	0.00000003
490	0.00000003
491	0.00000003
492	0.00000003
493	0.00000003
494	0.00000002
495	0.00000002
496	0.00000002
497	0.00000002
498	0.00000002
499	0.00000002
500	0.00000002
501	0.00000002
502	0.00000002
503	0.00000002
504	0.00000002
505	0.00000002
506	0.00000002
507	0.00000002
508	0.00000002
509	0.00000002
510	0.00000001
511	0.00000001
512	0.00000001
513	0.00000001
514	0.00000001
515	0.00000001
516	0.00000001
517	0.00000001
518	0.00000001
519	0.00000001
520	0.00000001
521	0.00000001
522	0.00000001
523	0.00000001
524	0.00000001
525	0.00000001
526	0.00000001
527	0.00000001
528	0.00000001
529	0.00000001
530	0.00000001
531	0.00000001
532	0.00000001
533	0.00000001
534	0.00000001
535	0.00000001
536	0.00000001
537	0.00000001
538	0.00000001
539	0.00000001
540	0.00000001
541	0.00000001
542	0.00000001
543	0.00000001
544	0.00000001
545	0.00000000
546	0.00000000
547	0.00000000
548	0.00000000
549	0.00000000
550	0.00000000
551	0.00000000
552	0.00000000
553	0.00000000
554	0.00000000
555	0.00000000
556	0.00000000
557	0.00000000
558	0.00000000
559	0.00000000
560	0.00000000
561	0.00000000
562	0.00000000
563	0.00000000
564	0.00000000
565	0.00000000
566	0.00000000
567	0.00000000
568	0.00000000
569	0.00000000
570	0.00000000
571	0.00000000
572	0.00000000
573	0.00000000
574	0.00000000
575	0.00000000
576	0.00000000
577	0.00000000
578	0.00000000
579	0.00000000
580	0.00000000
581	0.00000000
582	0.00000000
583	0.00000000
584	0.00000000
585	0.00000000
586	0.00000000
587	0.00000000
588	0.00000000
589	0.00000000
590	0.00000000
591	0.00000000
592	0.00000000
593	0.00000000
594	0.00000000
595	0.00000000
596	0.00000000
597	0.00000000
598	0.00000000
599	0.00000000
600	0.00000000
601	0.00000000
602	0.00000000
603	0.00000000
604	0.00000000
605	0.00000000
606	0.00000000
607	0.00000000
608	0.00000000
609	0.00000000
610	0.00000000
611	0.00000000
612	0.00000000
613	0.00000000
614	0.00000000
615	0.00000000
616	0.00000000
617	0.00000000
618	0.00000000
619	0.00000000
620	0.00000000
621	0.00000000
622	0.00000000
623	0.00000000
624	0.00000000
625	0.00000000
626	0.00000000
627	0.00000000
628	0.00000000
629	0.00000000
630	0.00000000
631	0.00000000
632	0.00000000
633	0.00000000
634	0.00000000
635	0.00000000
636	0.00000000
637	0.00000000
638	0.00000000
639	0.00000000
640	0.00000000
641	0.00000000
642	0.00000000
643	0.00000000
644	0.00000000
645	0.00000000
646	0.00000000
647	0.00000000
648	0.00000000
649	0.00000000
650	0.00000000
651	0.00000000
652	0.00000000
653	0.00000000
654	0.00000000
655	0.00000000
656	0.00000000
657	0.00000000
658	0.00000000
659	0.00000000
660	0.00000000
661	0.00000000
662	0.00000000
663	0.00000000
664	0.00000000
665	0.00000000
666	0.00000000
667	0.00000000
668	0.00000000
669	0.00000000
670	0.00000000
671	0.00000000
672	0.00000000
673	0.00000000
674	0.00000000
675	0.00000000
676	0.00000000
677	0.00000000
678	0.00000000
679	0.00000000
680	0.00000000
681	0.00000000
682	0.00000000
683	0.00000000
684	0.00000000
685	0.00000000
686	0.00000000
687	0.00000000
688	0.00000000
689	0.00000000
690	0.00000000
691	0.00000000
692	0.00000000
693	0.00000000
694	0.00000000
695	0.00000000
696	0.00000000
697	0.00000000
698	0.00000000
699	0.00000000
700	0.00000000
701	0.00000000
702	0.00000000
703	0.00000000
704	0.00000000
705	0.00000000
706	0.00000000
707	0.00000000
708	0.00000000
709	0.00000000
710	0.00000000
711	0.00000000
712	0.00000000
713	0.00000000
714	0.00000000
715	0.00000000
716	0.00000000
717	0.00000000
718	0.00000000
719	0.00000000
720	0.00000000
721	0.00000000
722	0.00000000
723	0.00000000
724	0.00000000
725	0.00000000
726	0.00000000
727	0.00000000
728	0.00000000
729	0.00000000
730	0.00000000
731	0.00000000
732	0.00000000
733	0.00000000
734	0.00000000
735	0.00000000
736	0.00000000
737	0.00000000
738	0.00000000
739	0.00000000
740	0.00000000
741	0.00000000
742	0.00000000
743	0.00000000
744	0.00000000
745	0.00000000
746	0.00000000
747	0.00000000
748	0.00000000
749	0.00000000
750	0.00000000
751	0.00000000
752	0.00000000
753	0.00000000
754	0.00000000
755	0.00000000
756	0.00000000
757	0.00000000
758	0.00000000
759	0.00000000
760	0.00000000
761	0.00000000
762	0.00000000
763	0.00000000
764	0.00000000
765	0.00000000
766	0.00000000
767	0.00000000
768	0.00000000
769	0.00000000
770	0.00000000
771	0.00000000
772	0.00000000
773	0.00000000
774	0.00000000
775	0.00000000
776	0.00000000
777	0.00000000
778	0.00000000
779	0.00000000
780	0.00000000
781	0.00000000
782	0.00000000
783	0.00000000
784	0.00000000
785	0.00000000
786	0.00000000
787	0.00000000
788	0.00000000
789	0.00000000
790	0.00000000
791	0.00000000
792	0.00000000
793	0.00000000
794	0.00000000
795	0.00000000
796	0.00000000
797	0.00000000
798	0.00000000
799	0.00000000
800	0.00000000
801	0.00000000
802	0.00000000
803	0.00000000
804	0.00000000
805	0.00000000
806	0.00000000
807	0.00000000
808	0.00000000
809	0.00000000
810	0.00000000
811	0.00000000
812	0.00000000
813	0.00000000
814	0.00000000
815	0.00000000
816	0.00000000
817	0.00000000
818	0.00000000
819	0.00000000
820	0.00000000
821	0.00000000
822	0.00000000
823	0.00000000
824	0.00000000
825	0.00000000
826	0.00000000
827	0.00000000
828	0.00000000
829	0.00000000
830	0.00000000
831	0.00000000
832	0.00000000
833	0.00000000
834	0.00000000
835	0.00000000
836	0.00000000
837	0.00000000
838	0.00000000
839	0.00000000
840	0.00000000
841	0.00000000
842	0.00000000
843	0.00000000
844	0.00000000
845	0.00000000
846	0.00000000
847	0.00000000
848	0.00000000
849	0.00000000
850	0.00000000
851	0.00000000
852	0.00000000
853	0.00000000
854	0.00000000
855	0.00000000
856	0.00000000
857	0.00000000
858	0.00000000
859	0.00000000
860	0.00000000
861	0.00000000
862	0.00000000
863	0.00000000
864	0.00000000
865	0.00000000
866	0.00000000
867	0.00000000
868	0.00000000
869	0.00000000
870	0.00000000
871	0.00000000
872	0.00000000
873	0.00000000
874	0.00000000
875	0.00000000
876	0.00000000
877	0.00000000
878	0.00000000
879	0.00000000
880	0.00000000
881	0.00000000
882	0.00000000
883	0.00000000
884	0.00000000
885	0.00000000
886	0.00000000
887	0.00000000
888	0.00000000
889	0.00000000
890	0.00000000
891	0.00000000
892	0.00000000
893	0.00000000
894	0.00000000
895	0.00000000
896	0.00000000
897	0.00000000
898	0.00000000
899	0.00000000
900	0.00000000
901	0.00000000
902	0.00000000
903	0.00000000
904	0.00000000
905	0.00000000
906	0.00000000
907	0.00000000
908	0.00000000
909	0.00000000
910	0.00000000
911	0.00000000
912	0.00000000
913	0.00000000
914	0.00000000
915	0.00000000
916	0.00000000
917	0.00000000
918	0.00000000
919	0.00000000
920	0.00000000
921	0.00000000
922	0.00000000
923	0.00000000
924	0.00000000
925	0.00000000
926	0.00000000
927	0.00000000
928	0.00000000
929	0.00000000
930	0.00000000
931	0.00000000
932	0.00000000
933	0.00000000
934	0.00000000
935	0.00000000
936	0.00000000
937	0.00000000
938	0.00000000
939	0.00000000
940	0.00000000
941	0.00000000
942	0.00000000
943	0.00000000
944	0.00000000
945	0.00000000
946	0.00000000
947	0.00000000
948	0.00000000
949	0.00000000
950	0.00000000
951	0.00000000
952	0.00000000
953	0.00000000
954	0.00000000
955	0.00000000
956	0.00000000
957	0.00000000
958	0.00000000
959	0.00000000
960	0.00000000
961	0.00000000
962	0.00000000
963	0.00000000
964	0.00000000
965	0.00000000
966	0.00000000
967	0.00000000
968	0.00000000
969	0.00000000
970	0.00000000
971	0.00000000
972	0.00000000
973	0.00000000
974	0.00000000
975	0.00000000
976	0.00000000
977	0.00000000
978	0.00000000
979	0.00000000
980	0.00000000
981	0.00000000
982	0.00000000
983	0.00000000
984	0.00000000
985	0.00000000
986	0.00000000
987	0.00000000
988	0.00000000
989	0.00000000
990	0.00000000
991	0.00000000
992	0.00000000
993	0.00000000
994	0.00000000
995	0.00000000
996	0.00000000
997	0.00000000
998	0.00000000
999	0.00000000
