0	0.00000000
1	0.00000000
2	0.00000000
3	0.00000000
4	0.00000000
5	0.00000000
6	0.00000000
7	0.00000000
8	0.00000000
9	0.00000000
10	0.00000000
11	0.00000000
12	0.00000000
13	0.00780383
14	0.05202211
15	0.04230879
16	0.04619406
17	0.03682240
18	0.03961433
19	0.04087779
20	0.04200911
21	0.03720761
22	0.03418427
23	0.02984473
24	0.02637785
25	0.02349614
26	0.02198263
27	0.02048430
28	0.01993750
29	0.01865494
30	0.01799454
31	0.01760494
32	0.02122296
33	0.02478953
34	0.02568151
35	0.02805280
36	0.02936103
37	0.02862532
38	0.02802364
39	0.02776655
40	0.02685624
41	0.02656792
42	0.02594628
43	0.02555866
44	0.02497053
45	0.02468371
46	0.02443798
47	0.02367263
48	0.02317457
49	0.02259057
50	0.02188998
51	0.02122309
52	0.02055156
53	0.01989088
54	0.01918239
55	0.01950799
56	0.01951041
57	0.01928457
58	0.01924687
59	0.01884056
60	0.01826790
61	0.01778878
62	0.01742724
63	0.01719366
64	0.01706322
65	0.01688039
66	0.01657591
67	0.01614133
68	0.01561673
69	0.01528824
70	0.01486147
71	0.01443699
72	0.01404959
73	0.01357905
74	0.01315343
75	0.01267643
76	0.01230947
77	0.01194907
78	0.01175701
79	0.01160894
80	0.01132492
81	0.01104562
82	0.01085670
83	0.01052941
84	0.01026618
85	0.01005409
86	0.00976450
87	0.00953588
88	0.00924869
89	0.00898105
90	0.00868447
91	0.00840236
92	0.00812958
93	0.00787128
94	0.00759557
95	0.00735514
96	0.00712936
97	0.00689657
98	0.00666911
99	0.00645801
100	0.00625767
101	0.00608086
102	0.00594691
103	0.00579611
104	0.00562048
105	0.00546727
106	0.00529959
107	0.00512684
108	0.00496781
109	0.00481532
110	0.00466169
111	0.00451684
112	0.00438021
113	0.00424065
114	0.00410776
115	0.00397391
116	0.00384975
117	0.00372916
118	0.00361203
119	0.00349964
120	0.00338920
121	0.00328346
122	0.00318101
123	0.00308180
124	0.00298820
125	0.00290150
126	0.00281102
127	0.00272604
128	0.00263877
129	0.00255830
130	0.00247801
131	0.00240133
132	0.00232677
133	0.00225463
134	0.00218466
135	0.00211686
136	0.00205113
137	0.00198741
138	0.00192564
139	0.00186577
140	0.00180775
141	0.00175154
142	0.00169708
143	0.00164432
144	0.00159321
145	0.00154370
146	0.00149572
147	0.00144926
148	0.00140428
149	0.00136072
150	0.00131851
151	0.00127761
152	0.00123797
153	0.00119955
154	0.00116232
155	0.00112625
156	0.00109129
157	0.00105743
158	0.00102460
159	0.00099280
160	0.00096199
161	0.00093213
162	0.00090319
163	0.00087515
164	0.00084799
165	0.00082166
166	0.00079615
167	0.00077144
168	0.00074749
169	0.00072428
170	0.00070179
171	0.00068000
172	0.00065889
173	0.00063844
174	0.00061862
175	0.00059942
176	0.00058081
177	0.00056278
178	0.00054531
179	0.00052838
180	0.00051198
181	0.00049608
182	0.00048068
183	0.00046576
184	0.00045130
185	0.00043729
186	0.00042372
187	0.00041057
188	0.00039782
189	0.00038547
190	0.00037351
191	0.00036191
192	0.00035068
193	0.00033979
194	0.00032924
195	0.00031902
196	0.00030912
197	0.00029952
198	0.00029022
199	0.00028121
200	0.00027248
201	0.00026403
202	0.00025583
203	0.00024789
204	0.00024019
205	0.00023274
206	0.00022551
207	0.00021851
208	0.00021173
209	0.00020515
210	0.00019879
211	0.00019262
212	0.00018664
213	0.00018084
214	0.00017523
215	0.00016979
216	0.00016452
217	0.00015941
218	0.00015446
219	0.00014967
220	0.00014502
221	0.00014052
222	0.00013616
223	0.00013193
224	0.00012783
225	0.00012387
226	0.00012002
227	0.00011630
228	0.00011269
229	0.00010919
230	0.00010580
231	0.00010251
232	0.00009933
233	0.00009625
234	0.00009326
235	0.00009036
236	0.00008756
237	0.00008484
238	0.00008221
239	0.00007966
240	0.00007718
241	0.00007479
242	0.00007247
243	0.00007022
244	0.00006804
245	0.00006592
246	0.00006388
247	0.00006189
248	0.00005997
249	0.00005811
250	0.00005631
251	0.00005456
252	0.00005287
253	0.00005122
254	0.00004963
255	0.00004809
256	0.00004660
257	0.00004515
258	0.00004375
259	0.00004239
260	0.00004108
261	0.00003980
262	0.00003857
263	0.00003737
264	0.00003621
265	0.00003509
266	0.00003400
267	0.00003294
268	0.00003192
269	0.00003093
270	0.00002997
271	0.00002904
272	0.00002814
273	0.00002726
274	0.00002642
275	0.00002560
276	0.00002480
277	0.00002403
278	0.00002329
279	0.00002256
280	0.00002186
281	0.00002118
282	0.00002053
283	0.00001989
284	0.00001927
285	0.00001867
286	0.00001809
287	0.00001753
288	0.00001699
289	0.00001646
290	0.00001595
291	0.00001545
292	0.00001497
293	0.00001451
294	0.00001406
295	0.00001362
296	0.00001320
297	0.00001279
298	0.00001239
299	0.00001201
300	0.00001164
301	0.00001127
302	0.00001092
303	0.00001059
304	0.00001026
305	0.00000994
306	0.00000963
307	0.00000933
308	0.00000904
309	0.00000876
310	0.00000849
311	0.00000823
312	0.00000797
313	0.00000772
314	0.00000748
315	0.00000725
316	0.00000703
317	0.00000681
318	0.00000660
319	0.00000639
320	0.00000619
321	0.00000600
322	0.00000581
323	0.00000563
324	0.00000546
325	0.00000529
326	0.00000513
327	0.00000497
328	0.00000481
329	0.00000466
330	0.00000452
331	0.00000438
332	0.00000424
333	0.00000411
334	0.00000398
335	0.00000386
336	0.00000374
337	0.00000362
338	0.00000351
339	0.00000340
340	0.00000330
341	0.00000319
342	0.00000309
343	0.00000300
344	0.00000291
345	0.00000282
346	0.00000273
347	0.00000264
348	0.00000256
349	0.00000248
350	0.00000240
351	0.00000233
352	0.00000226
353	0.00000219
354	0.00000212
355	0.00000205
356	0.00000199
357	0.00000193
358	0.00000187
359	0.00000181
360	0.00000175
361	0.00000170
362	0.00000165
363	0.00000160
364	0.00000155
365	0.00000150
366	0.00000145
367	0.00000141
368	0.00000136
369	0.00000132
370	0.00000128
371	0.00000124
372	0.00000120
373	0.00000116
374	0.00000113
375	0.00000109
376	0.00000106
377	0.00000103
378	0.00000099
379	0.00000096
380	0.00000093
381	0.00000090
382	0.00000088
383	0.00000085
384	0.00000082
385	0.00000080
386	0.00000077
387	0.00000075
388	0.00000073
389	0.00000070
390	0.00000068
391	0.00000066
392	0.00000064
393	0.00000062
394	0.00000060
395	0.00000058
396	0.00000056
397	0.00000055
398	0.00000053
399	0.00000051
400	0.00000050
401	0.00000048
402	0.00000047
403	0.00000045
404	0.00000044
405	0.00000042
406	0.00000041
407	0.00000040
408	0.00000039
409	0.00000037
410	0.00000036
411	0.00000035
412	0.00000034
413	0.00000033
414	0.00000032
415	0.00000031
416	0.00000030
417	0.00000029
418	0.00000028
419	0.00000027
420	0.00000026
421	0.00000026
422	0.00000025
423	0.00000024
424	0.00000023
425	0.00000023
426	0.00000022
427	0.00000021
428	0.00000021
429	0.00000020
430	0.00000019
431	0.00000019
432	0.00000018
433	0.00000018
434	0.00000017
435	0.00000016
436	0.00000016
437	0.00000015
438	0.00000015
439	0.00000015
440	0.00000014
441	0.00000014
442	0.00000013
443	0.00000013
444	0.00000012
445	0.00000012
446	0.00000012
447	0.00000011
448	0.00000011
449	0.00000011
450	0.00000010
451	0.00000010
452	0.00000010
453	0.00000009
454	0.00000009
455	0.00000009
456	0.00000008
457	0.00000008
458	0.00000008
459	0.00000008
460	0.00000007
461	0.00000007
462	0.00000007
463	0.00000007
464	0.00000007
465	0.00000006
466	0.00000006
467	0.00000006
468	0.00000006
469	0.00000006
470	0.00000005
471	0.00000005
472	0.00000005
473	0.00000005
474	0.00000005
475	0.00000005
476	0.00000005
477	0.00000004
478	0.00000004
479	0.00000004
480	0.00000004
481	0.00000004
482	0.00000004
483	0.00000004
484	0.00000004
485	0.00000003
486	0.00000003
487	0.00000003
488	0.00000003
489	0.00000003
490	0.00000003
491	0.00000003
492	0.00000003
493	0.00000003
494	0.00000003
495	0.00000002
496	0.00000002
497	0.00000002
498	0.00000002
499	0.00000002
500	0.00000002
501	0.00000002
502	0.00000002
503	0.00000002
504	0.00000002
505	0.00000002
506	0.00000002
507	0.00000002
508	0.00000002
509	0.00000002
510	0.00000002
511	0.00000001
512	0.00000001
513	0.00000001
514	0.00000001
515	0.00000001
516	0.00000001
517	0.00000001
518	0.00000001
519	0.00000001
520	0.00000001
521	0.00000001
522	0.00000001
523	0.00000001
524	0.00000001
525	0.00000001
526	0.00000001
527	0.00000001
528	0.00000001
529	0.00000001
530	0.00000001
531	0.00000001
532	0.00000001
533	0.00000001
534	0.00000001
535	0.00000001
536	0.00000001
537	0.00000001
538	0.00000001
539	0.00000001
540	0.00000001
541	0.00000001
542	0.00000001
543	0.00000001
544	0.00000001
545	0.00000001
546	0.00000000
547	0.00000000
548	0.00000000
549	0.00000000
550	0.00000000
551	0.00000000
552	0.00000000
553	0.00000000
554	0.00000000
555	0.00000000
556	0.00000000
557	0.00000000
558	0.00000000
559	0.00000000
560	0.00000000
561	0.00000000
562	0.00000000
563	0.00000000
564	0.00000000
565	0.00000000
566	0.00000000
567	0.00000000
568	0.00000000
569	0.00000000
570	0.00000000
571	0.00000000
572	0.00000000
573	0.00000000
574	0.00000000
575	0.00000000
576	0.00000000
577	0.00000000
578	0.00000000
579	0.00000000
580	0.00000000
581	0.00000000
582	0.00000000
583	0.00000000
584	0.00000000
585	0.00000000
586	0.00000000
587	0.00000000
588	0.00000000
589	0.00000000
590	0.00000000
591	0.00000000
592	0.00000000
593	0.00000000
594	0.00000000
595	0.00000000
596	0.00000000
597	0.00000000
598	0.00000000
599	0.00000000
600	0.00000000
601	0.00000000
602	0.00000000
603	0.00000000
604	0.00000000
605	0.00000000
606	0.00000000
607	0.00000000
608	0.00000000
609	0.00000000
610	0.00000000
611	0.00000000
612	0.00000000
613	0.00000000
614	0.00000000
615	0.00000000
616	0.00000000
617	0.00000000
618	0.00000000
619	0.00000000
620	0.00000000
621	0.00000000
622	0.00000000
623	0.00000000
624	0.00000000
625	0.00000000
626	0.00000000
627	0.00000000
628	0.00000000
629	0.00000000
630	0.00000000
631	0.00000000
632	0.00000000
633	0.00000000
634	0.00000000
635	0.00000000
636	0.00000000
637	0.00000000
638	0.00000000
639	0.00000000
640	0.00000000
641	0.00000000
642	0.00000000
643	0.00000000
644	0.00000000
645	0.00000000
646	0.00000000
647	0.00000000
648	0.00000000
649	0.00000000
650	0.00000000
651	0.00000000
652	0.00000000
653	0.00000000
654	0.00000000
655	0.00000000
656	0.00000000
657	0.00000000
658	0.00000000
659	0.00000000
660	0.00000000
661	0.00000000
662	0.00000000
663	0.00000000
664	0.00000000
665	0.00000000
666	0.00000000
667	0.00000000
668	0.00000000
669	0.00000000
670	0.00000000
671	0.00000000
672	0.00000000
673	0.00000000
674	0.00000000
675	0.00000000
676	0.00000000
677	0.00000000
678	0.00000000
679	0.00000000
680	0.00000000
681	0.00000000
682	0.00000000
683	0.00000000
684	0.00000000
685	0.00000000
686	0.00000000
687	0.00000000
688	0.00000000
689	0.00000000
690	0.00000000
691	0.00000000
692	0.00000000
693	0.00000000
694	0.00000000
695	0.00000000
696	0.00000000
697	0.00000000
698	0.00000000
699	0.00000000
700	0.00000000
701	0.00000000
702	0.00000000
703	0.00000000
704	0.00000000
705	0.00000000
706	0.00000000
707	0.00000000
708	0.00000000
709	0.00000000
710	0.00000000
711	0.00000000
712	0.00000000
713	0.00000000
714	0.00000000
715	0.00000000
716	0.00000000
717	0.00000000
718	0.00000000
719	0.00000000
720	0.00000000
721	0.00000000
722	0.00000000
723	0.00000000
724	0.00000000
725	0.00000000
726	0.00000000
727	0.00000000
728	0.00000000
729	0.00000000
730	0.00000000
731	0.00000000
732	0.00000000
733	0.00000000
734	0.00000000
735	0.00000000
736	0.00000000
737	0.00000000
738	0.00000000
739	0.00000000
740	0.00000000
741	0.00000000
742	0.00000000
743	0.00000000
744	0.00000000
745	0.00000000
746	0.00000000
747	0.00000000
748	0.00000000
749	0.00000000
750	0.00000000
751	0.00000000
752	0.00000000
753	0.00000000
754	0.00000000
755	0.00000000
756	0.00000000
757	0.00000000
758	0.00000000
759	0.00000000
760	0.00000000
761	0.00000000
762	0.00000000
763	0.00000000
764	0.00000000
765	0.00000000
766	0.00000000
767	0.00000000
768	0.00000000
769	0.00000000
770	0.00000000
771	0.00000000
772	0.00000000
773	0.00000000
774	0.00000000
775	0.00000000
776	0.00000000
777	0.00000000
778	0.00000000
779	0.00000000
780	0.00000000
781	0.00000000
782	0.00000000
783	0.00000000
784	0.00000000
785	0.00000000
786	0.00000000
787	0.00000000
788	0.00000000
789	0.00000000
790	0.00000000
791	0.00000000
792	0.00000000
793	0.00000000
794	0.00000000
795	0.00000000
796	0.00000000
797	0.00000000
798	0.00000000
799	0.00000000
800	0.00000000
801	0.00000000
802	0.00000000
803	0.00000000
804	0.00000000
805	0.00000000
806	0.00000000
807	0.00000000
808	0.00000000
809	0.00000000
810	0.00000000
811	0.00000000
812	0.00000000
813	0.00000000
814	0.00000000
815	0.00000000
816	0.00000000
817	0.00000000
818	0.00000000
819	0.00000000
820	0.00000000
821	0.00000000
822	0.00000000
823	0.00000000
824	0.00000000
825	0.00000000
826	0.00000000
827	0.00000000
828	0.00000000
829	0.00000000
830	0.00000000
831	0.00000000
832	0.00000000
833	0.00000000
834	0.00000000
835	0.00000000
836	0.00000000
837	0.00000000
838	0.00000000
839	0.00000000
840	0.00000000
841	0.00000000
842	0.00000000
843	0.00000000
844	0.00000000
845	0.00000000
846	0.00000000
847	0.00000000
848	0.00000000
849	0.00000000
850	0.00000000
851	0.00000000
852	0.00000000
853	0.00000000
854	0.00000000
855	0.00000000
856	0.00000000
857	0.00000000
858	0.00000000
859	0.00000000
860	0.00000000
861	0.00000000
862	0.00000000
863	0.00000000
864	0.00000000
865	0.00000000
866	0.00000000
867	0.00000000
868	0.00000000
869	0.00000000
870	0.00000000
871	0.00000000
872	0.00000000
873	0.00000000
874	0.00000000
875	0.00000000
876	0.00000000
877	0.00000000
878	0.00000000
879	0.00000000
880	0.00000000
881	0.00000000
882	0.00000000
883	0.00000000
884	0.00000000
885	0.00000000
886	0.00000000
887	0.00000000
888	0.00000000
889	0.00000000
890	0.00000000
891	0.00000000
892	0.00000000
893	0.00000000
894	0.00000000
895	0.00000000
896	0.00000000
897	0.00000000
898	0.00000000
899	0.00000000
900	0.00000000
901	0.00000000
902	0.00000000
903	0.00000000
904	0.00000000
905	0.00000000
906	0.00000000
907	0.00000000
908	0.00000000
909	0.00000000
910	0.00000000
911	0.00000000
912	0.00000000
913	0.00000000
914	0.00000000
915	0.00000000
916	0.00000000
917	0.00000000
918	0.00000000
919	0.00000000
920	0.00000000
921	0.00000000
922	0.00000000
923	0.00000000
924	0.00000000
925	0.00000000
926	0.00000000
927	0.00000000
928	0.00000000
929	0.00000000
930	0.00000000
931	0.00000000
932	0.00000000
933	0.00000000
934	0.00000000
935	0.00000000
936	0.00000000
937	0.00000000
938	0.00000000
939	0.00000000
940	0.00000000
941	0.00000000
942	0.00000000
943	0.00000000
944	0.00000000
945	0.00000000
946	0.00000000
947	0.00000000
948	0.00000000
949	0.00000000
950	0.00000000
951	0.00000000
952	0.00000000
953	0.00000000
954	0.00000000
955	0.00000000
956	0.00000000
957	0.00000000
958	0.00000000
959	0.00000000
960	0.00000000
961	0.00000000
962	0.00000000
963	0.00000000
964	0.00000000
965	0.00000000
966	0.00000000
967	0.00000000
968	0.00000000
969	0.00000000
970	0.00000000
971	0.00000000
972	0.00000000
973	0.00000000
974	0.00000000
975	0.00000000
976	0.00000000
977	0.00000000
978	0.00000000
979	0.00000000
980	0.00000000
981	0.00000000
982	0.00000000
983	0.00000000
984	0.00000000
985	0.00000000
986	0.00000000
987	0.00000000
988	0.00000000
989	0.00000000
990	0.00000000
991	0.00000000
992	0.00000000
993	0.00000000
994	0.00000000
995	0.00000000
996	0.00000000
997	0.00000000
998	0.00000000
999	0.00000000
