0	0.00000000
1	0.00000000
2	0.00000000
3	0.00000000
4	0.00000000
5	0.00000000
6	0.00000000
7	0.00000000
8	0.00000000
9	0.00000000
10	0.00000000
11	0.00000000
12	0.00000000
13	0.00677686
14	0.04545756
15	0.03739100
16	0.04159957
17	0.03467429
18	0.03858518
19	0.04105158
20	0.04263466
21	0.03803081
22	0.03499090
23	0.03054695
24	0.02733269
25	0.02443796
26	0.02286228
27	0.02125290
28	0.02051079
29	0.01922481
30	0.01844144
31	0.01787891
32	0.02109231
33	0.02452798
34	0.02545091
35	0.02771939
36	0.02906837
37	0.02851152
38	0.02782310
39	0.02768736
40	0.02675947
41	0.02656927
42	0.02590985
43	0.02555281
44	0.02491284
45	0.02453509
46	0.02428783
47	0.02348972
48	0.02308313
49	0.02252062
50	0.02186315
51	0.02126706
52	0.02051611
53	0.01989334
54	0.01922876
55	0.01944056
56	0.01943901
57	0.01920348
58	0.01913424
59	0.01868711
60	0.01819237
61	0.01769694
62	0.01732329
63	0.01711253
64	0.01694734
65	0.01675400
66	0.01648916
67	0.01603274
68	0.01556673
69	0.01522198
70	0.01481601
71	0.01436867
72	0.01399459
73	0.01353072
74	0.01311803
75	0.01261967
76	0.01226304
77	0.01189656
78	0.01170419
79	0.01153184
80	0.01125254
81	0.01096992
82	0.01076502
83	0.01045511
84	0.01019194
85	0.00997352
86	0.00970460
87	0.00946908
88	0.00918396
89	0.00892226
90	0.00864229
91	0.00835892
92	0.00807694
93	0.00782154
94	0.00755525
95	0.00730739
96	0.00709146
97	0.00685280
98	0.00662537
99	0.00641823
100	0.00621601
101	0.00604422
102	0.00590631
103	0.00575737
104	0.00557803
105	0.00542714
106	0.00525806
107	0.00509008
108	0.00493277
109	0.00478228
110	0.00462919
111	0.00448562
112	0.00435014
113	0.00421524
114	0.00407870
115	0.00394729
116	0.00382444
117	0.00370444
118	0.00358829
119	0.00347630
120	0.00336667
121	0.00326156
122	0.00315980
123	0.00306114
124	0.00296776
125	0.00288109
126	0.00279160
127	0.00270686
128	0.00262072
129	0.00254047
130	0.00246088
131	0.00238472
132	0.00231073
133	0.00223908
134	0.00216969
135	0.00210234
136	0.00203706
137	0.00197381
138	0.00191246
139	0.00185301
140	0.00179539
141	0.00173957
142	0.00168549
143	0.00163310
144	0.00158234
145	0.00153317
146	0.00148552
147	0.00143937
148	0.00139470
149	0.00135143
150	0.00130950
151	0.00126887
152	0.00122950
153	0.00119135
154	0.00115437
155	0.00111854
156	0.00108383
157	0.00105019
158	0.00101759
159	0.00098601
160	0.00095541
161	0.00092575
162	0.00089701
163	0.00086917
164	0.00084219
165	0.00081604
166	0.00079071
167	0.00076616
168	0.00074237
169	0.00071933
170	0.00069699
171	0.00067536
172	0.00065439
173	0.00063407
174	0.00061439
175	0.00059532
176	0.00057684
177	0.00055893
178	0.00054158
179	0.00052477
180	0.00050848
181	0.00049269
182	0.00047740
183	0.00046258
184	0.00044822
185	0.00043430
186	0.00042082
187	0.00040776
188	0.00039510
189	0.00038284
190	0.00037095
191	0.00035944
192	0.00034828
193	0.00033747
194	0.00032699
195	0.00031684
196	0.00030700
197	0.00029747
198	0.00028824
199	0.00027929
200	0.00027062
201	0.00026222
202	0.00025408
203	0.00024619
204	0.00023855
205	0.00023114
206	0.00022397
207	0.00021702
208	0.00021028
209	0.00020375
210	0.00019743
211	0.00019130
212	0.00018536
213	0.00017961
214	0.00017403
215	0.00016863
216	0.00016339
217	0.00015832
218	0.00015341
219	0.00014864
220	0.00014403
221	0.00013956
222	0.00013523
223	0.00013103
224	0.00012696
225	0.00012302
226	0.00011920
227	0.00011550
228	0.00011191
229	0.00010844
230	0.00010507
231	0.00010181
232	0.00009865
233	0.00009559
234	0.00009262
235	0.00008975
236	0.00008696
237	0.00008426
238	0.00008165
239	0.00007911
240	0.00007666
241	0.00007428
242	0.00007197
243	0.00006974
244	0.00006757
245	0.00006547
246	0.00006344
247	0.00006147
248	0.00005956
249	0.00005771
250	0.00005592
251	0.00005419
252	0.00005250
253	0.00005087
254	0.00004930
255	0.00004776
256	0.00004628
257	0.00004485
258	0.00004345
259	0.00004210
260	0.00004080
261	0.00003953
262	0.00003830
263	0.00003711
264	0.00003596
265	0.00003485
266	0.00003376
267	0.00003272
268	0.00003170
269	0.00003072
270	0.00002976
271	0.00002884
272	0.00002794
273	0.00002708
274	0.00002624
275	0.00002542
276	0.00002463
277	0.00002387
278	0.00002313
279	0.00002241
280	0.00002171
281	0.00002104
282	0.00002039
283	0.00001975
284	0.00001914
285	0.00001855
286	0.00001797
287	0.00001741
288	0.00001687
289	0.00001635
290	0.00001584
291	0.00001535
292	0.00001487
293	0.00001441
294	0.00001396
295	0.00001353
296	0.00001311
297	0.00001270
298	0.00001231
299	0.00001193
300	0.00001156
301	0.00001120
302	0.00001085
303	0.00001051
304	0.00001019
305	0.00000987
306	0.00000956
307	0.00000927
308	0.00000898
309	0.00000870
310	0.00000843
311	0.00000817
312	0.00000792
313	0.00000767
314	0.00000743
315	0.00000720
316	0.00000698
317	0.00000676
318	0.00000655
319	0.00000635
320	0.00000615
321	0.00000596
322	0.00000577
323	0.00000560
324	0.00000542
325	0.00000525
326	0.00000509
327	0.00000493
328	0.00000478
329	0.00000463
330	0.00000449
331	0.00000435
332	0.00000421
333	0.00000408
334	0.00000396
335	0.00000383
336	0.00000371
337	0.00000360
338	0.00000349
339	0.00000338
340	0.00000327
341	0.00000317
342	0.00000307
343	0.00000298
344	0.00000289
345	0.00000280
346	0.00000271
347	0.00000262
348	0.00000254
349	0.00000246
350	0.00000239
351	0.00000231
352	0.00000224
353	0.00000217
354	0.00000210
355	0.00000204
356	0.00000198
357	0.00000191
358	0.00000186
359	0.00000180
360	0.00000174
361	0.00000169
362	0.00000164
363	0.00000158
364	0.00000154
365	0.00000149
366	0.00000144
367	0.00000140
368	0.00000135
369	0.00000131
370	0.00000127
371	0.00000123
372	0.00000119
373	0.00000116
374	0.00000112
375	0.00000109
376	0.00000105
377	0.00000102
378	0.00000099
379	0.00000096
380	0.00000093
381	0.00000090
382	0.00000087
383	0.00000084
384	0.00000082
385	0.00000079
386	0.00000077
387	0.00000074
388	0.00000072
389	0.00000070
390	0.00000068
391	0.00000066
392	0.00000064
393	0.00000062
394	0.00000060
395	0.00000058
396	0.00000056
397	0.00000054
398	0.00000053
399	0.00000051
400	0.00000049
401	0.00000048
402	0.00000046
403	0.00000045
404	0.00000043
405	0.00000042
406	0.00000041
407	0.00000040
408	0.00000038
409	0.00000037
410	0.00000036
411	0.00000035
412	0.00000034
413	0.00000033
414	0.00000032
415	0.00000031
416	0.00000030
417	0.00000029
418	0.00000028
419	0.00000027
420	0.00000026
421	0.00000025
422	0.00000025
423	0.00000024
424	0.00000023
425	0.00000022
426	0.00000022
427	0.00000021
428	0.00000020
429	0.00000020
430	0.00000019
431	0.00000019
432	0.00000018
433	0.00000017
434	0.00000017
435	0.00000016
436	0.00000016
437	0.00000015
438	0.00000015
439	0.00000014
440	0.00000014
441	0.00000014
442	0.00000013
443	0.00000013
444	0.00000012
445	0.00000012
446	0.00000012
447	0.00000011
448	0.00000011
449	0.00000011
450	0.00000010
451	0.00000010
452	0.00000010
453	0.00000009
454	0.00000009
455	0.00000009
456	0.00000008
457	0.00000008
458	0.00000008
459	0.00000008
460	0.00000007
461	0.00000007
462	0.00000007
463	0.00000007
464	0.00000007
465	0.00000006
466	0.00000006
467	0.00000006
468	0.00000006
469	0.00000006
470	0.00000005
471	0.00000005
472	0.00000005
473	0.00000005
474	0.00000005
475	0.00000005
476	0.00000004
477	0.00000004
478	0.00000004
479	0.00000004
480	0.00000004
481	0.00000004
482	0.00000004
483	0.00000004
484	0.00000003
485	0.00000003
486	0.00000003
487	0.00000003
488	0.00000003
489	0.00000003
490	0.00000003
491	0.00000003
492	0.00000003
493	0.00000003
494	0.00000003
495	0.00000002
496	0.00000002
497	0.00000002
498	0.00000002
499	0.00000002
500	0.00000002
501	0.00000002
502	0.00000002
503	0.00000002
504	0.00000002
505	0.00000002
506	0.00000002
507	0.00000002
508	0.00000002
509	0.00000002
510	0.00000002
511	0.00000001
512	0.00000001
513	0.00000001
514	0.00000001
515	0.00000001
516	0.00000001
517	0.00000001
518	0.00000001
519	0.00000001
520	0.00000001
521	0.00000001
522	0.00000001
523	0.00000001
524	0.00000001
525	0.00000001
526	0.00000001
527	0.00000001
528	0.00000001
529	0.00000001
530	0.00000001
531	0.00000001
532	0.00000001
533	0.00000001
534	0.00000001
535	0.00000001
536	0.00000001
537	0.00000001
538	0.00000001
539	0.00000001
540	0.00000001
541	0.00000001
542	0.00000001
543	0.00000001
544	0.00000001
545	0.00000001
546	0.00000000
547	0.00000000
548	0.00000000
549	0.00000000
550	0.00000000
551	0.00000000
552	0.00000000
553	0.00000000
554	0.00000000
555	0.00000000
556	0.00000000
557	0.00000000
558	0.00000000
559	0.00000000
560	0.00000000
561	0.00000000
562	0.00000000
563	0.00000000
564	0.00000000
565	0.00000000
566	0.00000000
567	0.00000000
568	0.00000000
569	0.00000000
570	0.00000000
571	0.00000000
572	0.00000000
573	0.00000000
574	0.00000000
575	0.00000000
576	0.00000000
577	0.00000000
578	0.00000000
579	0.00000000
580	0.00000000
581	0.00000000
582	0.00000000
583	0.00000000
584	0.00000000
585	0.00000000
586	0.00000000
587	0.00000000
588	0.00000000
589	0.00000000
590	0.00000000
591	0.00000000
592	0.00000000
593	0.00000000
594	0.00000000
595	0.00000000
596	0.00000000
597	0.00000000
598	0.00000000
599	0.00000000
600	0.00000000
601	0.00000000
602	0.00000000
603	0.00000000
604	0.00000000
605	0.00000000
606	0.00000000
607	0.00000000
608	0.00000000
609	0.00000000
610	0.00000000
611	0.00000000
612	0.00000000
613	0.00000000
614	0.00000000
615	0.00000000
616	0.00000000
617	0.00000000
618	0.00000000
619	0.00000000
620	0.00000000
621	0.00000000
622	0.00000000
623	0.00000000
624	0.00000000
625	0.00000000
626	0.00000000
627	0.00000000
628	0.00000000
629	0.00000000
630	0.00000000
631	0.00000000
632	0.00000000
633	0.00000000
634	0.00000000
635	0.00000000
636	0.00000000
637	0.00000000
638	0.00000000
639	0.00000000
640	0.00000000
641	0.00000000
642	0.00000000
643	0.00000000
644	0.00000000
645	0.00000000
646	0.00000000
647	0.00000000
648	0.00000000
649	0.00000000
650	0.00000000
651	0.00000000
652	0.00000000
653	0.00000000
654	0.00000000
655	0.00000000
656	0.00000000
657	0.00000000
658	0.00000000
659	0.00000000
660	0.00000000
661	0.00000000
662	0.00000000
663	0.00000000
664	0.00000000
665	0.00000000
666	0.00000000
667	0.00000000
668	0.00000000
669	0.00000000
670	0.00000000
671	0.00000000
672	0.00000000
673	0.00000000
674	0.00000000
675	0.00000000
676	0.00000000
677	0.00000000
678	0.00000000
679	0.00000000
680	0.00000000
681	0.00000000
682	0.00000000
683	0.00000000
684	0.00000000
685	0.00000000
686	0.00000000
687	0.00000000
688	0.00000000
689	0.00000000
690	0.00000000
691	0.00000000
692	0.00000000
693	0.00000000
694	0.00000000
695	0.00000000
696	0.00000000
697	0.00000000
698	0.00000000
699	0.00000000
700	0.00000000
701	0.00000000
702	0.00000000
703	0.00000000
704	0.00000000
705	0.00000000
706	0.00000000
707	0.00000000
708	0.00000000
709	0.00000000
710	0.00000000
711	0.00000000
712	0.00000000
713	0.00000000
714	0.00000000
715	0.00000000
716	0.00000000
717	0.00000000
718	0.00000000
719	0.00000000
720	0.00000000
721	0.00000000
722	0.00000000
723	0.00000000
724	0.00000000
725	0.00000000
726	0.00000000
727	0.00000000
728	0.00000000
729	0.00000000
730	0.00000000
731	0.00000000
732	0.00000000
733	0.00000000
734	0.00000000
735	0.00000000
736	0.00000000
737	0.00000000
738	0.00000000
739	0.00000000
740	0.00000000
741	0.00000000
742	0.00000000
743	0.00000000
744	0.00000000
745	0.00000000
746	0.00000000
747	0.00000000
748	0.00000000
749	0.00000000
750	0.00000000
751	0.00000000
752	0.00000000
753	0.00000000
754	0.00000000
755	0.00000000
756	0.00000000
757	0.00000000
758	0.00000000
759	0.00000000
760	0.00000000
761	0.00000000
762	0.00000000
763	0.00000000
764	0.00000000
765	0.00000000
766	0.00000000
767	0.00000000
768	0.00000000
769	0.00000000
770	0.00000000
771	0.00000000
772	0.00000000
773	0.00000000
774	0.00000000
775	0.00000000
776	0.00000000
777	0.00000000
778	0.00000000
779	0.00000000
780	0.00000000
781	0.00000000
782	0.00000000
783	0.00000000
784	0.00000000
785	0.00000000
786	0.00000000
787	0.00000000
788	0.00000000
789	0.00000000
790	0.00000000
791	0.00000000
792	0.00000000
793	0.00000000
794	0.00000000
795	0.00000000
796	0.00000000
797	0.00000000
798	0.00000000
799	0.00000000
800	0.00000000
801	0.00000000
802	0.00000000
803	0.00000000
804	0.00000000
805	0.00000000
806	0.00000000
807	0.00000000
808	0.00000000
809	0.00000000
810	0.00000000
811	0.00000000
812	0.00000000
813	0.00000000
814	0.00000000
815	0.00000000
816	0.00000000
817	0.00000000
818	0.00000000
819	0.00000000
820	0.00000000
821	0.00000000
822	0.00000000
823	0.00000000
824	0.00000000
825	0.00000000
826	0.00000000
827	0.00000000
828	0.00000000
829	0.00000000
830	0.00000000
831	0.00000000
832	0.00000000
833	0.00000000
834	0.00000000
835	0.00000000
836	0.00000000
837	0.00000000
838	0.00000000
839	0.00000000
840	0.00000000
841	0.00000000
842	0.00000000
843	0.00000000
844	0.00000000
845	0.00000000
846	0.00000000
847	0.00000000
848	0.00000000
849	0.00000000
850	0.00000000
851	0.00000000
852	0.00000000
853	0.00000000
854	0.00000000
855	0.00000000
856	0.00000000
857	0.00000000
858	0.00000000
859	0.00000000
860	0.00000000
861	0.00000000
862	0.00000000
863	0.00000000
864	0.00000000
865	0.00000000
866	0.00000000
867	0.00000000
868	0.00000000
869	0.00000000
870	0.00000000
871	0.00000000
872	0.00000000
873	0.00000000
874	0.00000000
875	0.00000000
876	0.00000000
877	0.00000000
878	0.00000000
879	0.00000000
880	0.00000000
881	0.00000000
882	0.00000000
883	0.00000000
884	0.00000000
885	0.00000000
886	0.00000000
887	0.00000000
888	0.00000000
889	0.00000000
890	0.00000000
891	0.00000000
892	0.00000000
893	0.00000000
894	0.00000000
895	0.00000000
896	0.00000000
897	0.00000000
898	0.00000000
899	0.00000000
900	0.00000000
901	0.00000000
902	0.00000000
903	0.00000000
904	0.00000000
905	0.00000000
906	0.00000000
907	0.00000000
908	0.00000000
909	0.00000000
910	0.00000000
911	0.00000000
912	0.00000000
913	0.00000000
914	0.00000000
915	0.00000000
916	0.00000000
917	0.00000000
918	0.00000000
919	0.00000000
920	0.00000000
921	0.00000000
922	0.00000000
923	0.00000000
924	0.00000000
925	0.00000000
926	0.00000000
927	0.00000000
928	0.00000000
929	0.00000000
930	0.00000000
931	0.00000000
932	0.00000000
933	0.00000000
934	0.00000000
935	0.00000000
936	0.00000000
937	0.00000000
938	0.00000000
939	0.00000000
940	0.00000000
941	0.00000000
942	0.00000000
943	0.00000000
944	0.00000000
945	0.00000000
946	0.00000000
947	0.00000000
948	0.00000000
949	0.00000000
950	0.00000000
951	0.00000000
952	0.00000000
953	0.00000000
954	0.00000000
955	0.00000000
956	0.00000000
957	0.00000000
958	0.00000000
959	0.00000000
960	0.00000000
961	0.00000000
962	0.00000000
963	0.00000000
964	0.00000000
965	0.00000000
966	0.00000000
967	0.00000000
968	0.00000000
969	0.00000000
970	0.00000000
971	0.00000000
972	0.00000000
973	0.00000000
974	0.00000000
975	0.00000000
976	0.00000000
977	0.00000000
978	0.00000000
979	0.00000000
980	0.00000000
981	0.00000000
982	0.00000000
983	0.00000000
984	0.00000000
985	0.00000000
986	0.00000000
987	0.00000000
988	0.00000000
989	0.00000000
990	0.00000000
991	0.00000000
992	0.00000000
993	0.00000000
994	0.00000000
995	0.00000000
996	0.00000000
997	0.00000000
998	0.00000000
999	0.00000000
