0	0.00000000
1	0.00000000
2	0.00000000
3	0.00000000
4	0.00000000
5	0.00000000
6	0.00000000
7	0.00000000
8	0.00000000
9	0.00000000
10	0.00000000
11	0.00000000
12	0.00000000
13	0.00432858
14	0.02955059
15	0.02484995
16	0.03078803
17	0.02858658
18	0.03631457
19	0.04093768
20	0.04377825
21	0.03976226
22	0.03734700
23	0.03267525
24	0.02979517
25	0.02683799
26	0.02519581
27	0.02314970
28	0.02213417
29	0.02053540
30	0.01952399
31	0.01871655
32	0.02092323
33	0.02338523
34	0.02471520
35	0.02690747
36	0.02797265
37	0.02758408
38	0.02724952
39	0.02724263
40	0.02643395
41	0.02635969
42	0.02579146
43	0.02542054
44	0.02467761
45	0.02419440
46	0.02381438
47	0.02304227
48	0.02276939
49	0.02229365
50	0.02176216
51	0.02126877
52	0.02051315
53	0.01990030
54	0.01919656
55	0.01923340
56	0.01922884
57	0.01891879
58	0.01875643
59	0.01832269
60	0.01780275
61	0.01736715
62	0.01697305
63	0.01677944
64	0.01659419
65	0.01640308
66	0.01617699
67	0.01574605
68	0.01537086
69	0.01500651
70	0.01463089
71	0.01415964
72	0.01383088
73	0.01334058
74	0.01295135
75	0.01246156
76	0.01210514
77	0.01172028
78	0.01150658
79	0.01130285
80	0.01100623
81	0.01073104
82	0.01051853
83	0.01019461
84	0.00994335
85	0.00974655
86	0.00949984
87	0.00927269
88	0.00900127
89	0.00875834
90	0.00848087
91	0.00819336
92	0.00792502
93	0.00767033
94	0.00740834
95	0.00716199
96	0.00695351
97	0.00671573
98	0.00649275
99	0.00629031
100	0.00609088
101	0.00592387
102	0.00578737
103	0.00562457
104	0.00545005
105	0.00529993
106	0.00513223
107	0.00497246
108	0.00482181
109	0.00468007
110	0.00453041
111	0.00438791
112	0.00425717
113	0.00412473
114	0.00399123
115	0.00386286
116	0.00374293
117	0.00362548
118	0.00351284
119	0.00340282
120	0.00329518
121	0.00319221
122	0.00309244
123	0.00299583
124	0.00290434
125	0.00281942
126	0.00273062
127	0.00264745
128	0.00256367
129	0.00248480
130	0.00240711
131	0.00233260
132	0.00226034
133	0.00219031
134	0.00212243
135	0.00205661
136	0.00199279
137	0.00193092
138	0.00187094
139	0.00181281
140	0.00175646
141	0.00170187
142	0.00164898
143	0.00159774
144	0.00154809
145	0.00149998
146	0.00145337
147	0.00140823
148	0.00136451
149	0.00132217
150	0.00128115
151	0.00124139
152	0.00120286
153	0.00116552
154	0.00112935
155	0.00109429
156	0.00106033
157	0.00102742
158	0.00099553
159	0.00096463
160	0.00093469
161	0.00090568
162	0.00087756
163	0.00085032
164	0.00082393
165	0.00079835
166	0.00077357
167	0.00074955
168	0.00072628
169	0.00070373
170	0.00068189
171	0.00066072
172	0.00064020
173	0.00062033
174	0.00060107
175	0.00058241
176	0.00056433
177	0.00054681
178	0.00052984
179	0.00051339
180	0.00049745
181	0.00048201
182	0.00046705
183	0.00045255
184	0.00043850
185	0.00042489
186	0.00041170
187	0.00039892
188	0.00038654
189	0.00037454
190	0.00036291
191	0.00035164
192	0.00034073
193	0.00033015
194	0.00031990
195	0.00030997
196	0.00030035
197	0.00029103
198	0.00028199
199	0.00027324
200	0.00026476
201	0.00025654
202	0.00024857
203	0.00024086
204	0.00023338
205	0.00022613
206	0.00021911
207	0.00021231
208	0.00020572
209	0.00019934
210	0.00019315
211	0.00018715
212	0.00018134
213	0.00017571
214	0.00017026
215	0.00016497
216	0.00015985
217	0.00015489
218	0.00015008
219	0.00014542
220	0.00014091
221	0.00013653
222	0.00013229
223	0.00012819
224	0.00012421
225	0.00012035
226	0.00011662
227	0.00011300
228	0.00010949
229	0.00010609
230	0.00010280
231	0.00009961
232	0.00009651
233	0.00009352
234	0.00009061
235	0.00008780
236	0.00008508
237	0.00008243
238	0.00007988
239	0.00007740
240	0.00007499
241	0.00007267
242	0.00007041
243	0.00006822
244	0.00006611
245	0.00006405
246	0.00006207
247	0.00006014
248	0.00005827
249	0.00005646
250	0.00005471
251	0.00005301
252	0.00005137
253	0.00004977
254	0.00004823
255	0.00004673
256	0.00004528
257	0.00004387
258	0.00004251
259	0.00004119
260	0.00003991
261	0.00003867
262	0.00003747
263	0.00003631
264	0.00003518
265	0.00003409
266	0.00003303
267	0.00003201
268	0.00003101
269	0.00003005
270	0.00002912
271	0.00002821
272	0.00002734
273	0.00002649
274	0.00002567
275	0.00002487
276	0.00002410
277	0.00002335
278	0.00002263
279	0.00002192
280	0.00002124
281	0.00002058
282	0.00001994
283	0.00001932
284	0.00001872
285	0.00001814
286	0.00001758
287	0.00001703
288	0.00001651
289	0.00001599
290	0.00001550
291	0.00001502
292	0.00001455
293	0.00001410
294	0.00001366
295	0.00001324
296	0.00001283
297	0.00001243
298	0.00001204
299	0.00001167
300	0.00001131
301	0.00001095
302	0.00001061
303	0.00001028
304	0.00000997
305	0.00000966
306	0.00000936
307	0.00000907
308	0.00000878
309	0.00000851
310	0.00000825
311	0.00000799
312	0.00000774
313	0.00000750
314	0.00000727
315	0.00000704
316	0.00000683
317	0.00000661
318	0.00000641
319	0.00000621
320	0.00000602
321	0.00000583
322	0.00000565
323	0.00000547
324	0.00000530
325	0.00000514
326	0.00000498
327	0.00000483
328	0.00000468
329	0.00000453
330	0.00000439
331	0.00000425
332	0.00000412
333	0.00000399
334	0.00000387
335	0.00000375
336	0.00000363
337	0.00000352
338	0.00000341
339	0.00000330
340	0.00000320
341	0.00000310
342	0.00000301
343	0.00000291
344	0.00000282
345	0.00000274
346	0.00000265
347	0.00000257
348	0.00000249
349	0.00000241
350	0.00000234
351	0.00000226
352	0.00000219
353	0.00000213
354	0.00000206
355	0.00000200
356	0.00000193
357	0.00000187
358	0.00000182
359	0.00000176
360	0.00000170
361	0.00000165
362	0.00000160
363	0.00000155
364	0.00000150
365	0.00000146
366	0.00000141
367	0.00000137
368	0.00000132
369	0.00000128
370	0.00000124
371	0.00000120
372	0.00000117
373	0.00000113
374	0.00000110
375	0.00000106
376	0.00000103
377	0.00000100
378	0.00000097
379	0.00000094
380	0.00000091
381	0.00000088
382	0.00000085
383	0.00000083
384	0.00000080
385	0.00000077
386	0.00000075
387	0.00000073
388	0.00000070
389	0.00000068
390	0.00000066
391	0.00000064
392	0.00000062
393	0.00000060
394	0.00000058
395	0.00000057
396	0.00000055
397	0.00000053
398	0.00000051
399	0.00000050
400	0.00000048
401	0.00000047
402	0.00000045
403	0.00000044
404	0.00000043
405	0.00000041
406	0.00000040
407	0.00000039
408	0.00000038
409	0.00000036
410	0.00000035
411	0.00000034
412	0.00000033
413	0.00000032
414	0.00000031
415	0.00000030
416	0.00000029
417	0.00000028
418	0.00000027
419	0.00000027
420	0.00000026
421	0.00000025
422	0.00000024
423	0.00000023
424	0.00000023
425	0.00000022
426	0.00000021
427	0.00000021
428	0.00000020
429	0.00000019
430	0.00000019
431	0.00000018
432	0.00000018
433	0.00000017
434	0.00000017
435	0.00000016
436	0.00000016
437	0.00000015
438	0.00000015
439	0.00000014
440	0.00000014
441	0.00000013
442	0.00000013
443	0.00000012
444	0.00000012
445	0.00000012
446	0.00000011
447	0.00000011
448	0.00000011
449	0.00000010
450	0.00000010
451	0.00000010
452	0.00000009
453	0.00000009
454	0.00000009
455	0.00000009
456	0.00000008
457	0.00000008
458	0.00000008
459	0.00000008
460	0.00000007
461	0.00000007
462	0.00000007
463	0.00000007
464	0.00000006
465	0.00000006
466	0.00000006
467	0.00000006
468	0.00000006
469	0.00000005
470	0.00000005
471	0.00000005
472	0.00000005
473	0.00000005
474	0.00000005
475	0.00000005
476	0.00000004
477	0.00000004
478	0.00000004
479	0.00000004
480	0.00000004
481	0.00000004
482	0.00000004
483	0.00000004
484	0.00000003
485	0.00000003
486	0.00000003
487	0.00000003
488	0.00000003
489	0.00000003
490	0.00000003
491	0.00000003
492	0.00000003
493	0.00000003
494	0.00000002
495	0.00000002
496	0.00000002
497	0.00000002
498	0.00000002
499	0.00000002
500	0.00000002
501	0.00000002
502	0.00000002
503	0.00000002
504	0.00000002
505	0.00000002
506	0.00000002
507	0.00000002
508	0.00000002
509	0.00000002
510	0.00000002
511	0.00000001
512	0.00000001
513	0.00000001
514	0.00000001
515	0.00000001
516	0.00000001
517	0.00000001
518	0.00000001
519	0.00000001
520	0.00000001
521	0.00000001
522	0.00000001
523	0.00000001
524	0.00000001
525	0.00000001
526	0.00000001
527	0.00000001
528	0.00000001
529	0.00000001
530	0.00000001
531	0.00000001
532	0.00000001
533	0.00000001
534	0.00000001
535	0.00000001
536	0.00000001
537	0.00000001
538	0.00000001
539	0.00000001
540	0.00000001
541	0.00000001
542	0.00000001
543	0.00000001
544	0.00000001
545	0.00000000
546	0.00000000
547	0.00000000
548	0.00000000
549	0.00000000
550	0.00000000
551	0.00000000
552	0.00000000
553	0.00000000
554	0.00000000
555	0.00000000
556	0.00000000
557	0.00000000
558	0.00000000
559	0.00000000
560	0.00000000
561	0.00000000
562	0.00000000
563	0.00000000
564	0.00000000
565	0.00000000
566	0.00000000
567	0.00000000
568	0.00000000
569	0.00000000
570	0.00000000
571	0.00000000
572	0.00000000
573	0.00000000
574	0.00000000
575	0.00000000
576	0.00000000
577	0.00000000
578	0.00000000
579	0.00000000
580	0.00000000
581	0.00000000
582	0.00000000
583	0.00000000
584	0.00000000
585	0.00000000
586	0.00000000
587	0.00000000
588	0.00000000
589	0.00000000
590	0.00000000
591	0.00000000
592	0.00000000
593	0.00000000
594	0.00000000
595	0.00000000
596	0.00000000
597	0.00000000
598	0.00000000
599	0.00000000
600	0.00000000
601	0.00000000
602	0.00000000
603	0.00000000
604	0.00000000
605	0.00000000
606	0.00000000
607	0.00000000
608	0.00000000
609	0.00000000
610	0.00000000
611	0.00000000
612	0.00000000
613	0.00000000
614	0.00000000
615	0.00000000
616	0.00000000
617	0.00000000
618	0.00000000
619	0.00000000
620	0.00000000
621	0.00000000
622	0.00000000
623	0.00000000
624	0.00000000
625	0.00000000
626	0.00000000
627	0.00000000
628	0.00000000
629	0.00000000
630	0.00000000
631	0.00000000
632	0.00000000
633	0.00000000
634	0.00000000
635	0.00000000
636	0.00000000
637	0.00000000
638	0.00000000
639	0.00000000
640	0.00000000
641	0.00000000
642	0.00000000
643	0.00000000
644	0.00000000
645	0.00000000
646	0.00000000
647	0.00000000
648	0.00000000
649	0.00000000
650	0.00000000
651	0.00000000
652	0.00000000
653	0.00000000
654	0.00000000
655	0.00000000
656	0.00000000
657	0.00000000
658	0.00000000
659	0.00000000
660	0.00000000
661	0.00000000
662	0.00000000
663	0.00000000
664	0.00000000
665	0.00000000
666	0.00000000
667	0.00000000
668	0.00000000
669	0.00000000
670	0.00000000
671	0.00000000
672	0.00000000
673	0.00000000
674	0.00000000
675	0.00000000
676	0.00000000
677	0.00000000
678	0.00000000
679	0.00000000
680	0.00000000
681	0.00000000
682	0.00000000
683	0.00000000
684	0.00000000
685	0.00000000
686	0.00000000
687	0.00000000
688	0.00000000
689	0.00000000
690	0.00000000
691	0.00000000
692	0.00000000
693	0.00000000
694	0.00000000
695	0.00000000
696	0.00000000
697	0.00000000
698	0.00000000
699	0.00000000
700	0.00000000
701	0.00000000
702	0.00000000
703	0.00000000
704	0.00000000
705	0.00000000
706	0.00000000
707	0.00000000
708	0.00000000
709	0.00000000
710	0.00000000
711	0.00000000
712	0.00000000
713	0.00000000
714	0.00000000
715	0.00000000
716	0.00000000
717	0.00000000
718	0.00000000
719	0.00000000
720	0.00000000
721	0.00000000
722	0.00000000
723	0.00000000
724	0.00000000
725	0.00000000
726	0.00000000
727	0.00000000
728	0.00000000
729	0.00000000
730	0.00000000
731	0.00000000
732	0.00000000
733	0.00000000
734	0.00000000
735	0.00000000
736	0.00000000
737	0.00000000
738	0.00000000
739	0.00000000
740	0.00000000
741	0.00000000
742	0.00000000
743	0.00000000
744	0.00000000
745	0.00000000
746	0.00000000
747	0.00000000
748	0.00000000
749	0.00000000
750	0.00000000
751	0.00000000
752	0.00000000
753	0.00000000
754	0.00000000
755	0.00000000
756	0.00000000
757	0.00000000
758	0.00000000
759	0.00000000
760	0.00000000
761	0.00000000
762	0.00000000
763	0.00000000
764	0.00000000
765	0.00000000
766	0.00000000
767	0.00000000
768	0.00000000
769	0.00000000
770	0.00000000
771	0.00000000
772	0.00000000
773	0.00000000
774	0.00000000
775	0.00000000
776	0.00000000
777	0.00000000
778	0.00000000
779	0.00000000
780	0.00000000
781	0.00000000
782	0.00000000
783	0.00000000
784	0.00000000
785	0.00000000
786	0.00000000
787	0.00000000
788	0.00000000
789	0.00000000
790	0.00000000
791	0.00000000
792	0.00000000
793	0.00000000
794	0.00000000
795	0.00000000
796	0.00000000
797	0.00000000
798	0.00000000
799	0.00000000
800	0.00000000
801	0.00000000
802	0.00000000
803	0.00000000
804	0.00000000
805	0.00000000
806	0.00000000
807	0.00000000
808	0.00000000
809	0.00000000
810	0.00000000
811	0.00000000
812	0.00000000
813	0.00000000
814	0.00000000
815	0.00000000
816	0.00000000
817	0.00000000
818	0.00000000
819	0.00000000
820	0.00000000
821	0.00000000
822	0.00000000
823	0.00000000
824	0.00000000
825	0.00000000
826	0.00000000
827	0.00000000
828	0.00000000
829	0.00000000
830	0.00000000
831	0.00000000
832	0.00000000
833	0.00000000
834	0.00000000
835	0.00000000
836	0.00000000
837	0.00000000
838	0.00000000
839	0.00000000
840	0.00000000
841	0.00000000
842	0.00000000
843	0.00000000
844	0.00000000
845	0.00000000
846	0.00000000
847	0.00000000
848	0.00000000
849	0.00000000
850	0.00000000
851	0.00000000
852	0.00000000
853	0.00000000
854	0.00000000
855	0.00000000
856	0.00000000
857	0.00000000
858	0.00000000
859	0.00000000
860	0.00000000
861	0.00000000
862	0.00000000
863	0.00000000
864	0.00000000
865	0.00000000
866	0.00000000
867	0.00000000
868	0.00000000
869	0.00000000
870	0.00000000
871	0.00000000
872	0.00000000
873	0.00000000
874	0.00000000
875	0.00000000
876	0.00000000
877	0.00000000
878	0.00000000
879	0.00000000
880	0.00000000
881	0.00000000
882	0.00000000
883	0.00000000
884	0.00000000
885	0.00000000
886	0.00000000
887	0.00000000
888	0.00000000
889	0.00000000
890	0.00000000
891	0.00000000
892	0.00000000
893	0.00000000
894	0.00000000
895	0.00000000
896	0.00000000
897	0.00000000
898	0.00000000
899	0.00000000
900	0.00000000
901	0.00000000
902	0.00000000
903	0.00000000
904	0.00000000
905	0.00000000
906	0.00000000
907	0.00000000
908	0.00000000
909	0.00000000
910	0.00000000
911	0.00000000
912	0.00000000
913	0.00000000
914	0.00000000
915	0.00000000
916	0.00000000
917	0.00000000
918	0.00000000
919	0.00000000
920	0.00000000
921	0.00000000
922	0.00000000
923	0.00000000
924	0.00000000
925	0.00000000
926	0.00000000
927	0.00000000
928	0.00000000
929	0.00000000
930	0.00000000
931	0.00000000
932	0.00000000
933	0.00000000
934	0.00000000
935	0.00000000
936	0.00000000
937	0.00000000
938	0.00000000
939	0.00000000
940	0.00000000
941	0.00000000
942	0.00000000
943	0.00000000
944	0.00000000
945	0.00000000
946	0.00000000
947	0.00000000
948	0.00000000
949	0.00000000
950	0.00000000
951	0.00000000
952	0.00000000
953	0.00000000
954	0.00000000
955	0.00000000
956	0.00000000
957	0.00000000
958	0.00000000
959	0.00000000
960	0.00000000
961	0.00000000
962	0.00000000
963	0.00000000
964	0.00000000
965	0.00000000
966	0.00000000
967	0.00000000
968	0.00000000
969	0.00000000
970	0.00000000
971	0.00000000
972	0.00000000
973	0.00000000
974	0.00000000
975	0.00000000
976	0.00000000
977	0.00000000
978	0.00000000
979	0.00000000
980	0.00000000
981	0.00000000
982	0.00000000
983	0.00000000
984	0.00000000
985	0.00000000
986	0.00000000
987	0.00000000
988	0.00000000
989	0.00000000
990	0.00000000
991	0.00000000
992	0.00000000
993	0.00000000
994	0.00000000
995	0.00000000
996	0.00000000
997	0.00000000
998	0.00000000
999	0.00000000
