0	0.00000000
1	0.00000000
2	0.00000000
3	0.00000000
4	0.00000000
5	0.00000000
6	0.00000000
7	0.00000000
8	0.00000000
9	0.00000000
10	0.00000000
11	0.00000000
12	0.00000000
13	0.01532364
14	0.09714887
15	0.07363263
16	0.07601634
17	0.05264115
18	0.04697113
19	0.04349582
20	0.04187864
21	0.03582436
22	0.03190387
23	0.02756197
24	0.02380646
25	0.02090084
26	0.01920997
27	0.01791660
28	0.01735441
29	0.01650551
30	0.01601760
31	0.01581204
32	0.01985121
33	0.02551949
34	0.02660940
35	0.02803862
36	0.03008965
37	0.02963076
38	0.02833071
39	0.02807527
40	0.02713007
41	0.02706799
42	0.02631054
43	0.02611448
44	0.02565607
45	0.02539623
46	0.02521796
47	0.02427228
48	0.02371538
49	0.02279385
50	0.02201368
51	0.02122135
52	0.02045015
53	0.01982197
54	0.01912602
55	0.01939200
56	0.01955938
57	0.01933336
58	0.01936313
59	0.01904271
60	0.01864818
61	0.01816427
62	0.01785696
63	0.01772321
64	0.01756977
65	0.01734002
66	0.01699632
67	0.01650318
68	0.01589971
69	0.01557430
70	0.01506824
71	0.01463734
72	0.01419910
73	0.01376577
74	0.01331964
75	0.01280170
76	0.01245068
77	0.01209806
78	0.01191956
79	0.01176932
80	0.01154560
81	0.01125778
82	0.01106812
83	0.01080496
84	0.01053434
85	0.01031107
86	0.01001370
87	0.00976997
88	0.00946925
89	0.00916430
90	0.00885620
91	0.00859344
92	0.00829310
93	0.00803201
94	0.00775792
95	0.00751124
96	0.00728023
97	0.00703731
98	0.00680121
99	0.00658746
100	0.00638123
101	0.00619495
102	0.00605594
103	0.00592419
104	0.00574559
105	0.00559928
106	0.00543285
107	0.00526007
108	0.00509549
109	0.00492882
110	0.00477008
111	0.00462205
112	0.00447950
113	0.00434049
114	0.00419923
115	0.00406384
116	0.00393662
117	0.00381278
118	0.00369227
119	0.00357674
120	0.00346414
121	0.00335600
122	0.00325130
123	0.00314988
124	0.00305346
125	0.00296333
126	0.00287312
127	0.00278940
128	0.00269831
129	0.00261725
130	0.00253473
131	0.00245648
132	0.00238005
133	0.00230621
134	0.00223466
135	0.00216518
136	0.00209793
137	0.00203275
138	0.00196950
139	0.00190821
140	0.00184883
141	0.00179131
142	0.00173558
143	0.00168160
144	0.00162931
145	0.00157865
146	0.00152958
147	0.00148206
148	0.00143604
149	0.00139149
150	0.00134834
151	0.00130652
152	0.00126599
153	0.00122672
154	0.00118866
155	0.00115178
156	0.00111603
157	0.00108140
158	0.00104784
159	0.00101532
160	0.00098380
161	0.00095327
162	0.00092368
163	0.00089501
164	0.00086722
165	0.00084030
166	0.00081421
167	0.00078893
168	0.00076444
169	0.00074070
170	0.00071771
171	0.00069542
172	0.00067383
173	0.00065291
174	0.00063264
175	0.00061300
176	0.00059397
177	0.00057554
178	0.00055767
179	0.00054036
180	0.00052358
181	0.00050733
182	0.00049158
183	0.00047632
184	0.00046154
185	0.00044721
186	0.00043333
187	0.00041988
188	0.00040684
189	0.00039421
190	0.00038197
191	0.00037012
192	0.00035863
193	0.00034749
194	0.00033671
195	0.00032625
196	0.00031613
197	0.00030631
198	0.00029680
199	0.00028759
200	0.00027866
201	0.00027001
202	0.00026163
203	0.00025351
204	0.00024564
205	0.00023801
206	0.00023062
207	0.00022347
208	0.00021653
209	0.00020981
210	0.00020329
211	0.00019698
212	0.00019087
213	0.00018494
214	0.00017920
215	0.00017364
216	0.00016825
217	0.00016303
218	0.00015796
219	0.00015306
220	0.00014831
221	0.00014371
222	0.00013924
223	0.00013492
224	0.00013073
225	0.00012667
226	0.00012274
227	0.00011893
228	0.00011524
229	0.00011166
230	0.00010820
231	0.00010484
232	0.00010158
233	0.00009843
234	0.00009537
235	0.00009241
236	0.00008954
237	0.00008676
238	0.00008407
239	0.00008146
240	0.00007893
241	0.00007648
242	0.00007411
243	0.00007181
244	0.00006958
245	0.00006742
246	0.00006533
247	0.00006330
248	0.00006133
249	0.00005943
250	0.00005758
251	0.00005580
252	0.00005406
253	0.00005239
254	0.00005076
255	0.00004918
256	0.00004766
257	0.00004618
258	0.00004474
259	0.00004336
260	0.00004201
261	0.00004071
262	0.00003944
263	0.00003822
264	0.00003703
265	0.00003588
266	0.00003477
267	0.00003369
268	0.00003264
269	0.00003163
270	0.00003065
271	0.00002970
272	0.00002877
273	0.00002788
274	0.00002702
275	0.00002618
276	0.00002536
277	0.00002458
278	0.00002381
279	0.00002307
280	0.00002236
281	0.00002166
282	0.00002099
283	0.00002034
284	0.00001971
285	0.00001910
286	0.00001850
287	0.00001793
288	0.00001737
289	0.00001683
290	0.00001631
291	0.00001580
292	0.00001531
293	0.00001484
294	0.00001438
295	0.00001393
296	0.00001350
297	0.00001308
298	0.00001267
299	0.00001228
300	0.00001190
301	0.00001153
302	0.00001117
303	0.00001083
304	0.00001049
305	0.00001016
306	0.00000985
307	0.00000954
308	0.00000925
309	0.00000896
310	0.00000868
311	0.00000841
312	0.00000815
313	0.00000790
314	0.00000765
315	0.00000741
316	0.00000718
317	0.00000696
318	0.00000675
319	0.00000654
320	0.00000633
321	0.00000614
322	0.00000595
323	0.00000576
324	0.00000558
325	0.00000541
326	0.00000524
327	0.00000508
328	0.00000492
329	0.00000477
330	0.00000462
331	0.00000448
332	0.00000434
333	0.00000420
334	0.00000407
335	0.00000395
336	0.00000382
337	0.00000371
338	0.00000359
339	0.00000348
340	0.00000337
341	0.00000327
342	0.00000316
343	0.00000307
344	0.00000297
345	0.00000288
346	0.00000279
347	0.00000270
348	0.00000262
349	0.00000254
350	0.00000246
351	0.00000238
352	0.00000231
353	0.00000224
354	0.00000217
355	0.00000210
356	0.00000204
357	0.00000197
358	0.00000191
359	0.00000185
360	0.00000179
361	0.00000174
362	0.00000168
363	0.00000163
364	0.00000158
365	0.00000153
366	0.00000148
367	0.00000144
368	0.00000139
369	0.00000135
370	0.00000131
371	0.00000127
372	0.00000123
373	0.00000119
374	0.00000115
375	0.00000112
376	0.00000108
377	0.00000105
378	0.00000102
379	0.00000099
380	0.00000095
381	0.00000093
382	0.00000090
383	0.00000087
384	0.00000084
385	0.00000082
386	0.00000079
387	0.00000077
388	0.00000074
389	0.00000072
390	0.00000070
391	0.00000067
392	0.00000065
393	0.00000063
394	0.00000061
395	0.00000059
396	0.00000058
397	0.00000056
398	0.00000054
399	0.00000052
400	0.00000051
401	0.00000049
402	0.00000048
403	0.00000046
404	0.00000045
405	0.00000043
406	0.00000042
407	0.00000041
408	0.00000039
409	0.00000038
410	0.00000037
411	0.00000036
412	0.00000035
413	0.00000034
414	0.00000033
415	0.00000032
416	0.00000031
417	0.00000030
418	0.00000029
419	0.00000028
420	0.00000027
421	0.00000026
422	0.00000025
423	0.00000025
424	0.00000024
425	0.00000023
426	0.00000022
427	0.00000022
428	0.00000021
429	0.00000020
430	0.00000020
431	0.00000019
432	0.00000019
433	0.00000018
434	0.00000017
435	0.00000017
436	0.00000016
437	0.00000016
438	0.00000015
439	0.00000015
440	0.00000014
441	0.00000014
442	0.00000014
443	0.00000013
444	0.00000013
445	0.00000012
446	0.00000012
447	0.00000012
448	0.00000011
449	0.00000011
450	0.00000011
451	0.00000010
452	0.00000010
453	0.00000010
454	0.00000009
455	0.00000009
456	0.00000009
457	0.00000008
458	0.00000008
459	0.00000008
460	0.00000008
461	0.00000007
462	0.00000007
463	0.00000007
464	0.00000007
465	0.00000007
466	0.00000006
467	0.00000006
468	0.00000006
469	0.00000006
470	0.00000006
471	0.00000005
472	0.00000005
473	0.00000005
474	0.00000005
475	0.00000005
476	0.00000005
477	0.00000004
478	0.00000004
479	0.00000004
480	0.00000004
481	0.00000004
482	0.00000004
483	0.00000004
484	0.00000004
485	0.00000003
486	0.00000003
487	0.00000003
488	0.00000003
489	0.00000003
490	0.00000003
491	0.00000003
492	0.00000003
493	0.00000003
494	0.00000003
495	0.00000003
496	0.00000002
497	0.00000002
498	0.00000002
499	0.00000002
500	0.00000002
501	0.00000002
502	0.00000002
503	0.00000002
504	0.00000002
505	0.00000002
506	0.00000002
507	0.00000002
508	0.00000002
509	0.00000002
510	0.00000002
511	0.00000002
512	0.00000001
513	0.00000001
514	0.00000001
515	0.00000001
516	0.00000001
517	0.00000001
518	0.00000001
519	0.00000001
520	0.00000001
521	0.00000001
522	0.00000001
523	0.00000001
524	0.00000001
525	0.00000001
526	0.00000001
527	0.00000001
528	0.00000001
529	0.00000001
530	0.00000001
531	0.00000001
532	0.00000001
533	0.00000001
534	0.00000001
535	0.00000001
536	0.00000001
537	0.00000001
538	0.00000001
539	0.00000001
540	0.00000001
541	0.00000001
542	0.00000001
543	0.00000001
544	0.00000001
545	0.00000001
546	0.00000001
547	0.00000000
548	0.00000000
549	0.00000000
550	0.00000000
551	0.00000000
552	0.00000000
553	0.00000000
554	0.00000000
555	0.00000000
556	0.00000000
557	0.00000000
558	0.00000000
559	0.00000000
560	0.00000000
561	0.00000000
562	0.00000000
563	0.00000000
564	0.00000000
565	0.00000000
566	0.00000000
567	0.00000000
568	0.00000000
569	0.00000000
570	0.00000000
571	0.00000000
572	0.00000000
573	0.00000000
574	0.00000000
575	0.00000000
576	0.00000000
577	0.00000000
578	0.00000000
579	0.00000000
580	0.00000000
581	0.00000000
582	0.00000000
583	0.00000000
584	0.00000000
585	0.00000000
586	0.00000000
587	0.00000000
588	0.00000000
589	0.00000000
590	0.00000000
591	0.00000000
592	0.00000000
593	0.00000000
594	0.00000000
595	0.00000000
596	0.00000000
597	0.00000000
598	0.00000000
599	0.00000000
600	0.00000000
601	0.00000000
602	0.00000000
603	0.00000000
604	0.00000000
605	0.00000000
606	0.00000000
607	0.00000000
608	0.00000000
609	0.00000000
610	0.00000000
611	0.00000000
612	0.00000000
613	0.00000000
614	0.00000000
615	0.00000000
616	0.00000000
617	0.00000000
618	0.00000000
619	0.00000000
620	0.00000000
621	0.00000000
622	0.00000000
623	0.00000000
624	0.00000000
625	0.00000000
626	0.00000000
627	0.00000000
628	0.00000000
629	0.00000000
630	0.00000000
631	0.00000000
632	0.00000000
633	0.00000000
634	0.00000000
635	0.00000000
636	0.00000000
637	0.00000000
638	0.00000000
639	0.00000000
640	0.00000000
641	0.00000000
642	0.00000000
643	0.00000000
644	0.00000000
645	0.00000000
646	0.00000000
647	0.00000000
648	0.00000000
649	0.00000000
650	0.00000000
651	0.00000000
652	0.00000000
653	0.00000000
654	0.00000000
655	0.00000000
656	0.00000000
657	0.00000000
658	0.00000000
659	0.00000000
660	0.00000000
661	0.00000000
662	0.00000000
663	0.00000000
664	0.00000000
665	0.00000000
666	0.00000000
667	0.00000000
668	0.00000000
669	0.00000000
670	0.00000000
671	0.00000000
672	0.00000000
673	0.00000000
674	0.00000000
675	0.00000000
676	0.00000000
677	0.00000000
678	0.00000000
679	0.00000000
680	0.00000000
681	0.00000000
682	0.00000000
683	0.00000000
684	0.00000000
685	0.00000000
686	0.00000000
687	0.00000000
688	0.00000000
689	0.00000000
690	0.00000000
691	0.00000000
692	0.00000000
693	0.00000000
694	0.00000000
695	0.00000000
696	0.00000000
697	0.00000000
698	0.00000000
699	0.00000000
700	0.00000000
701	0.00000000
702	0.00000000
703	0.00000000
704	0.00000000
705	0.00000000
706	0.00000000
707	0.00000000
708	0.00000000
709	0.00000000
710	0.00000000
711	0.00000000
712	0.00000000
713	0.00000000
714	0.00000000
715	0.00000000
716	0.00000000
717	0.00000000
718	0.00000000
719	0.00000000
720	0.00000000
721	0.00000000
722	0.00000000
723	0.00000000
724	0.00000000
725	0.00000000
726	0.00000000
727	0.00000000
728	0.00000000
729	0.00000000
730	0.00000000
731	0.00000000
732	0.00000000
733	0.00000000
734	0.00000000
735	0.00000000
736	0.00000000
737	0.00000000
738	0.00000000
739	0.00000000
740	0.00000000
741	0.00000000
742	0.00000000
743	0.00000000
744	0.00000000
745	0.00000000
746	0.00000000
747	0.00000000
748	0.00000000
749	0.00000000
750	0.00000000
751	0.00000000
752	0.00000000
753	0.00000000
754	0.00000000
755	0.00000000
756	0.00000000
757	0.00000000
758	0.00000000
759	0.00000000
760	0.00000000
761	0.00000000
762	0.00000000
763	0.00000000
764	0.00000000
765	0.00000000
766	0.00000000
767	0.00000000
768	0.00000000
769	0.00000000
770	0.00000000
771	0.00000000
772	0.00000000
773	0.00000000
774	0.00000000
775	0.00000000
776	0.00000000
777	0.00000000
778	0.00000000
779	0.00000000
780	0.00000000
781	0.00000000
782	0.00000000
783	0.00000000
784	0.00000000
785	0.00000000
786	0.00000000
787	0.00000000
788	0.00000000
789	0.00000000
790	0.00000000
791	0.00000000
792	0.00000000
793	0.00000000
794	0.00000000
795	0.00000000
796	0.00000000
797	0.00000000
798	0.00000000
799	0.00000000
800	0.00000000
801	0.00000000
802	0.00000000
803	0.00000000
804	0.00000000
805	0.00000000
806	0.00000000
807	0.00000000
808	0.00000000
809	0.00000000
810	0.00000000
811	0.00000000
812	0.00000000
813	0.00000000
814	0.00000000
815	0.00000000
816	0.00000000
817	0.00000000
818	0.00000000
819	0.00000000
820	0.00000000
821	0.00000000
822	0.00000000
823	0.00000000
824	0.00000000
825	0.00000000
826	0.00000000
827	0.00000000
828	0.00000000
829	0.00000000
830	0.00000000
831	0.00000000
832	0.00000000
833	0.00000000
834	0.00000000
835	0.00000000
836	0.00000000
837	0.00000000
838	0.00000000
839	0.00000000
840	0.00000000
841	0.00000000
842	0.00000000
843	0.00000000
844	0.00000000
845	0.00000000
846	0.00000000
847	0.00000000
848	0.00000000
849	0.00000000
850	0.00000000
851	0.00000000
852	0.00000000
853	0.00000000
854	0.00000000
855	0.00000000
856	0.00000000
857	0.00000000
858	0.00000000
859	0.00000000
860	0.00000000
861	0.00000000
862	0.00000000
863	0.00000000
864	0.00000000
865	0.00000000
866	0.00000000
867	0.00000000
868	0.00000000
869	0.00000000
870	0.00000000
871	0.00000000
872	0.00000000
873	0.00000000
874	0.00000000
875	0.00000000
876	0.00000000
877	0.00000000
878	0.00000000
879	0.00000000
880	0.00000000
881	0.00000000
882	0.00000000
883	0.00000000
884	0.00000000
885	0.00000000
886	0.00000000
887	0.00000000
888	0.00000000
889	0.00000000
890	0.00000000
891	0.00000000
892	0.00000000
893	0.00000000
894	0.00000000
895	0.00000000
896	0.00000000
897	0.00000000
898	0.00000000
899	0.00000000
900	0.00000000
901	0.00000000
902	0.00000000
903	0.00000000
904	0.00000000
905	0.00000000
906	0.00000000
907	0.00000000
908	0.00000000
909	0.00000000
910	0.00000000
911	0.00000000
912	0.00000000
913	0.00000000
914	0.00000000
915	0.00000000
916	0.00000000
917	0.00000000
918	0.00000000
919	0.00000000
920	0.00000000
921	0.00000000
922	0.00000000
923	0.00000000
924	0.00000000
925	0.00000000
926	0.00000000
927	0.00000000
928	0.00000000
929	0.00000000
930	0.00000000
931	0.00000000
932	0.00000000
933	0.00000000
934	0.00000000
935	0.00000000
936	0.00000000
937	0.00000000
938	0.00000000
939	0.00000000
940	0.00000000
941	0.00000000
942	0.00000000
943	0.00000000
944	0.00000000
945	0.00000000
946	0.00000000
947	0.00000000
948	0.00000000
949	0.00000000
950	0.00000000
951	0.00000000
952	0.00000000
953	0.00000000
954	0.00000000
955	0.00000000
956	0.00000000
957	0.00000000
958	0.00000000
959	0.00000000
960	0.00000000
961	0.00000000
962	0.00000000
963	0.00000000
964	0.00000000
965	0.00000000
966	0.00000000
967	0.00000000
968	0.00000000
969	0.00000000
970	0.00000000
971	0.00000000
972	0.00000000
973	0.00000000
974	0.00000000
975	0.00000000
976	0.00000000
977	0.00000000
978	0.00000000
979	0.00000000
980	0.00000000
981	0.00000000
982	0.00000000
983	0.00000000
984	0.00000000
985	0.00000000
986	0.00000000
987	0.00000000
988	0.00000000
989	0.00000000
990	0.00000000
991	0.00000000
992	0.00000000
993	0.00000000
994	0.00000000
995	0.00000000
996	0.00000000
997	0.00000000
998	0.00000000
999	0.00000000
