0	0.00000000
1	0.00000000
2	0.00000000
3	0.00000000
4	0.00000000
5	0.00000000
6	0.00000000
7	0.00000000
8	0.00000000
9	0.00000000
10	0.00000000
11	0.00000000
12	0.00000000
13	0.00541982
14	0.03662115
15	0.03044344
16	0.03486045
17	0.03063016
18	0.03657686
19	0.04031776
20	0.04290752
21	0.03918629
22	0.03564436
23	0.03134497
24	0.02821333
25	0.02545067
26	0.02341145
27	0.02168697
28	0.02087129
29	0.01972139
30	0.01878231
31	0.01818873
32	0.02136268
33	0.02456259
34	0.02557501
35	0.02795238
36	0.02907359
37	0.02859083
38	0.02768762
39	0.02761099
40	0.02657613
41	0.02628636
42	0.02561300
43	0.02523543
44	0.02465592
45	0.02422040
46	0.02393284
47	0.02326937
48	0.02298768
49	0.02247311
50	0.02173248
51	0.02133142
52	0.02047290
53	0.01989832
54	0.01923474
55	0.01935872
56	0.01948920
57	0.01926572
58	0.01914022
59	0.01866023
60	0.01816817
61	0.01759199
62	0.01717222
63	0.01697911
64	0.01675637
65	0.01667221
66	0.01630463
67	0.01592176
68	0.01553229
69	0.01513492
70	0.01474195
71	0.01429098
72	0.01394481
73	0.01349020
74	0.01306896
75	0.01255934
76	0.01219662
77	0.01184262
78	0.01166723
79	0.01148807
80	0.01119108
81	0.01093241
82	0.01069470
83	0.01037136
84	0.01012780
85	0.00990875
86	0.00963731
87	0.00940773
88	0.00911095
89	0.00886794
90	0.00856944
91	0.00831437
92	0.00803226
93	0.00777478
94	0.00751237
95	0.00727249
96	0.00704833
97	0.00681340
98	0.00658507
99	0.00637948
100	0.00618137
101	0.00601034
102	0.00587564
103	0.00572885
104	0.00554720
105	0.00539040
106	0.00522535
107	0.00505722
108	0.00489897
109	0.00475125
110	0.00459660
111	0.00445886
112	0.00432396
113	0.00418987
114	0.00405197
115	0.00392485
116	0.00380017
117	0.00368116
118	0.00356571
119	0.00345499
120	0.00334597
121	0.00324146
122	0.00314025
123	0.00304216
124	0.00295026
125	0.00286250
126	0.00277421
127	0.00269007
128	0.00260431
129	0.00252439
130	0.00244542
131	0.00236964
132	0.00229614
133	0.00222503
134	0.00215601
135	0.00208914
136	0.00202432
137	0.00196147
138	0.00190050
139	0.00184142
140	0.00178417
141	0.00172870
142	0.00167496
143	0.00162290
144	0.00157246
145	0.00152359
146	0.00147624
147	0.00143038
148	0.00138599
149	0.00134299
150	0.00130132
151	0.00126095
152	0.00122182
153	0.00118390
154	0.00114716
155	0.00111155
156	0.00107705
157	0.00104362
158	0.00101123
159	0.00097984
160	0.00094943
161	0.00091996
162	0.00089140
163	0.00086373
164	0.00083692
165	0.00081094
166	0.00078576
167	0.00076137
168	0.00073773
169	0.00071483
170	0.00069264
171	0.00067113
172	0.00065030
173	0.00063011
174	0.00061055
175	0.00059160
176	0.00057323
177	0.00055544
178	0.00053819
179	0.00052149
180	0.00050530
181	0.00048961
182	0.00047441
183	0.00045969
184	0.00044542
185	0.00043159
186	0.00041819
187	0.00040521
188	0.00039263
189	0.00038044
190	0.00036863
191	0.00035719
192	0.00034610
193	0.00033536
194	0.00032495
195	0.00031486
196	0.00030508
197	0.00029561
198	0.00028644
199	0.00027755
200	0.00026893
201	0.00026058
202	0.00025249
203	0.00024465
204	0.00023706
205	0.00022970
206	0.00022257
207	0.00021566
208	0.00020896
209	0.00020248
210	0.00019619
211	0.00019010
212	0.00018420
213	0.00017848
214	0.00017294
215	0.00016757
216	0.00016237
217	0.00015733
218	0.00015245
219	0.00014771
220	0.00014313
221	0.00013869
222	0.00013438
223	0.00013021
224	0.00012617
225	0.00012225
226	0.00011846
227	0.00011478
228	0.00011121
229	0.00010776
230	0.00010442
231	0.00010118
232	0.00009803
233	0.00009499
234	0.00009204
235	0.00008919
236	0.00008642
237	0.00008373
238	0.00008113
239	0.00007862
240	0.00007618
241	0.00007381
242	0.00007152
243	0.00006930
244	0.00006715
245	0.00006506
246	0.00006304
247	0.00006109
248	0.00005919
249	0.00005735
250	0.00005557
251	0.00005385
252	0.00005218
253	0.00005056
254	0.00004899
255	0.00004747
256	0.00004599
257	0.00004456
258	0.00004318
259	0.00004184
260	0.00004054
261	0.00003928
262	0.00003806
263	0.00003688
264	0.00003574
265	0.00003463
266	0.00003355
267	0.00003251
268	0.00003150
269	0.00003052
270	0.00002958
271	0.00002866
272	0.00002777
273	0.00002691
274	0.00002607
275	0.00002526
276	0.00002448
277	0.00002372
278	0.00002298
279	0.00002227
280	0.00002158
281	0.00002091
282	0.00002026
283	0.00001963
284	0.00001902
285	0.00001843
286	0.00001786
287	0.00001730
288	0.00001677
289	0.00001625
290	0.00001574
291	0.00001525
292	0.00001478
293	0.00001432
294	0.00001388
295	0.00001345
296	0.00001303
297	0.00001262
298	0.00001223
299	0.00001185
300	0.00001148
301	0.00001113
302	0.00001078
303	0.00001045
304	0.00001012
305	0.00000981
306	0.00000950
307	0.00000921
308	0.00000892
309	0.00000865
310	0.00000838
311	0.00000812
312	0.00000787
313	0.00000762
314	0.00000738
315	0.00000716
316	0.00000693
317	0.00000672
318	0.00000651
319	0.00000631
320	0.00000611
321	0.00000592
322	0.00000574
323	0.00000556
324	0.00000539
325	0.00000522
326	0.00000506
327	0.00000490
328	0.00000475
329	0.00000460
330	0.00000446
331	0.00000432
332	0.00000419
333	0.00000406
334	0.00000393
335	0.00000381
336	0.00000369
337	0.00000358
338	0.00000346
339	0.00000336
340	0.00000325
341	0.00000315
342	0.00000305
343	0.00000296
344	0.00000287
345	0.00000278
346	0.00000269
347	0.00000261
348	0.00000253
349	0.00000245
350	0.00000237
351	0.00000230
352	0.00000223
353	0.00000216
354	0.00000209
355	0.00000203
356	0.00000196
357	0.00000190
358	0.00000184
359	0.00000179
360	0.00000173
361	0.00000168
362	0.00000163
363	0.00000157
364	0.00000153
365	0.00000148
366	0.00000143
367	0.00000139
368	0.00000135
369	0.00000130
370	0.00000126
371	0.00000122
372	0.00000119
373	0.00000115
374	0.00000111
375	0.00000108
376	0.00000105
377	0.00000101
378	0.00000098
379	0.00000095
380	0.00000092
381	0.00000089
382	0.00000087
383	0.00000084
384	0.00000081
385	0.00000079
386	0.00000076
387	0.00000074
388	0.00000072
389	0.00000069
390	0.00000067
391	0.00000065
392	0.00000063
393	0.00000061
394	0.00000059
395	0.00000057
396	0.00000056
397	0.00000054
398	0.00000052
399	0.00000051
400	0.00000049
401	0.00000048
402	0.00000046
403	0.00000045
404	0.00000043
405	0.00000042
406	0.00000041
407	0.00000039
408	0.00000038
409	0.00000037
410	0.00000036
411	0.00000035
412	0.00000034
413	0.00000033
414	0.00000032
415	0.00000031
416	0.00000030
417	0.00000029
418	0.00000028
419	0.00000027
420	0.00000026
421	0.00000025
422	0.00000025
423	0.00000024
424	0.00000023
425	0.00000022
426	0.00000022
427	0.00000021
428	0.00000020
429	0.00000020
430	0.00000019
431	0.00000018
432	0.00000018
433	0.00000017
434	0.00000017
435	0.00000016
436	0.00000016
437	0.00000015
438	0.00000015
439	0.00000014
440	0.00000014
441	0.00000013
442	0.00000013
443	0.00000013
444	0.00000012
445	0.00000012
446	0.00000011
447	0.00000011
448	0.00000011
449	0.00000010
450	0.00000010
451	0.00000010
452	0.00000010
453	0.00000009
454	0.00000009
455	0.00000009
456	0.00000008
457	0.00000008
458	0.00000008
459	0.00000008
460	0.00000007
461	0.00000007
462	0.00000007
463	0.00000007
464	0.00000007
465	0.00000006
466	0.00000006
467	0.00000006
468	0.00000006
469	0.00000006
470	0.00000005
471	0.00000005
472	0.00000005
473	0.00000005
474	0.00000005
475	0.00000005
476	0.00000004
477	0.00000004
478	0.00000004
479	0.00000004
480	0.00000004
481	0.00000004
482	0.00000004
483	0.00000004
484	0.00000003
485	0.00000003
486	0.00000003
487	0.00000003
488	0.00000003
489	0.00000003
490	0.00000003
491	0.00000003
492	0.00000003
493	0.00000003
494	0.00000003
495	0.00000002
496	0.00000002
497	0.00000002
498	0.00000002
499	0.00000002
500	0.00000002
501	0.00000002
502	0.00000002
503	0.00000002
504	0.00000002
505	0.00000002
506	0.00000002
507	0.00000002
508	0.00000002
509	0.00000002
510	0.00000002
511	0.00000001
512	0.00000001
513	0.00000001
514	0.00000001
515	0.00000001
516	0.00000001
517	0.00000001
518	0.00000001
519	0.00000001
520	0.00000001
521	0.00000001
522	0.00000001
523	0.00000001
524	0.00000001
525	0.00000001
526	0.00000001
527	0.00000001
528	0.00000001
529	0.00000001
530	0.00000001
531	0.00000001
532	0.00000001
533	0.00000001
534	0.00000001
535	0.00000001
536	0.00000001
537	0.00000001
538	0.00000001
539	0.00000001
540	0.00000001
541	0.00000001
542	0.00000001
543	0.00000001
544	0.00000001
545	0.00000001
546	0.00000000
547	0.00000000
548	0.00000000
549	0.00000000
550	0.00000000
551	0.00000000
552	0.00000000
553	0.00000000
554	0.00000000
555	0.00000000
556	0.00000000
557	0.00000000
558	0.00000000
559	0.00000000
560	0.00000000
561	0.00000000
562	0.00000000
563	0.00000000
564	0.00000000
565	0.00000000
566	0.00000000
567	0.00000000
568	0.00000000
569	0.00000000
570	0.00000000
571	0.00000000
572	0.00000000
573	0.00000000
574	0.00000000
575	0.00000000
576	0.00000000
577	0.00000000
578	0.00000000
579	0.00000000
580	0.00000000
581	0.00000000
582	0.00000000
583	0.00000000
584	0.00000000
585	0.00000000
586	0.00000000
587	0.00000000
588	0.00000000
589	0.00000000
590	0.00000000
591	0.00000000
592	0.00000000
593	0.00000000
594	0.00000000
595	0.00000000
596	0.00000000
597	0.00000000
598	0.00000000
599	0.00000000
600	0.00000000
601	0.00000000
602	0.00000000
603	0.00000000
604	0.00000000
605	0.00000000
606	0.00000000
607	0.00000000
608	0.00000000
609	0.00000000
610	0.00000000
611	0.00000000
612	0.00000000
613	0.00000000
614	0.00000000
615	0.00000000
616	0.00000000
617	0.00000000
618	0.00000000
619	0.00000000
620	0.00000000
621	0.00000000
622	0.00000000
623	0.00000000
624	0.00000000
625	0.00000000
626	0.00000000
627	0.00000000
628	0.00000000
629	0.00000000
630	0.00000000
631	0.00000000
632	0.00000000
633	0.00000000
634	0.00000000
635	0.00000000
636	0.00000000
637	0.00000000
638	0.00000000
639	0.00000000
640	0.00000000
641	0.00000000
642	0.00000000
643	0.00000000
644	0.00000000
645	0.00000000
646	0.00000000
647	0.00000000
648	0.00000000
649	0.00000000
650	0.00000000
651	0.00000000
652	0.00000000
653	0.00000000
654	0.00000000
655	0.00000000
656	0.00000000
657	0.00000000
658	0.00000000
659	0.00000000
660	0.00000000
661	0.00000000
662	0.00000000
663	0.00000000
664	0.00000000
665	0.00000000
666	0.00000000
667	0.00000000
668	0.00000000
669	0.00000000
670	0.00000000
671	0.00000000
672	0.00000000
673	0.00000000
674	0.00000000
675	0.00000000
676	0.00000000
677	0.00000000
678	0.00000000
679	0.00000000
680	0.00000000
681	0.00000000
682	0.00000000
683	0.00000000
684	0.00000000
685	0.00000000
686	0.00000000
687	0.00000000
688	0.00000000
689	0.00000000
690	0.00000000
691	0.00000000
692	0.00000000
693	0.00000000
694	0.00000000
695	0.00000000
696	0.00000000
697	0.00000000
698	0.00000000
699	0.00000000
700	0.00000000
701	0.00000000
702	0.00000000
703	0.00000000
704	0.00000000
705	0.00000000
706	0.00000000
707	0.00000000
708	0.00000000
709	0.00000000
710	0.00000000
711	0.00000000
712	0.00000000
713	0.00000000
714	0.00000000
715	0.00000000
716	0.00000000
717	0.00000000
718	0.00000000
719	0.00000000
720	0.00000000
721	0.00000000
722	0.00000000
723	0.00000000
724	0.00000000
725	0.00000000
726	0.00000000
727	0.00000000
728	0.00000000
729	0.00000000
730	0.00000000
731	0.00000000
732	0.00000000
733	0.00000000
734	0.00000000
735	0.00000000
736	0.00000000
737	0.00000000
738	0.00000000
739	0.00000000
740	0.00000000
741	0.00000000
742	0.00000000
743	0.00000000
744	0.00000000
745	0.00000000
746	0.00000000
747	0.00000000
748	0.00000000
749	0.00000000
750	0.00000000
751	0.00000000
752	0.00000000
753	0.00000000
754	0.00000000
755	0.00000000
756	0.00000000
757	0.00000000
758	0.00000000
759	0.00000000
760	0.00000000
761	0.00000000
762	0.00000000
763	0.00000000
764	0.00000000
765	0.00000000
766	0.00000000
767	0.00000000
768	0.00000000
769	0.00000000
770	0.00000000
771	0.00000000
772	0.00000000
773	0.00000000
774	0.00000000
775	0.00000000
776	0.00000000
777	0.00000000
778	0.00000000
779	0.00000000
780	0.00000000
781	0.00000000
782	0.00000000
783	0.00000000
784	0.00000000
785	0.00000000
786	0.00000000
787	0.00000000
788	0.00000000
789	0.00000000
790	0.00000000
791	0.00000000
792	0.00000000
793	0.00000000
794	0.00000000
795	0.00000000
796	0.00000000
797	0.00000000
798	0.00000000
799	0.00000000
800	0.00000000
801	0.00000000
802	0.00000000
803	0.00000000
804	0.00000000
805	0.00000000
806	0.00000000
807	0.00000000
808	0.00000000
809	0.00000000
810	0.00000000
811	0.00000000
812	0.00000000
813	0.00000000
814	0.00000000
815	0.00000000
816	0.00000000
817	0.00000000
818	0.00000000
819	0.00000000
820	0.00000000
821	0.00000000
822	0.00000000
823	0.00000000
824	0.00000000
825	0.00000000
826	0.00000000
827	0.00000000
828	0.00000000
829	0.00000000
830	0.00000000
831	0.00000000
832	0.00000000
833	0.00000000
834	0.00000000
835	0.00000000
836	0.00000000
837	0.00000000
838	0.00000000
839	0.00000000
840	0.00000000
841	0.00000000
842	0.00000000
843	0.00000000
844	0.00000000
845	0.00000000
846	0.00000000
847	0.00000000
848	0.00000000
849	0.00000000
850	0.00000000
851	0.00000000
852	0.00000000
853	0.00000000
854	0.00000000
855	0.00000000
856	0.00000000
857	0.00000000
858	0.00000000
859	0.00000000
860	0.00000000
861	0.00000000
862	0.00000000
863	0.00000000
864	0.00000000
865	0.00000000
866	0.00000000
867	0.00000000
868	0.00000000
869	0.00000000
870	0.00000000
871	0.00000000
872	0.00000000
873	0.00000000
874	0.00000000
875	0.00000000
876	0.00000000
877	0.00000000
878	0.00000000
879	0.00000000
880	0.00000000
881	0.00000000
882	0.00000000
883	0.00000000
884	0.00000000
885	0.00000000
886	0.00000000
887	0.00000000
888	0.00000000
889	0.00000000
890	0.00000000
891	0.00000000
892	0.00000000
893	0.00000000
894	0.00000000
895	0.00000000
896	0.00000000
897	0.00000000
898	0.00000000
899	0.00000000
900	0.00000000
901	0.00000000
902	0.00000000
903	0.00000000
904	0.00000000
905	0.00000000
906	0.00000000
907	0.00000000
908	0.00000000
909	0.00000000
910	0.00000000
911	0.00000000
912	0.00000000
913	0.00000000
914	0.00000000
915	0.00000000
916	0.00000000
917	0.00000000
918	0.00000000
919	0.00000000
920	0.00000000
921	0.00000000
922	0.00000000
923	0.00000000
924	0.00000000
925	0.00000000
926	0.00000000
927	0.00000000
928	0.00000000
929	0.00000000
930	0.00000000
931	0.00000000
932	0.00000000
933	0.00000000
934	0.00000000
935	0.00000000
936	0.00000000
937	0.00000000
938	0.00000000
939	0.00000000
940	0.00000000
941	0.00000000
942	0.00000000
943	0.00000000
944	0.00000000
945	0.00000000
946	0.00000000
947	0.00000000
948	0.00000000
949	0.00000000
950	0.00000000
951	0.00000000
952	0.00000000
953	0.00000000
954	0.00000000
955	0.00000000
956	0.00000000
957	0.00000000
958	0.00000000
959	0.00000000
960	0.00000000
961	0.00000000
962	0.00000000
963	0.00000000
964	0.00000000
965	0.00000000
966	0.00000000
967	0.00000000
968	0.00000000
969	0.00000000
970	0.00000000
971	0.00000000
972	0.00000000
973	0.00000000
974	0.00000000
975	0.00000000
976	0.00000000
977	0.00000000
978	0.00000000
979	0.00000000
980	0.00000000
981	0.00000000
982	0.00000000
983	0.00000000
984	0.00000000
985	0.00000000
986	0.00000000
987	0.00000000
988	0.00000000
989	0.00000000
990	0.00000000
991	0.00000000
992	0.00000000
993	0.00000000
994	0.00000000
995	0.00000000
996	0.00000000
997	0.00000000
998	0.00000000
999	0.00000000
