0	0.00000000
1	0.00000000
2	0.00000000
3	0.00000000
4	0.00000000
5	0.00000000
6	0.00000000
7	0.00000000
8	0.00000000
9	0.00000000
10	0.00000000
11	0.00000000
12	0.00000000
13	0.00886945
14	0.05882391
15	0.04756940
16	0.05091911
17	0.03916106
18	0.04054770
19	0.04088459
20	0.04148813
21	0.03660745
22	0.03352534
23	0.02913685
24	0.02553151
25	0.02265960
26	0.02114367
27	0.01975787
28	0.01926881
29	0.01809627
30	0.01753972
31	0.01726615
32	0.02113825
33	0.02514712
34	0.02599262
35	0.02831841
36	0.02975705
37	0.02891885
38	0.02822594
39	0.02788107
40	0.02694585
41	0.02662148
42	0.02598402
43	0.02562579
44	0.02503953
45	0.02482575
46	0.02461547
47	0.02382489
48	0.02330460
49	0.02265512
50	0.02192951
51	0.02122584
52	0.02055573
53	0.01989121
54	0.01918639
55	0.01955958
56	0.01957717
57	0.01937418
58	0.01936640
59	0.01897798
60	0.01837863
61	0.01789434
62	0.01755520
63	0.01730190
64	0.01719398
65	0.01700377
66	0.01669096
67	0.01623715
68	0.01569629
69	0.01536032
70	0.01491965
71	0.01450476
72	0.01410730
73	0.01363694
74	0.01320734
75	0.01273044
76	0.01235993
77	0.01200916
78	0.01181740
79	0.01168194
80	0.01140633
81	0.01112608
82	0.01094268
83	0.01061593
84	0.01035244
85	0.01013462
86	0.00983727
87	0.00960607
88	0.00931275
89	0.00903810
90	0.00873567
91	0.00845719
92	0.00818304
93	0.00792293
94	0.00764420
95	0.00740585
96	0.00717580
97	0.00694334
98	0.00671405
99	0.00650126
100	0.00629987
101	0.00612082
102	0.00598732
103	0.00583946
104	0.00566518
105	0.00551085
106	0.00534379
107	0.00516732
108	0.00500631
109	0.00485047
110	0.00469561
111	0.00455045
112	0.00441197
113	0.00427112
114	0.00413779
115	0.00400280
116	0.00387758
117	0.00375602
118	0.00363786
119	0.00352455
120	0.00341351
121	0.00330706
122	0.00320389
123	0.00310401
124	0.00300970
125	0.00292259
126	0.00283152
127	0.00274659
128	0.00265817
129	0.00257736
130	0.00249639
131	0.00241915
132	0.00234399
133	0.00227130
134	0.00220078
135	0.00213247
136	0.00206625
137	0.00200205
138	0.00193982
139	0.00187950
140	0.00182104
141	0.00176441
142	0.00170954
143	0.00165639
144	0.00160490
145	0.00155502
146	0.00150669
147	0.00145989
148	0.00141458
149	0.00137070
150	0.00132819
151	0.00128698
152	0.00124706
153	0.00120836
154	0.00117086
155	0.00113453
156	0.00109931
157	0.00106520
158	0.00103213
159	0.00100009
160	0.00096905
161	0.00093898
162	0.00090983
163	0.00088159
164	0.00085422
165	0.00082770
166	0.00080200
167	0.00077710
168	0.00075298
169	0.00072960
170	0.00070695
171	0.00068500
172	0.00066373
173	0.00064313
174	0.00062316
175	0.00060382
176	0.00058507
177	0.00056691
178	0.00054931
179	0.00053226
180	0.00051574
181	0.00049973
182	0.00048422
183	0.00046918
184	0.00045462
185	0.00044051
186	0.00042683
187	0.00041358
188	0.00040074
189	0.00038830
190	0.00037625
191	0.00036457
192	0.00035325
193	0.00034229
194	0.00033166
195	0.00032136
196	0.00031139
197	0.00030172
198	0.00029236
199	0.00028328
200	0.00027449
201	0.00026596
202	0.00025771
203	0.00024971
204	0.00024196
205	0.00023445
206	0.00022717
207	0.00022012
208	0.00021328
209	0.00020666
210	0.00020025
211	0.00019403
212	0.00018801
213	0.00018217
214	0.00017652
215	0.00017104
216	0.00016573
217	0.00016058
218	0.00015560
219	0.00015077
220	0.00014609
221	0.00014155
222	0.00013716
223	0.00013290
224	0.00012877
225	0.00012478
226	0.00012090
227	0.00011715
228	0.00011351
229	0.00010999
230	0.00010657
231	0.00010327
232	0.00010006
233	0.00009695
234	0.00009394
235	0.00009103
236	0.00008820
237	0.00008546
238	0.00008281
239	0.00008024
240	0.00007775
241	0.00007534
242	0.00007300
243	0.00007073
244	0.00006854
245	0.00006641
246	0.00006435
247	0.00006235
248	0.00006041
249	0.00005854
250	0.00005672
251	0.00005496
252	0.00005325
253	0.00005160
254	0.00005000
255	0.00004845
256	0.00004694
257	0.00004549
258	0.00004407
259	0.00004271
260	0.00004138
261	0.00004010
262	0.00003885
263	0.00003764
264	0.00003648
265	0.00003534
266	0.00003425
267	0.00003318
268	0.00003215
269	0.00003116
270	0.00003019
271	0.00002925
272	0.00002834
273	0.00002746
274	0.00002661
275	0.00002578
276	0.00002498
277	0.00002421
278	0.00002346
279	0.00002273
280	0.00002202
281	0.00002134
282	0.00002068
283	0.00002004
284	0.00001941
285	0.00001881
286	0.00001823
287	0.00001766
288	0.00001711
289	0.00001658
290	0.00001607
291	0.00001557
292	0.00001508
293	0.00001462
294	0.00001416
295	0.00001372
296	0.00001330
297	0.00001288
298	0.00001248
299	0.00001210
300	0.00001172
301	0.00001136
302	0.00001100
303	0.00001066
304	0.00001033
305	0.00001001
306	0.00000970
307	0.00000940
308	0.00000911
309	0.00000882
310	0.00000855
311	0.00000829
312	0.00000803
313	0.00000778
314	0.00000754
315	0.00000730
316	0.00000708
317	0.00000686
318	0.00000664
319	0.00000644
320	0.00000624
321	0.00000604
322	0.00000586
323	0.00000568
324	0.00000550
325	0.00000533
326	0.00000516
327	0.00000500
328	0.00000485
329	0.00000470
330	0.00000455
331	0.00000441
332	0.00000427
333	0.00000414
334	0.00000401
335	0.00000389
336	0.00000377
337	0.00000365
338	0.00000354
339	0.00000343
340	0.00000332
341	0.00000322
342	0.00000312
343	0.00000302
344	0.00000293
345	0.00000284
346	0.00000275
347	0.00000266
348	0.00000258
349	0.00000250
350	0.00000242
351	0.00000235
352	0.00000227
353	0.00000220
354	0.00000214
355	0.00000207
356	0.00000200
357	0.00000194
358	0.00000188
359	0.00000182
360	0.00000177
361	0.00000171
362	0.00000166
363	0.00000161
364	0.00000156
365	0.00000151
366	0.00000146
367	0.00000142
368	0.00000137
369	0.00000133
370	0.00000129
371	0.00000125
372	0.00000121
373	0.00000117
374	0.00000114
375	0.00000110
376	0.00000107
377	0.00000103
378	0.00000100
379	0.00000097
380	0.00000094
381	0.00000091
382	0.00000088
383	0.00000086
384	0.00000083
385	0.00000080
386	0.00000078
387	0.00000075
388	0.00000073
389	0.00000071
390	0.00000069
391	0.00000066
392	0.00000064
393	0.00000062
394	0.00000060
395	0.00000059
396	0.00000057
397	0.00000055
398	0.00000053
399	0.00000052
400	0.00000050
401	0.00000048
402	0.00000047
403	0.00000046
404	0.00000044
405	0.00000043
406	0.00000041
407	0.00000040
408	0.00000039
409	0.00000038
410	0.00000037
411	0.00000035
412	0.00000034
413	0.00000033
414	0.00000032
415	0.00000031
416	0.00000030
417	0.00000029
418	0.00000028
419	0.00000027
420	0.00000027
421	0.00000026
422	0.00000025
423	0.00000024
424	0.00000023
425	0.00000023
426	0.00000022
427	0.00000021
428	0.00000021
429	0.00000020
430	0.00000019
431	0.00000019
432	0.00000018
433	0.00000018
434	0.00000017
435	0.00000017
436	0.00000016
437	0.00000016
438	0.00000015
439	0.00000015
440	0.00000014
441	0.00000014
442	0.00000013
443	0.00000013
444	0.00000012
445	0.00000012
446	0.00000012
447	0.00000011
448	0.00000011
449	0.00000011
450	0.00000010
451	0.00000010
452	0.00000010
453	0.00000009
454	0.00000009
455	0.00000009
456	0.00000009
457	0.00000008
458	0.00000008
459	0.00000008
460	0.00000008
461	0.00000007
462	0.00000007
463	0.00000007
464	0.00000007
465	0.00000006
466	0.00000006
467	0.00000006
468	0.00000006
469	0.00000006
470	0.00000006
471	0.00000005
472	0.00000005
473	0.00000005
474	0.00000005
475	0.00000005
476	0.00000005
477	0.00000004
478	0.00000004
479	0.00000004
480	0.00000004
481	0.00000004
482	0.00000004
483	0.00000004
484	0.00000004
485	0.00000003
486	0.00000003
487	0.00000003
488	0.00000003
489	0.00000003
490	0.00000003
491	0.00000003
492	0.00000003
493	0.00000003
494	0.00000003
495	0.00000003
496	0.00000002
497	0.00000002
498	0.00000002
499	0.00000002
500	0.00000002
501	0.00000002
502	0.00000002
503	0.00000002
504	0.00000002
505	0.00000002
506	0.00000002
507	0.00000002
508	0.00000002
509	0.00000002
510	0.00000002
511	0.00000002
512	0.00000001
513	0.00000001
514	0.00000001
515	0.00000001
516	0.00000001
517	0.00000001
518	0.00000001
519	0.00000001
520	0.00000001
521	0.00000001
522	0.00000001
523	0.00000001
524	0.00000001
525	0.00000001
526	0.00000001
527	0.00000001
528	0.00000001
529	0.00000001
530	0.00000001
531	0.00000001
532	0.00000001
533	0.00000001
534	0.00000001
535	0.00000001
536	0.00000001
537	0.00000001
538	0.00000001
539	0.00000001
540	0.00000001
541	0.00000001
542	0.00000001
543	0.00000001
544	0.00000001
545	0.00000001
546	0.00000001
547	0.00000000
548	0.00000000
549	0.00000000
550	0.00000000
551	0.00000000
552	0.00000000
553	0.00000000
554	0.00000000
555	0.00000000
556	0.00000000
557	0.00000000
558	0.00000000
559	0.00000000
560	0.00000000
561	0.00000000
562	0.00000000
563	0.00000000
564	0.00000000
565	0.00000000
566	0.00000000
567	0.00000000
568	0.00000000
569	0.00000000
570	0.00000000
571	0.00000000
572	0.00000000
573	0.00000000
574	0.00000000
575	0.00000000
576	0.00000000
577	0.00000000
578	0.00000000
579	0.00000000
580	0.00000000
581	0.00000000
582	0.00000000
583	0.00000000
584	0.00000000
585	0.00000000
586	0.00000000
587	0.00000000
588	0.00000000
589	0.00000000
590	0.00000000
591	0.00000000
592	0.00000000
593	0.00000000
594	0.00000000
595	0.00000000
596	0.00000000
597	0.00000000
598	0.00000000
599	0.00000000
600	0.00000000
601	0.00000000
602	0.00000000
603	0.00000000
604	0.00000000
605	0.00000000
606	0.00000000
607	0.00000000
608	0.00000000
609	0.00000000
610	0.00000000
611	0.00000000
612	0.00000000
613	0.00000000
614	0.00000000
615	0.00000000
616	0.00000000
617	0.00000000
618	0.00000000
619	0.00000000
620	0.00000000
621	0.00000000
622	0.00000000
623	0.00000000
624	0.00000000
625	0.00000000
626	0.00000000
627	0.00000000
628	0.00000000
629	0.00000000
630	0.00000000
631	0.00000000
632	0.00000000
633	0.00000000
634	0.00000000
635	0.00000000
636	0.00000000
637	0.00000000
638	0.00000000
639	0.00000000
640	0.00000000
641	0.00000000
642	0.00000000
643	0.00000000
644	0.00000000
645	0.00000000
646	0.00000000
647	0.00000000
648	0.00000000
649	0.00000000
650	0.00000000
651	0.00000000
652	0.00000000
653	0.00000000
654	0.00000000
655	0.00000000
656	0.00000000
657	0.00000000
658	0.00000000
659	0.00000000
660	0.00000000
661	0.00000000
662	0.00000000
663	0.00000000
664	0.00000000
665	0.00000000
666	0.00000000
667	0.00000000
668	0.00000000
669	0.00000000
670	0.00000000
671	0.00000000
672	0.00000000
673	0.00000000
674	0.00000000
675	0.00000000
676	0.00000000
677	0.00000000
678	0.00000000
679	0.00000000
680	0.00000000
681	0.00000000
682	0.00000000
683	0.00000000
684	0.00000000
685	0.00000000
686	0.00000000
687	0.00000000
688	0.00000000
689	0.00000000
690	0.00000000
691	0.00000000
692	0.00000000
693	0.00000000
694	0.00000000
695	0.00000000
696	0.00000000
697	0.00000000
698	0.00000000
699	0.00000000
700	0.00000000
701	0.00000000
702	0.00000000
703	0.00000000
704	0.00000000
705	0.00000000
706	0.00000000
707	0.00000000
708	0.00000000
709	0.00000000
710	0.00000000
711	0.00000000
712	0.00000000
713	0.00000000
714	0.00000000
715	0.00000000
716	0.00000000
717	0.00000000
718	0.00000000
719	0.00000000
720	0.00000000
721	0.00000000
722	0.00000000
723	0.00000000
724	0.00000000
725	0.00000000
726	0.00000000
727	0.00000000
728	0.00000000
729	0.00000000
730	0.00000000
731	0.00000000
732	0.00000000
733	0.00000000
734	0.00000000
735	0.00000000
736	0.00000000
737	0.00000000
738	0.00000000
739	0.00000000
740	0.00000000
741	0.00000000
742	0.00000000
743	0.00000000
744	0.00000000
745	0.00000000
746	0.00000000
747	0.00000000
748	0.00000000
749	0.00000000
750	0.00000000
751	0.00000000
752	0.00000000
753	0.00000000
754	0.00000000
755	0.00000000
756	0.00000000
757	0.00000000
758	0.00000000
759	0.00000000
760	0.00000000
761	0.00000000
762	0.00000000
763	0.00000000
764	0.00000000
765	0.00000000
766	0.00000000
767	0.00000000
768	0.00000000
769	0.00000000
770	0.00000000
771	0.00000000
772	0.00000000
773	0.00000000
774	0.00000000
775	0.00000000
776	0.00000000
777	0.00000000
778	0.00000000
779	0.00000000
780	0.00000000
781	0.00000000
782	0.00000000
783	0.00000000
784	0.00000000
785	0.00000000
786	0.00000000
787	0.00000000
788	0.00000000
789	0.00000000
790	0.00000000
791	0.00000000
792	0.00000000
793	0.00000000
794	0.00000000
795	0.00000000
796	0.00000000
797	0.00000000
798	0.00000000
799	0.00000000
800	0.00000000
801	0.00000000
802	0.00000000
803	0.00000000
804	0.00000000
805	0.00000000
806	0.00000000
807	0.00000000
808	0.00000000
809	0.00000000
810	0.00000000
811	0.00000000
812	0.00000000
813	0.00000000
814	0.00000000
815	0.00000000
816	0.00000000
817	0.00000000
818	0.00000000
819	0.00000000
820	0.00000000
821	0.00000000
822	0.00000000
823	0.00000000
824	0.00000000
825	0.00000000
826	0.00000000
827	0.00000000
828	0.00000000
829	0.00000000
830	0.00000000
831	0.00000000
832	0.00000000
833	0.00000000
834	0.00000000
835	0.00000000
836	0.00000000
837	0.00000000
838	0.00000000
839	0.00000000
840	0.00000000
841	0.00000000
842	0.00000000
843	0.00000000
844	0.00000000
845	0.00000000
846	0.00000000
847	0.00000000
848	0.00000000
849	0.00000000
850	0.00000000
851	0.00000000
852	0.00000000
853	0.00000000
854	0.00000000
855	0.00000000
856	0.00000000
857	0.00000000
858	0.00000000
859	0.00000000
860	0.00000000
861	0.00000000
862	0.00000000
863	0.00000000
864	0.00000000
865	0.00000000
866	0.00000000
867	0.00000000
868	0.00000000
869	0.00000000
870	0.00000000
871	0.00000000
872	0.00000000
873	0.00000000
874	0.00000000
875	0.00000000
876	0.00000000
877	0.00000000
878	0.00000000
879	0.00000000
880	0.00000000
881	0.00000000
882	0.00000000
883	0.00000000
884	0.00000000
885	0.00000000
886	0.00000000
887	0.00000000
888	0.00000000
889	0.00000000
890	0.00000000
891	0.00000000
892	0.00000000
893	0.00000000
894	0.00000000
895	0.00000000
896	0.00000000
897	0.00000000
898	0.00000000
899	0.00000000
900	0.00000000
901	0.00000000
902	0.00000000
903	0.00000000
904	0.00000000
905	0.00000000
906	0.00000000
907	0.00000000
908	0.00000000
909	0.00000000
910	0.00000000
911	0.00000000
912	0.00000000
913	0.00000000
914	0.00000000
915	0.00000000
916	0.00000000
917	0.00000000
918	0.00000000
919	0.00000000
920	0.00000000
921	0.00000000
922	0.00000000
923	0.00000000
924	0.00000000
925	0.00000000
926	0.00000000
927	0.00000000
928	0.00000000
929	0.00000000
930	0.00000000
931	0.00000000
932	0.00000000
933	0.00000000
934	0.00000000
935	0.00000000
936	0.00000000
937	0.00000000
938	0.00000000
939	0.00000000
940	0.00000000
941	0.00000000
942	0.00000000
943	0.00000000
944	0.00000000
945	0.00000000
946	0.00000000
947	0.00000000
948	0.00000000
949	0.00000000
950	0.00000000
951	0.00000000
952	0.00000000
953	0.00000000
954	0.00000000
955	0.00000000
956	0.00000000
957	0.00000000
958	0.00000000
959	0.00000000
960	0.00000000
961	0.00000000
962	0.00000000
963	0.00000000
964	0.00000000
965	0.00000000
966	0.00000000
967	0.00000000
968	0.00000000
969	0.00000000
970	0.00000000
971	0.00000000
972	0.00000000
973	0.00000000
974	0.00000000
975	0.00000000
976	0.00000000
977	0.00000000
978	0.00000000
979	0.00000000
980	0.00000000
981	0.00000000
982	0.00000000
983	0.00000000
984	0.00000000
985	0.00000000
986	0.00000000
987	0.00000000
988	0.00000000
989	0.00000000
990	0.00000000
991	0.00000000
992	0.00000000
993	0.00000000
994	0.00000000
995	0.00000000
996	0.00000000
997	0.00000000
998	0.00000000
999	0.00000000
