0	0.00000000
1	0.00000000
2	0.00000000
3	0.00000000
4	0.00000000
5	0.00000000
6	0.00000000
7	0.00000000
8	0.00000000
9	0.00000000
10	0.00000000
11	0.00000000
12	0.00000000
13	0.00398770
14	0.02759583
15	0.02369210
16	0.02829937
17	0.02661891
18	0.03438320
19	0.03956876
20	0.04303713
21	0.03950006
22	0.03742835
23	0.03223514
24	0.02899265
25	0.02587897
26	0.02439208
27	0.02257543
28	0.02162112
29	0.02012742
30	0.01933212
31	0.01874049
32	0.02124183
33	0.02390390
34	0.02537427
35	0.02781667
36	0.02890780
37	0.02835078
38	0.02748855
39	0.02722320
40	0.02629922
41	0.02613969
42	0.02547121
43	0.02514884
44	0.02448610
45	0.02409927
46	0.02391326
47	0.02309623
48	0.02281354
49	0.02238442
50	0.02185462
51	0.02141600
52	0.02059914
53	0.02001445
54	0.01935430
55	0.01942155
56	0.01943950
57	0.01911317
58	0.01896863
59	0.01853752
60	0.01795143
61	0.01743116
62	0.01698518
63	0.01679179
64	0.01665535
65	0.01643219
66	0.01628234
67	0.01583807
68	0.01545297
69	0.01510051
70	0.01472332
71	0.01423648
72	0.01390847
73	0.01341105
74	0.01303252
75	0.01253950
76	0.01220906
77	0.01180313
78	0.01161691
79	0.01141307
80	0.01112027
81	0.01083674
82	0.01063016
83	0.01030208
84	0.01002393
85	0.00979953
86	0.00955529
87	0.00933136
88	0.00905506
89	0.00879932
90	0.00854158
91	0.00825354
92	0.00798277
93	0.00773817
94	0.00746529
95	0.00721456
96	0.00701531
97	0.00677078
98	0.00654426
99	0.00634236
100	0.00614096
101	0.00597795
102	0.00584574
103	0.00567537
104	0.00549892
105	0.00535131
106	0.00517815
107	0.00501183
108	0.00485697
109	0.00471245
110	0.00456482
111	0.00442138
112	0.00429193
113	0.00416032
114	0.00402405
115	0.00389411
116	0.00377450
117	0.00365586
118	0.00354229
119	0.00343151
120	0.00332270
121	0.00321887
122	0.00311826
123	0.00302090
124	0.00292873
125	0.00284431
126	0.00275385
127	0.00266988
128	0.00258547
129	0.00250586
130	0.00242743
131	0.00235212
132	0.00227916
133	0.00220851
134	0.00214011
135	0.00207377
136	0.00200944
137	0.00194705
138	0.00188656
139	0.00182795
140	0.00177115
141	0.00171609
142	0.00166276
143	0.00161110
144	0.00156103
145	0.00151253
146	0.00146553
147	0.00142001
148	0.00137593
149	0.00133325
150	0.00129188
151	0.00125179
152	0.00121294
153	0.00117529
154	0.00113881
155	0.00110346
156	0.00106921
157	0.00103602
158	0.00100387
159	0.00097271
160	0.00094251
161	0.00091326
162	0.00088491
163	0.00085744
164	0.00083082
165	0.00080503
166	0.00078004
167	0.00075583
168	0.00073236
169	0.00070962
170	0.00068759
171	0.00066625
172	0.00064556
173	0.00062552
174	0.00060610
175	0.00058729
176	0.00056906
177	0.00055139
178	0.00053428
179	0.00051769
180	0.00050162
181	0.00048605
182	0.00047096
183	0.00045634
184	0.00044217
185	0.00042845
186	0.00041515
187	0.00040226
188	0.00038977
189	0.00037767
190	0.00036595
191	0.00035459
192	0.00034358
193	0.00033292
194	0.00032258
195	0.00031257
196	0.00030286
197	0.00029346
198	0.00028435
199	0.00027552
200	0.00026697
201	0.00025868
202	0.00025065
203	0.00024287
204	0.00023533
205	0.00022803
206	0.00022095
207	0.00021409
208	0.00020744
209	0.00020100
210	0.00019476
211	0.00018872
212	0.00018286
213	0.00017718
214	0.00017168
215	0.00016635
216	0.00016119
217	0.00015619
218	0.00015134
219	0.00014664
220	0.00014209
221	0.00013768
222	0.00013340
223	0.00012926
224	0.00012525
225	0.00012136
226	0.00011759
227	0.00011394
228	0.00011041
229	0.00010698
230	0.00010366
231	0.00010044
232	0.00009732
233	0.00009430
234	0.00009137
235	0.00008854
236	0.00008579
237	0.00008312
238	0.00008054
239	0.00007804
240	0.00007562
241	0.00007327
242	0.00007100
243	0.00006880
244	0.00006666
245	0.00006459
246	0.00006259
247	0.00006064
248	0.00005876
249	0.00005694
250	0.00005517
251	0.00005346
252	0.00005180
253	0.00005019
254	0.00004863
255	0.00004712
256	0.00004566
257	0.00004424
258	0.00004287
259	0.00004154
260	0.00004025
261	0.00003900
262	0.00003779
263	0.00003661
264	0.00003548
265	0.00003438
266	0.00003331
267	0.00003227
268	0.00003127
269	0.00003030
270	0.00002936
271	0.00002845
272	0.00002757
273	0.00002671
274	0.00002588
275	0.00002508
276	0.00002430
277	0.00002355
278	0.00002281
279	0.00002211
280	0.00002142
281	0.00002076
282	0.00002011
283	0.00001949
284	0.00001888
285	0.00001830
286	0.00001773
287	0.00001718
288	0.00001664
289	0.00001613
290	0.00001563
291	0.00001514
292	0.00001467
293	0.00001422
294	0.00001377
295	0.00001335
296	0.00001293
297	0.00001253
298	0.00001214
299	0.00001177
300	0.00001140
301	0.00001105
302	0.00001070
303	0.00001037
304	0.00001005
305	0.00000974
306	0.00000943
307	0.00000914
308	0.00000886
309	0.00000858
310	0.00000832
311	0.00000806
312	0.00000781
313	0.00000757
314	0.00000733
315	0.00000710
316	0.00000688
317	0.00000667
318	0.00000646
319	0.00000626
320	0.00000607
321	0.00000588
322	0.00000570
323	0.00000552
324	0.00000535
325	0.00000518
326	0.00000502
327	0.00000487
328	0.00000471
329	0.00000457
330	0.00000443
331	0.00000429
332	0.00000416
333	0.00000403
334	0.00000390
335	0.00000378
336	0.00000366
337	0.00000355
338	0.00000344
339	0.00000333
340	0.00000323
341	0.00000313
342	0.00000303
343	0.00000294
344	0.00000285
345	0.00000276
346	0.00000267
347	0.00000259
348	0.00000251
349	0.00000243
350	0.00000236
351	0.00000228
352	0.00000221
353	0.00000214
354	0.00000208
355	0.00000201
356	0.00000195
357	0.00000189
358	0.00000183
359	0.00000177
360	0.00000172
361	0.00000167
362	0.00000161
363	0.00000156
364	0.00000151
365	0.00000147
366	0.00000142
367	0.00000138
368	0.00000134
369	0.00000129
370	0.00000125
371	0.00000121
372	0.00000118
373	0.00000114
374	0.00000111
375	0.00000107
376	0.00000104
377	0.00000101
378	0.00000097
379	0.00000094
380	0.00000091
381	0.00000089
382	0.00000086
383	0.00000083
384	0.00000081
385	0.00000078
386	0.00000076
387	0.00000073
388	0.00000071
389	0.00000069
390	0.00000067
391	0.00000065
392	0.00000063
393	0.00000061
394	0.00000059
395	0.00000057
396	0.00000055
397	0.00000054
398	0.00000052
399	0.00000050
400	0.00000049
401	0.00000047
402	0.00000046
403	0.00000044
404	0.00000043
405	0.00000042
406	0.00000040
407	0.00000039
408	0.00000038
409	0.00000037
410	0.00000036
411	0.00000034
412	0.00000033
413	0.00000032
414	0.00000031
415	0.00000030
416	0.00000029
417	0.00000028
418	0.00000028
419	0.00000027
420	0.00000026
421	0.00000025
422	0.00000024
423	0.00000024
424	0.00000023
425	0.00000022
426	0.00000021
427	0.00000021
428	0.00000020
429	0.00000020
430	0.00000019
431	0.00000018
432	0.00000018
433	0.00000017
434	0.00000017
435	0.00000016
436	0.00000016
437	0.00000015
438	0.00000015
439	0.00000014
440	0.00000014
441	0.00000013
442	0.00000013
443	0.00000013
444	0.00000012
445	0.00000012
446	0.00000011
447	0.00000011
448	0.00000011
449	0.00000010
450	0.00000010
451	0.00000010
452	0.00000009
453	0.00000009
454	0.00000009
455	0.00000009
456	0.00000008
457	0.00000008
458	0.00000008
459	0.00000008
460	0.00000007
461	0.00000007
462	0.00000007
463	0.00000007
464	0.00000006
465	0.00000006
466	0.00000006
467	0.00000006
468	0.00000006
469	0.00000006
470	0.00000005
471	0.00000005
472	0.00000005
473	0.00000005
474	0.00000005
475	0.00000005
476	0.00000004
477	0.00000004
478	0.00000004
479	0.00000004
480	0.00000004
481	0.00000004
482	0.00000004
483	0.00000004
484	0.00000003
485	0.00000003
486	0.00000003
487	0.00000003
488	0.00000003
489	0.00000003
490	0.00000003
491	0.00000003
492	0.00000003
493	0.00000003
494	0.00000003
495	0.00000002
496	0.00000002
497	0.00000002
498	0.00000002
499	0.00000002
500	0.00000002
501	0.00000002
502	0.00000002
503	0.00000002
504	0.00000002
505	0.00000002
506	0.00000002
507	0.00000002
508	0.00000002
509	0.00000002
510	0.00000002
511	0.00000001
512	0.00000001
513	0.00000001
514	0.00000001
515	0.00000001
516	0.00000001
517	0.00000001
518	0.00000001
519	0.00000001
520	0.00000001
521	0.00000001
522	0.00000001
523	0.00000001
524	0.00000001
525	0.00000001
526	0.00000001
527	0.00000001
528	0.00000001
529	0.00000001
530	0.00000001
531	0.00000001
532	0.00000001
533	0.00000001
534	0.00000001
535	0.00000001
536	0.00000001
537	0.00000001
538	0.00000001
539	0.00000001
540	0.00000001
541	0.00000001
542	0.00000001
543	0.00000001
544	0.00000001
545	0.00000001
546	0.00000000
547	0.00000000
548	0.00000000
549	0.00000000
550	0.00000000
551	0.00000000
552	0.00000000
553	0.00000000
554	0.00000000
555	0.00000000
556	0.00000000
557	0.00000000
558	0.00000000
559	0.00000000
560	0.00000000
561	0.00000000
562	0.00000000
563	0.00000000
564	0.00000000
565	0.00000000
566	0.00000000
567	0.00000000
568	0.00000000
569	0.00000000
570	0.00000000
571	0.00000000
572	0.00000000
573	0.00000000
574	0.00000000
575	0.00000000
576	0.00000000
577	0.00000000
578	0.00000000
579	0.00000000
580	0.00000000
581	0.00000000
582	0.00000000
583	0.00000000
584	0.00000000
585	0.00000000
586	0.00000000
587	0.00000000
588	0.00000000
589	0.00000000
590	0.00000000
591	0.00000000
592	0.00000000
593	0.00000000
594	0.00000000
595	0.00000000
596	0.00000000
597	0.00000000
598	0.00000000
599	0.00000000
600	0.00000000
601	0.00000000
602	0.00000000
603	0.00000000
604	0.00000000
605	0.00000000
606	0.00000000
607	0.00000000
608	0.00000000
609	0.00000000
610	0.00000000
611	0.00000000
612	0.00000000
613	0.00000000
614	0.00000000
615	0.00000000
616	0.00000000
617	0.00000000
618	0.00000000
619	0.00000000
620	0.00000000
621	0.00000000
622	0.00000000
623	0.00000000
624	0.00000000
625	0.00000000
626	0.00000000
627	0.00000000
628	0.00000000
629	0.00000000
630	0.00000000
631	0.00000000
632	0.00000000
633	0.00000000
634	0.00000000
635	0.00000000
636	0.00000000
637	0.00000000
638	0.00000000
639	0.00000000
640	0.00000000
641	0.00000000
642	0.00000000
643	0.00000000
644	0.00000000
645	0.00000000
646	0.00000000
647	0.00000000
648	0.00000000
649	0.00000000
650	0.00000000
651	0.00000000
652	0.00000000
653	0.00000000
654	0.00000000
655	0.00000000
656	0.00000000
657	0.00000000
658	0.00000000
659	0.00000000
660	0.00000000
661	0.00000000
662	0.00000000
663	0.00000000
664	0.00000000
665	0.00000000
666	0.00000000
667	0.00000000
668	0.00000000
669	0.00000000
670	0.00000000
671	0.00000000
672	0.00000000
673	0.00000000
674	0.00000000
675	0.00000000
676	0.00000000
677	0.00000000
678	0.00000000
679	0.00000000
680	0.00000000
681	0.00000000
682	0.00000000
683	0.00000000
684	0.00000000
685	0.00000000
686	0.00000000
687	0.00000000
688	0.00000000
689	0.00000000
690	0.00000000
691	0.00000000
692	0.00000000
693	0.00000000
694	0.00000000
695	0.00000000
696	0.00000000
697	0.00000000
698	0.00000000
699	0.00000000
700	0.00000000
701	0.00000000
702	0.00000000
703	0.00000000
704	0.00000000
705	0.00000000
706	0.00000000
707	0.00000000
708	0.00000000
709	0.00000000
710	0.00000000
711	0.00000000
712	0.00000000
713	0.00000000
714	0.00000000
715	0.00000000
716	0.00000000
717	0.00000000
718	0.00000000
719	0.00000000
720	0.00000000
721	0.00000000
722	0.00000000
723	0.00000000
724	0.00000000
725	0.00000000
726	0.00000000
727	0.00000000
728	0.00000000
729	0.00000000
730	0.00000000
731	0.00000000
732	0.00000000
733	0.00000000
734	0.00000000
735	0.00000000
736	0.00000000
737	0.00000000
738	0.00000000
739	0.00000000
740	0.00000000
741	0.00000000
742	0.00000000
743	0.00000000
744	0.00000000
745	0.00000000
746	0.00000000
747	0.00000000
748	0.00000000
749	0.00000000
750	0.00000000
751	0.00000000
752	0.00000000
753	0.00000000
754	0.00000000
755	0.00000000
756	0.00000000
757	0.00000000
758	0.00000000
759	0.00000000
760	0.00000000
761	0.00000000
762	0.00000000
763	0.00000000
764	0.00000000
765	0.00000000
766	0.00000000
767	0.00000000
768	0.00000000
769	0.00000000
770	0.00000000
771	0.00000000
772	0.00000000
773	0.00000000
774	0.00000000
775	0.00000000
776	0.00000000
777	0.00000000
778	0.00000000
779	0.00000000
780	0.00000000
781	0.00000000
782	0.00000000
783	0.00000000
784	0.00000000
785	0.00000000
786	0.00000000
787	0.00000000
788	0.00000000
789	0.00000000
790	0.00000000
791	0.00000000
792	0.00000000
793	0.00000000
794	0.00000000
795	0.00000000
796	0.00000000
797	0.00000000
798	0.00000000
799	0.00000000
800	0.00000000
801	0.00000000
802	0.00000000
803	0.00000000
804	0.00000000
805	0.00000000
806	0.00000000
807	0.00000000
808	0.00000000
809	0.00000000
810	0.00000000
811	0.00000000
812	0.00000000
813	0.00000000
814	0.00000000
815	0.00000000
816	0.00000000
817	0.00000000
818	0.00000000
819	0.00000000
820	0.00000000
821	0.00000000
822	0.00000000
823	0.00000000
824	0.00000000
825	0.00000000
826	0.00000000
827	0.00000000
828	0.00000000
829	0.00000000
830	0.00000000
831	0.00000000
832	0.00000000
833	0.00000000
834	0.00000000
835	0.00000000
836	0.00000000
837	0.00000000
838	0.00000000
839	0.00000000
840	0.00000000
841	0.00000000
842	0.00000000
843	0.00000000
844	0.00000000
845	0.00000000
846	0.00000000
847	0.00000000
848	0.00000000
849	0.00000000
850	0.00000000
851	0.00000000
852	0.00000000
853	0.00000000
854	0.00000000
855	0.00000000
856	0.00000000
857	0.00000000
858	0.00000000
859	0.00000000
860	0.00000000
861	0.00000000
862	0.00000000
863	0.00000000
864	0.00000000
865	0.00000000
866	0.00000000
867	0.00000000
868	0.00000000
869	0.00000000
870	0.00000000
871	0.00000000
872	0.00000000
873	0.00000000
874	0.00000000
875	0.00000000
876	0.00000000
877	0.00000000
878	0.00000000
879	0.00000000
880	0.00000000
881	0.00000000
882	0.00000000
883	0.00000000
884	0.00000000
885	0.00000000
886	0.00000000
887	0.00000000
888	0.00000000
889	0.00000000
890	0.00000000
891	0.00000000
892	0.00000000
893	0.00000000
894	0.00000000
895	0.00000000
896	0.00000000
897	0.00000000
898	0.00000000
899	0.00000000
900	0.00000000
901	0.00000000
902	0.00000000
903	0.00000000
904	0.00000000
905	0.00000000
906	0.00000000
907	0.00000000
908	0.00000000
909	0.00000000
910	0.00000000
911	0.00000000
912	0.00000000
913	0.00000000
914	0.00000000
915	0.00000000
916	0.00000000
917	0.00000000
918	0.00000000
919	0.00000000
920	0.00000000
921	0.00000000
922	0.00000000
923	0.00000000
924	0.00000000
925	0.00000000
926	0.00000000
927	0.00000000
928	0.00000000
929	0.00000000
930	0.00000000
931	0.00000000
932	0.00000000
933	0.00000000
934	0.00000000
935	0.00000000
936	0.00000000
937	0.00000000
938	0.00000000
939	0.00000000
940	0.00000000
941	0.00000000
942	0.00000000
943	0.00000000
944	0.00000000
945	0.00000000
946	0.00000000
947	0.00000000
948	0.00000000
949	0.00000000
950	0.00000000
951	0.00000000
952	0.00000000
953	0.00000000
954	0.00000000
955	0.00000000
956	0.00000000
957	0.00000000
958	0.00000000
959	0.00000000
960	0.00000000
961	0.00000000
962	0.00000000
963	0.00000000
964	0.00000000
965	0.00000000
966	0.00000000
967	0.00000000
968	0.00000000
969	0.00000000
970	0.00000000
971	0.00000000
972	0.00000000
973	0.00000000
974	0.00000000
975	0.00000000
976	0.00000000
977	0.00000000
978	0.00000000
979	0.00000000
980	0.00000000
981	0.00000000
982	0.00000000
983	0.00000000
984	0.00000000
985	0.00000000
986	0.00000000
987	0.00000000
988	0.00000000
989	0.00000000
990	0.00000000
991	0.00000000
992	0.00000000
993	0.00000000
994	0.00000000
995	0.00000000
996	0.00000000
997	0.00000000
998	0.00000000
999	0.00000000
