0	0.00000000
1	0.00000000
2	0.00000000
3	0.00000000
4	0.00000000
5	0.00000000
6	0.00000000
7	0.00000000
8	0.00000000
9	0.00000000
10	0.00000000
11	0.00000000
12	0.00000000
13	0.00245336
14	0.01694369
15	0.01436417
16	0.02247792
17	0.02253193
18	0.03415017
19	0.04070592
20	0.04627467
21	0.04376425
22	0.04339766
23	0.03954543
24	0.03707787
25	0.03319013
26	0.03001567
27	0.02647706
28	0.02460567
29	0.02225016
30	0.02044969
31	0.01893787
32	0.01940561
33	0.02034650
34	0.02133209
35	0.02283534
36	0.02367859
37	0.02399814
38	0.02586435
39	0.02668629
40	0.02699775
41	0.02720952
42	0.02704544
43	0.02637451
44	0.02510080
45	0.02378663
46	0.02291993
47	0.02201402
48	0.02182696
49	0.02128700
50	0.02096760
51	0.02046359
52	0.02011127
53	0.01953225
54	0.01884811
55	0.01857207
56	0.01838147
57	0.01793157
58	0.01755237
59	0.01706091
60	0.01672136
61	0.01672447
62	0.01654152
63	0.01626833
64	0.01603506
65	0.01584339
66	0.01538827
67	0.01498409
68	0.01466605
69	0.01437951
70	0.01403442
71	0.01365556
72	0.01336614
73	0.01290030
74	0.01245414
75	0.01196964
76	0.01154460
77	0.01116698
78	0.01087209
79	0.01062239
80	0.01029854
81	0.01005546
82	0.00982870
83	0.00952482
84	0.00937515
85	0.00932759
86	0.00902011
87	0.00881515
88	0.00858780
89	0.00834509
90	0.00805164
91	0.00776652
92	0.00752346
93	0.00726344
94	0.00701620
95	0.00678266
96	0.00656696
97	0.00634757
98	0.00613704
99	0.00594151
100	0.00575159
101	0.00558522
102	0.00544188
103	0.00528257
104	0.00511890
105	0.00497098
106	0.00481726
107	0.00469103
108	0.00456426
109	0.00442425
110	0.00428015
111	0.00414419
112	0.00401916
113	0.00388879
114	0.00376471
115	0.00364556
116	0.00353068
117	0.00341979
118	0.00331336
119	0.00320919
120	0.00310800
121	0.00301077
122	0.00291646
123	0.00282524
124	0.00273849
125	0.00265604
126	0.00257274
127	0.00249398
128	0.00241548
129	0.00234099
130	0.00226831
131	0.00219862
132	0.00213074
133	0.00206478
134	0.00200074
135	0.00193873
136	0.00187857
137	0.00182027
138	0.00176374
139	0.00170897
140	0.00165587
141	0.00160443
142	0.00155458
143	0.00150627
144	0.00145946
145	0.00141411
146	0.00137017
147	0.00132760
148	0.00128637
149	0.00124643
150	0.00120773
151	0.00117024
152	0.00113391
153	0.00109871
154	0.00106461
155	0.00103156
156	0.00099954
157	0.00096852
158	0.00093846
159	0.00090934
160	0.00088111
161	0.00085377
162	0.00082727
163	0.00080159
164	0.00077671
165	0.00075260
166	0.00072923
167	0.00070660
168	0.00068466
169	0.00066340
170	0.00064281
171	0.00062285
172	0.00060352
173	0.00058478
174	0.00056663
175	0.00054904
176	0.00053199
177	0.00051548
178	0.00049948
179	0.00048397
180	0.00046895
181	0.00045439
182	0.00044028
183	0.00042662
184	0.00041337
185	0.00040054
186	0.00038811
187	0.00037606
188	0.00036438
189	0.00035307
190	0.00034211
191	0.00033149
192	0.00032120
193	0.00031123
194	0.00030157
195	0.00029221
196	0.00028314
197	0.00027435
198	0.00026583
199	0.00025758
200	0.00024958
201	0.00024183
202	0.00023433
203	0.00022705
204	0.00022000
205	0.00021318
206	0.00020656
207	0.00020014
208	0.00019393
209	0.00018791
210	0.00018208
211	0.00017643
212	0.00017095
213	0.00016564
214	0.00016050
215	0.00015552
216	0.00015069
217	0.00014601
218	0.00014148
219	0.00013709
220	0.00013283
221	0.00012871
222	0.00012471
223	0.00012084
224	0.00011709
225	0.00011346
226	0.00010993
227	0.00010652
228	0.00010321
229	0.00010001
230	0.00009691
231	0.00009390
232	0.00009098
233	0.00008816
234	0.00008542
235	0.00008277
236	0.00008020
237	0.00007771
238	0.00007530
239	0.00007296
240	0.00007070
241	0.00006850
242	0.00006637
243	0.00006431
244	0.00006232
245	0.00006038
246	0.00005851
247	0.00005669
248	0.00005493
249	0.00005323
250	0.00005157
251	0.00004997
252	0.00004842
253	0.00004692
254	0.00004546
255	0.00004405
256	0.00004268
257	0.00004136
258	0.00004007
259	0.00003883
260	0.00003763
261	0.00003646
262	0.00003533
263	0.00003423
264	0.00003317
265	0.00003214
266	0.00003114
267	0.00003017
268	0.00002924
269	0.00002833
270	0.00002745
271	0.00002660
272	0.00002577
273	0.00002497
274	0.00002420
275	0.00002344
276	0.00002272
277	0.00002201
278	0.00002133
279	0.00002067
280	0.00002002
281	0.00001940
282	0.00001880
283	0.00001822
284	0.00001765
285	0.00001710
286	0.00001657
287	0.00001606
288	0.00001556
289	0.00001508
290	0.00001461
291	0.00001416
292	0.00001372
293	0.00001329
294	0.00001288
295	0.00001248
296	0.00001209
297	0.00001172
298	0.00001135
299	0.00001100
300	0.00001066
301	0.00001033
302	0.00001001
303	0.00000970
304	0.00000939
305	0.00000910
306	0.00000882
307	0.00000855
308	0.00000828
309	0.00000802
310	0.00000778
311	0.00000753
312	0.00000730
313	0.00000707
314	0.00000685
315	0.00000664
316	0.00000643
317	0.00000624
318	0.00000604
319	0.00000585
320	0.00000567
321	0.00000550
322	0.00000533
323	0.00000516
324	0.00000500
325	0.00000484
326	0.00000469
327	0.00000455
328	0.00000441
329	0.00000427
330	0.00000414
331	0.00000401
332	0.00000389
333	0.00000376
334	0.00000365
335	0.00000353
336	0.00000342
337	0.00000332
338	0.00000322
339	0.00000312
340	0.00000302
341	0.00000293
342	0.00000283
343	0.00000275
344	0.00000266
345	0.00000258
346	0.00000250
347	0.00000242
348	0.00000235
349	0.00000227
350	0.00000220
351	0.00000213
352	0.00000207
353	0.00000200
354	0.00000194
355	0.00000188
356	0.00000182
357	0.00000177
358	0.00000171
359	0.00000166
360	0.00000161
361	0.00000156
362	0.00000151
363	0.00000146
364	0.00000142
365	0.00000137
366	0.00000133
367	0.00000129
368	0.00000125
369	0.00000121
370	0.00000117
371	0.00000114
372	0.00000110
373	0.00000107
374	0.00000103
375	0.00000100
376	0.00000097
377	0.00000094
378	0.00000091
379	0.00000088
380	0.00000086
381	0.00000083
382	0.00000080
383	0.00000078
384	0.00000075
385	0.00000073
386	0.00000071
387	0.00000069
388	0.00000066
389	0.00000064
390	0.00000062
391	0.00000060
392	0.00000059
393	0.00000057
394	0.00000055
395	0.00000053
396	0.00000052
397	0.00000050
398	0.00000048
399	0.00000047
400	0.00000046
401	0.00000044
402	0.00000043
403	0.00000041
404	0.00000040
405	0.00000039
406	0.00000038
407	0.00000036
408	0.00000035
409	0.00000034
410	0.00000033
411	0.00000032
412	0.00000031
413	0.00000030
414	0.00000029
415	0.00000028
416	0.00000027
417	0.00000027
418	0.00000026
419	0.00000025
420	0.00000024
421	0.00000023
422	0.00000023
423	0.00000022
424	0.00000021
425	0.00000021
426	0.00000020
427	0.00000019
428	0.00000019
429	0.00000018
430	0.00000018
431	0.00000017
432	0.00000017
433	0.00000016
434	0.00000016
435	0.00000015
436	0.00000015
437	0.00000014
438	0.00000014
439	0.00000013
440	0.00000013
441	0.00000012
442	0.00000012
443	0.00000012
444	0.00000011
445	0.00000011
446	0.00000011
447	0.00000010
448	0.00000010
449	0.00000010
450	0.00000009
451	0.00000009
452	0.00000009
453	0.00000009
454	0.00000008
455	0.00000008
456	0.00000008
457	0.00000008
458	0.00000007
459	0.00000007
460	0.00000007
461	0.00000007
462	0.00000006
463	0.00000006
464	0.00000006
465	0.00000006
466	0.00000006
467	0.00000006
468	0.00000005
469	0.00000005
470	0.00000005
471	0.00000005
472	0.00000005
473	0.00000005
474	0.00000004
475	0.00000004
476	0.00000004
477	0.00000004
478	0.00000004
479	0.00000004
480	0.00000004
481	0.00000004
482	0.00000003
483	0.00000003
484	0.00000003
485	0.00000003
486	0.00000003
487	0.00000003
488	0.00000003
489	0.00000003
490	0.00000003
491	0.00000003
492	0.00000003
493	0.00000002
494	0.00000002
495	0.00000002
496	0.00000002
497	0.00000002
498	0.00000002
499	0.00000002
500	0.00000002
501	0.00000002
502	0.00000002
503	0.00000002
504	0.00000002
505	0.00000002
506	0.00000002
507	0.00000002
508	0.00000002
509	0.00000001
510	0.00000001
511	0.00000001
512	0.00000001
513	0.00000001
514	0.00000001
515	0.00000001
516	0.00000001
517	0.00000001
518	0.00000001
519	0.00000001
520	0.00000001
521	0.00000001
522	0.00000001
523	0.00000001
524	0.00000001
525	0.00000001
526	0.00000001
527	0.00000001
528	0.00000001
529	0.00000001
530	0.00000001
531	0.00000001
532	0.00000001
533	0.00000001
534	0.00000001
535	0.00000001
536	0.00000001
537	0.00000001
538	0.00000001
539	0.00000001
540	0.00000001
541	0.00000001
542	0.00000001
543	0.00000001
544	0.00000000
545	0.00000000
546	0.00000000
547	0.00000000
548	0.00000000
549	0.00000000
550	0.00000000
551	0.00000000
552	0.00000000
553	0.00000000
554	0.00000000
555	0.00000000
556	0.00000000
557	0.00000000
558	0.00000000
559	0.00000000
560	0.00000000
561	0.00000000
562	0.00000000
563	0.00000000
564	0.00000000
565	0.00000000
566	0.00000000
567	0.00000000
568	0.00000000
569	0.00000000
570	0.00000000
571	0.00000000
572	0.00000000
573	0.00000000
574	0.00000000
575	0.00000000
576	0.00000000
577	0.00000000
578	0.00000000
579	0.00000000
580	0.00000000
581	0.00000000
582	0.00000000
583	0.00000000
584	0.00000000
585	0.00000000
586	0.00000000
587	0.00000000
588	0.00000000
589	0.00000000
590	0.00000000
591	0.00000000
592	0.00000000
593	0.00000000
594	0.00000000
595	0.00000000
596	0.00000000
597	0.00000000
598	0.00000000
599	0.00000000
600	0.00000000
601	0.00000000
602	0.00000000
603	0.00000000
604	0.00000000
605	0.00000000
606	0.00000000
607	0.00000000
608	0.00000000
609	0.00000000
610	0.00000000
611	0.00000000
612	0.00000000
613	0.00000000
614	0.00000000
615	0.00000000
616	0.00000000
617	0.00000000
618	0.00000000
619	0.00000000
620	0.00000000
621	0.00000000
622	0.00000000
623	0.00000000
624	0.00000000
625	0.00000000
626	0.00000000
627	0.00000000
628	0.00000000
629	0.00000000
630	0.00000000
631	0.00000000
632	0.00000000
633	0.00000000
634	0.00000000
635	0.00000000
636	0.00000000
637	0.00000000
638	0.00000000
639	0.00000000
640	0.00000000
641	0.00000000
642	0.00000000
643	0.00000000
644	0.00000000
645	0.00000000
646	0.00000000
647	0.00000000
648	0.00000000
649	0.00000000
650	0.00000000
651	0.00000000
652	0.00000000
653	0.00000000
654	0.00000000
655	0.00000000
656	0.00000000
657	0.00000000
658	0.00000000
659	0.00000000
660	0.00000000
661	0.00000000
662	0.00000000
663	0.00000000
664	0.00000000
665	0.00000000
666	0.00000000
667	0.00000000
668	0.00000000
669	0.00000000
670	0.00000000
671	0.00000000
672	0.00000000
673	0.00000000
674	0.00000000
675	0.00000000
676	0.00000000
677	0.00000000
678	0.00000000
679	0.00000000
680	0.00000000
681	0.00000000
682	0.00000000
683	0.00000000
684	0.00000000
685	0.00000000
686	0.00000000
687	0.00000000
688	0.00000000
689	0.00000000
690	0.00000000
691	0.00000000
692	0.00000000
693	0.00000000
694	0.00000000
695	0.00000000
696	0.00000000
697	0.00000000
698	0.00000000
699	0.00000000
700	0.00000000
701	0.00000000
702	0.00000000
703	0.00000000
704	0.00000000
705	0.00000000
706	0.00000000
707	0.00000000
708	0.00000000
709	0.00000000
710	0.00000000
711	0.00000000
712	0.00000000
713	0.00000000
714	0.00000000
715	0.00000000
716	0.00000000
717	0.00000000
718	0.00000000
719	0.00000000
720	0.00000000
721	0.00000000
722	0.00000000
723	0.00000000
724	0.00000000
725	0.00000000
726	0.00000000
727	0.00000000
728	0.00000000
729	0.00000000
730	0.00000000
731	0.00000000
732	0.00000000
733	0.00000000
734	0.00000000
735	0.00000000
736	0.00000000
737	0.00000000
738	0.00000000
739	0.00000000
740	0.00000000
741	0.00000000
742	0.00000000
743	0.00000000
744	0.00000000
745	0.00000000
746	0.00000000
747	0.00000000
748	0.00000000
749	0.00000000
750	0.00000000
751	0.00000000
752	0.00000000
753	0.00000000
754	0.00000000
755	0.00000000
756	0.00000000
757	0.00000000
758	0.00000000
759	0.00000000
760	0.00000000
761	0.00000000
762	0.00000000
763	0.00000000
764	0.00000000
765	0.00000000
766	0.00000000
767	0.00000000
768	0.00000000
769	0.00000000
770	0.00000000
771	0.00000000
772	0.00000000
773	0.00000000
774	0.00000000
775	0.00000000
776	0.00000000
777	0.00000000
778	0.00000000
779	0.00000000
780	0.00000000
781	0.00000000
782	0.00000000
783	0.00000000
784	0.00000000
785	0.00000000
786	0.00000000
787	0.00000000
788	0.00000000
789	0.00000000
790	0.00000000
791	0.00000000
792	0.00000000
793	0.00000000
794	0.00000000
795	0.00000000
796	0.00000000
797	0.00000000
798	0.00000000
799	0.00000000
800	0.00000000
801	0.00000000
802	0.00000000
803	0.00000000
804	0.00000000
805	0.00000000
806	0.00000000
807	0.00000000
808	0.00000000
809	0.00000000
810	0.00000000
811	0.00000000
812	0.00000000
813	0.00000000
814	0.00000000
815	0.00000000
816	0.00000000
817	0.00000000
818	0.00000000
819	0.00000000
820	0.00000000
821	0.00000000
822	0.00000000
823	0.00000000
824	0.00000000
825	0.00000000
826	0.00000000
827	0.00000000
828	0.00000000
829	0.00000000
830	0.00000000
831	0.00000000
832	0.00000000
833	0.00000000
834	0.00000000
835	0.00000000
836	0.00000000
837	0.00000000
838	0.00000000
839	0.00000000
840	0.00000000
841	0.00000000
842	0.00000000
843	0.00000000
844	0.00000000
845	0.00000000
846	0.00000000
847	0.00000000
848	0.00000000
849	0.00000000
850	0.00000000
851	0.00000000
852	0.00000000
853	0.00000000
854	0.00000000
855	0.00000000
856	0.00000000
857	0.00000000
858	0.00000000
859	0.00000000
860	0.00000000
861	0.00000000
862	0.00000000
863	0.00000000
864	0.00000000
865	0.00000000
866	0.00000000
867	0.00000000
868	0.00000000
869	0.00000000
870	0.00000000
871	0.00000000
872	0.00000000
873	0.00000000
874	0.00000000
875	0.00000000
876	0.00000000
877	0.00000000
878	0.00000000
879	0.00000000
880	0.00000000
881	0.00000000
882	0.00000000
883	0.00000000
884	0.00000000
885	0.00000000
886	0.00000000
887	0.00000000
888	0.00000000
889	0.00000000
890	0.00000000
891	0.00000000
892	0.00000000
893	0.00000000
894	0.00000000
895	0.00000000
896	0.00000000
897	0.00000000
898	0.00000000
899	0.00000000
900	0.00000000
901	0.00000000
902	0.00000000
903	0.00000000
904	0.00000000
905	0.00000000
906	0.00000000
907	0.00000000
908	0.00000000
909	0.00000000
910	0.00000000
911	0.00000000
912	0.00000000
913	0.00000000
914	0.00000000
915	0.00000000
916	0.00000000
917	0.00000000
918	0.00000000
919	0.00000000
920	0.00000000
921	0.00000000
922	0.00000000
923	0.00000000
924	0.00000000
925	0.00000000
926	0.00000000
927	0.00000000
928	0.00000000
929	0.00000000
930	0.00000000
931	0.00000000
932	0.00000000
933	0.00000000
934	0.00000000
935	0.00000000
936	0.00000000
937	0.00000000
938	0.00000000
939	0.00000000
940	0.00000000
941	0.00000000
942	0.00000000
943	0.00000000
944	0.00000000
945	0.00000000
946	0.00000000
947	0.00000000
948	0.00000000
949	0.00000000
950	0.00000000
951	0.00000000
952	0.00000000
953	0.00000000
954	0.00000000
955	0.00000000
956	0.00000000
957	0.00000000
958	0.00000000
959	0.00000000
960	0.00000000
961	0.00000000
962	0.00000000
963	0.00000000
964	0.00000000
965	0.00000000
966	0.00000000
967	0.00000000
968	0.00000000
969	0.00000000
970	0.00000000
971	0.00000000
972	0.00000000
973	0.00000000
974	0.00000000
975	0.00000000
976	0.00000000
977	0.00000000
978	0.00000000
979	0.00000000
980	0.00000000
981	0.00000000
982	0.00000000
983	0.00000000
984	0.00000000
985	0.00000000
986	0.00000000
987	0.00000000
988	0.00000000
989	0.00000000
990	0.00000000
991	0.00000000
992	0.00000000
993	0.00000000
994	0.00000000
995	0.00000000
996	0.00000000
997	0.00000000
998	0.00000000
999	0.00000000
