0	0.00000000
1	0.00000000
2	0.00000000
3	0.00000000
4	0.00000000
5	0.00000000
6	0.00000000
7	0.00000000
8	0.00000000
9	0.00000000
10	0.00000000
11	0.00000000
12	0.00000000
13	0.00268726
14	0.01848715
15	0.01562801
16	0.02342722
17	0.02396908
18	0.03497370
19	0.04119237
20	0.04596361
21	0.04334486
22	0.04199959
23	0.03819872
24	0.03575886
25	0.03215924
26	0.02926143
27	0.02600955
28	0.02440763
29	0.02217006
30	0.02047556
31	0.01904457
32	0.01974409
33	0.02091321
34	0.02203919
35	0.02369424
36	0.02450834
37	0.02473941
38	0.02608272
39	0.02690550
40	0.02686296
41	0.02689225
42	0.02678077
43	0.02612350
44	0.02498650
45	0.02387376
46	0.02308693
47	0.02223503
48	0.02206076
49	0.02158514
50	0.02117005
51	0.02071666
52	0.02021590
53	0.01959593
54	0.01888828
55	0.01869852
56	0.01856446
57	0.01817660
58	0.01781910
59	0.01732088
60	0.01694708
61	0.01686007
62	0.01664878
63	0.01635306
64	0.01612241
65	0.01597221
66	0.01553302
67	0.01514270
68	0.01481783
69	0.01451894
70	0.01414687
71	0.01376321
72	0.01344452
73	0.01299490
74	0.01256162
75	0.01207454
76	0.01166265
77	0.01129156
78	0.01100423
79	0.01077170
80	0.01044303
81	0.01020077
82	0.00996087
83	0.00965306
84	0.00947824
85	0.00941049
86	0.00911052
87	0.00891380
88	0.00866415
89	0.00842795
90	0.00814236
91	0.00785232
92	0.00760531
93	0.00734783
94	0.00709438
95	0.00686125
96	0.00664416
97	0.00642556
98	0.00621043
99	0.00601185
100	0.00582062
101	0.00565314
102	0.00551045
103	0.00535286
104	0.00518541
105	0.00503602
106	0.00488098
107	0.00474517
108	0.00461532
109	0.00447856
110	0.00432884
111	0.00419531
112	0.00406714
113	0.00393510
114	0.00380988
115	0.00368964
116	0.00357311
117	0.00346100
118	0.00335290
119	0.00324826
120	0.00314557
121	0.00304717
122	0.00295177
123	0.00285945
124	0.00277196
125	0.00268849
126	0.00260428
127	0.00252476
128	0.00244514
129	0.00236976
130	0.00229611
131	0.00222545
132	0.00215673
133	0.00208997
134	0.00202513
135	0.00196236
136	0.00190147
137	0.00184245
138	0.00178523
139	0.00172978
140	0.00167604
141	0.00162396
142	0.00157350
143	0.00152461
144	0.00147723
145	0.00143133
146	0.00138685
147	0.00134376
148	0.00130203
149	0.00126161
150	0.00122245
151	0.00118450
152	0.00114773
153	0.00111210
154	0.00107758
155	0.00104413
156	0.00101173
157	0.00098033
158	0.00094990
159	0.00092042
160	0.00089185
161	0.00086417
162	0.00083735
163	0.00081136
164	0.00078617
165	0.00076177
166	0.00073812
167	0.00071520
168	0.00069300
169	0.00067149
170	0.00065064
171	0.00063044
172	0.00061087
173	0.00059191
174	0.00057353
175	0.00055573
176	0.00053847
177	0.00052176
178	0.00050556
179	0.00048987
180	0.00047466
181	0.00045993
182	0.00044565
183	0.00043181
184	0.00041841
185	0.00040542
186	0.00039284
187	0.00038064
188	0.00036882
189	0.00035738
190	0.00034628
191	0.00033553
192	0.00032512
193	0.00031502
194	0.00030524
195	0.00029577
196	0.00028659
197	0.00027769
198	0.00026907
199	0.00026072
200	0.00025262
201	0.00024478
202	0.00023718
203	0.00022982
204	0.00022269
205	0.00021577
206	0.00020907
207	0.00020258
208	0.00019629
209	0.00019020
210	0.00018430
211	0.00017858
212	0.00017303
213	0.00016766
214	0.00016246
215	0.00015741
216	0.00015253
217	0.00014779
218	0.00014320
219	0.00013876
220	0.00013445
221	0.00013028
222	0.00012623
223	0.00012231
224	0.00011852
225	0.00011484
226	0.00011127
227	0.00010782
228	0.00010447
229	0.00010123
230	0.00009809
231	0.00009504
232	0.00009209
233	0.00008923
234	0.00008646
235	0.00008378
236	0.00008118
237	0.00007866
238	0.00007622
239	0.00007385
240	0.00007156
241	0.00006934
242	0.00006718
243	0.00006510
244	0.00006308
245	0.00006112
246	0.00005922
247	0.00005738
248	0.00005560
249	0.00005388
250	0.00005220
251	0.00005058
252	0.00004901
253	0.00004749
254	0.00004602
255	0.00004459
256	0.00004320
257	0.00004186
258	0.00004056
259	0.00003930
260	0.00003808
261	0.00003690
262	0.00003576
263	0.00003465
264	0.00003357
265	0.00003253
266	0.00003152
267	0.00003054
268	0.00002959
269	0.00002867
270	0.00002778
271	0.00002692
272	0.00002609
273	0.00002528
274	0.00002449
275	0.00002373
276	0.00002299
277	0.00002228
278	0.00002159
279	0.00002092
280	0.00002027
281	0.00001964
282	0.00001903
283	0.00001844
284	0.00001787
285	0.00001731
286	0.00001677
287	0.00001625
288	0.00001575
289	0.00001526
290	0.00001479
291	0.00001433
292	0.00001388
293	0.00001345
294	0.00001303
295	0.00001263
296	0.00001224
297	0.00001186
298	0.00001149
299	0.00001113
300	0.00001079
301	0.00001045
302	0.00001013
303	0.00000981
304	0.00000951
305	0.00000921
306	0.00000893
307	0.00000865
308	0.00000838
309	0.00000812
310	0.00000787
311	0.00000763
312	0.00000739
313	0.00000716
314	0.00000694
315	0.00000672
316	0.00000651
317	0.00000631
318	0.00000612
319	0.00000593
320	0.00000574
321	0.00000556
322	0.00000539
323	0.00000522
324	0.00000506
325	0.00000490
326	0.00000475
327	0.00000460
328	0.00000446
329	0.00000432
330	0.00000419
331	0.00000406
332	0.00000393
333	0.00000381
334	0.00000369
335	0.00000358
336	0.00000347
337	0.00000336
338	0.00000325
339	0.00000315
340	0.00000306
341	0.00000296
342	0.00000287
343	0.00000278
344	0.00000269
345	0.00000261
346	0.00000253
347	0.00000245
348	0.00000237
349	0.00000230
350	0.00000223
351	0.00000216
352	0.00000209
353	0.00000203
354	0.00000196
355	0.00000190
356	0.00000184
357	0.00000179
358	0.00000173
359	0.00000168
360	0.00000163
361	0.00000158
362	0.00000153
363	0.00000148
364	0.00000143
365	0.00000139
366	0.00000135
367	0.00000130
368	0.00000126
369	0.00000122
370	0.00000119
371	0.00000115
372	0.00000111
373	0.00000108
374	0.00000105
375	0.00000101
376	0.00000098
377	0.00000095
378	0.00000092
379	0.00000089
380	0.00000087
381	0.00000084
382	0.00000081
383	0.00000079
384	0.00000076
385	0.00000074
386	0.00000072
387	0.00000069
388	0.00000067
389	0.00000065
390	0.00000063
391	0.00000061
392	0.00000059
393	0.00000057
394	0.00000056
395	0.00000054
396	0.00000052
397	0.00000051
398	0.00000049
399	0.00000048
400	0.00000046
401	0.00000045
402	0.00000043
403	0.00000042
404	0.00000041
405	0.00000039
406	0.00000038
407	0.00000037
408	0.00000036
409	0.00000035
410	0.00000034
411	0.00000033
412	0.00000032
413	0.00000031
414	0.00000030
415	0.00000029
416	0.00000028
417	0.00000027
418	0.00000026
419	0.00000025
420	0.00000025
421	0.00000024
422	0.00000023
423	0.00000022
424	0.00000022
425	0.00000021
426	0.00000020
427	0.00000020
428	0.00000019
429	0.00000018
430	0.00000018
431	0.00000017
432	0.00000017
433	0.00000016
434	0.00000016
435	0.00000015
436	0.00000015
437	0.00000014
438	0.00000014
439	0.00000013
440	0.00000013
441	0.00000013
442	0.00000012
443	0.00000012
444	0.00000012
445	0.00000011
446	0.00000011
447	0.00000010
448	0.00000010
449	0.00000010
450	0.00000010
451	0.00000009
452	0.00000009
453	0.00000009
454	0.00000008
455	0.00000008
456	0.00000008
457	0.00000008
458	0.00000007
459	0.00000007
460	0.00000007
461	0.00000007
462	0.00000007
463	0.00000006
464	0.00000006
465	0.00000006
466	0.00000006
467	0.00000006
468	0.00000005
469	0.00000005
470	0.00000005
471	0.00000005
472	0.00000005
473	0.00000005
474	0.00000004
475	0.00000004
476	0.00000004
477	0.00000004
478	0.00000004
479	0.00000004
480	0.00000004
481	0.00000004
482	0.00000003
483	0.00000003
484	0.00000003
485	0.00000003
486	0.00000003
487	0.00000003
488	0.00000003
489	0.00000003
490	0.00000003
491	0.00000003
492	0.00000003
493	0.00000002
494	0.00000002
495	0.00000002
496	0.00000002
497	0.00000002
498	0.00000002
499	0.00000002
500	0.00000002
501	0.00000002
502	0.00000002
503	0.00000002
504	0.00000002
505	0.00000002
506	0.00000002
507	0.00000002
508	0.00000002
509	0.00000001
510	0.00000001
511	0.00000001
512	0.00000001
513	0.00000001
514	0.00000001
515	0.00000001
516	0.00000001
517	0.00000001
518	0.00000001
519	0.00000001
520	0.00000001
521	0.00000001
522	0.00000001
523	0.00000001
524	0.00000001
525	0.00000001
526	0.00000001
527	0.00000001
528	0.00000001
529	0.00000001
530	0.00000001
531	0.00000001
532	0.00000001
533	0.00000001
534	0.00000001
535	0.00000001
536	0.00000001
537	0.00000001
538	0.00000001
539	0.00000001
540	0.00000001
541	0.00000001
542	0.00000001
543	0.00000001
544	0.00000000
545	0.00000000
546	0.00000000
547	0.00000000
548	0.00000000
549	0.00000000
550	0.00000000
551	0.00000000
552	0.00000000
553	0.00000000
554	0.00000000
555	0.00000000
556	0.00000000
557	0.00000000
558	0.00000000
559	0.00000000
560	0.00000000
561	0.00000000
562	0.00000000
563	0.00000000
564	0.00000000
565	0.00000000
566	0.00000000
567	0.00000000
568	0.00000000
569	0.00000000
570	0.00000000
571	0.00000000
572	0.00000000
573	0.00000000
574	0.00000000
575	0.00000000
576	0.00000000
577	0.00000000
578	0.00000000
579	0.00000000
580	0.00000000
581	0.00000000
582	0.00000000
583	0.00000000
584	0.00000000
585	0.00000000
586	0.00000000
587	0.00000000
588	0.00000000
589	0.00000000
590	0.00000000
591	0.00000000
592	0.00000000
593	0.00000000
594	0.00000000
595	0.00000000
596	0.00000000
597	0.00000000
598	0.00000000
599	0.00000000
600	0.00000000
601	0.00000000
602	0.00000000
603	0.00000000
604	0.00000000
605	0.00000000
606	0.00000000
607	0.00000000
608	0.00000000
609	0.00000000
610	0.00000000
611	0.00000000
612	0.00000000
613	0.00000000
614	0.00000000
615	0.00000000
616	0.00000000
617	0.00000000
618	0.00000000
619	0.00000000
620	0.00000000
621	0.00000000
622	0.00000000
623	0.00000000
624	0.00000000
625	0.00000000
626	0.00000000
627	0.00000000
628	0.00000000
629	0.00000000
630	0.00000000
631	0.00000000
632	0.00000000
633	0.00000000
634	0.00000000
635	0.00000000
636	0.00000000
637	0.00000000
638	0.00000000
639	0.00000000
640	0.00000000
641	0.00000000
642	0.00000000
643	0.00000000
644	0.00000000
645	0.00000000
646	0.00000000
647	0.00000000
648	0.00000000
649	0.00000000
650	0.00000000
651	0.00000000
652	0.00000000
653	0.00000000
654	0.00000000
655	0.00000000
656	0.00000000
657	0.00000000
658	0.00000000
659	0.00000000
660	0.00000000
661	0.00000000
662	0.00000000
663	0.00000000
664	0.00000000
665	0.00000000
666	0.00000000
667	0.00000000
668	0.00000000
669	0.00000000
670	0.00000000
671	0.00000000
672	0.00000000
673	0.00000000
674	0.00000000
675	0.00000000
676	0.00000000
677	0.00000000
678	0.00000000
679	0.00000000
680	0.00000000
681	0.00000000
682	0.00000000
683	0.00000000
684	0.00000000
685	0.00000000
686	0.00000000
687	0.00000000
688	0.00000000
689	0.00000000
690	0.00000000
691	0.00000000
692	0.00000000
693	0.00000000
694	0.00000000
695	0.00000000
696	0.00000000
697	0.00000000
698	0.00000000
699	0.00000000
700	0.00000000
701	0.00000000
702	0.00000000
703	0.00000000
704	0.00000000
705	0.00000000
706	0.00000000
707	0.00000000
708	0.00000000
709	0.00000000
710	0.00000000
711	0.00000000
712	0.00000000
713	0.00000000
714	0.00000000
715	0.00000000
716	0.00000000
717	0.00000000
718	0.00000000
719	0.00000000
720	0.00000000
721	0.00000000
722	0.00000000
723	0.00000000
724	0.00000000
725	0.00000000
726	0.00000000
727	0.00000000
728	0.00000000
729	0.00000000
730	0.00000000
731	0.00000000
732	0.00000000
733	0.00000000
734	0.00000000
735	0.00000000
736	0.00000000
737	0.00000000
738	0.00000000
739	0.00000000
740	0.00000000
741	0.00000000
742	0.00000000
743	0.00000000
744	0.00000000
745	0.00000000
746	0.00000000
747	0.00000000
748	0.00000000
749	0.00000000
750	0.00000000
751	0.00000000
752	0.00000000
753	0.00000000
754	0.00000000
755	0.00000000
756	0.00000000
757	0.00000000
758	0.00000000
759	0.00000000
760	0.00000000
761	0.00000000
762	0.00000000
763	0.00000000
764	0.00000000
765	0.00000000
766	0.00000000
767	0.00000000
768	0.00000000
769	0.00000000
770	0.00000000
771	0.00000000
772	0.00000000
773	0.00000000
774	0.00000000
775	0.00000000
776	0.00000000
777	0.00000000
778	0.00000000
779	0.00000000
780	0.00000000
781	0.00000000
782	0.00000000
783	0.00000000
784	0.00000000
785	0.00000000
786	0.00000000
787	0.00000000
788	0.00000000
789	0.00000000
790	0.00000000
791	0.00000000
792	0.00000000
793	0.00000000
794	0.00000000
795	0.00000000
796	0.00000000
797	0.00000000
798	0.00000000
799	0.00000000
800	0.00000000
801	0.00000000
802	0.00000000
803	0.00000000
804	0.00000000
805	0.00000000
806	0.00000000
807	0.00000000
808	0.00000000
809	0.00000000
810	0.00000000
811	0.00000000
812	0.00000000
813	0.00000000
814	0.00000000
815	0.00000000
816	0.00000000
817	0.00000000
818	0.00000000
819	0.00000000
820	0.00000000
821	0.00000000
822	0.00000000
823	0.00000000
824	0.00000000
825	0.00000000
826	0.00000000
827	0.00000000
828	0.00000000
829	0.00000000
830	0.00000000
831	0.00000000
832	0.00000000
833	0.00000000
834	0.00000000
835	0.00000000
836	0.00000000
837	0.00000000
838	0.00000000
839	0.00000000
840	0.00000000
841	0.00000000
842	0.00000000
843	0.00000000
844	0.00000000
845	0.00000000
846	0.00000000
847	0.00000000
848	0.00000000
849	0.00000000
850	0.00000000
851	0.00000000
852	0.00000000
853	0.00000000
854	0.00000000
855	0.00000000
856	0.00000000
857	0.00000000
858	0.00000000
859	0.00000000
860	0.00000000
861	0.00000000
862	0.00000000
863	0.00000000
864	0.00000000
865	0.00000000
866	0.00000000
867	0.00000000
868	0.00000000
869	0.00000000
870	0.00000000
871	0.00000000
872	0.00000000
873	0.00000000
874	0.00000000
875	0.00000000
876	0.00000000
877	0.00000000
878	0.00000000
879	0.00000000
880	0.00000000
881	0.00000000
882	0.00000000
883	0.00000000
884	0.00000000
885	0.00000000
886	0.00000000
887	0.00000000
888	0.00000000
889	0.00000000
890	0.00000000
891	0.00000000
892	0.00000000
893	0.00000000
894	0.00000000
895	0.00000000
896	0.00000000
897	0.00000000
898	0.00000000
899	0.00000000
900	0.00000000
901	0.00000000
902	0.00000000
903	0.00000000
904	0.00000000
905	0.00000000
906	0.00000000
907	0.00000000
908	0.00000000
909	0.00000000
910	0.00000000
911	0.00000000
912	0.00000000
913	0.00000000
914	0.00000000
915	0.00000000
916	0.00000000
917	0.00000000
918	0.00000000
919	0.00000000
920	0.00000000
921	0.00000000
922	0.00000000
923	0.00000000
924	0.00000000
925	0.00000000
926	0.00000000
927	0.00000000
928	0.00000000
929	0.00000000
930	0.00000000
931	0.00000000
932	0.00000000
933	0.00000000
934	0.00000000
935	0.00000000
936	0.00000000
937	0.00000000
938	0.00000000
939	0.00000000
940	0.00000000
941	0.00000000
942	0.00000000
943	0.00000000
944	0.00000000
945	0.00000000
946	0.00000000
947	0.00000000
948	0.00000000
949	0.00000000
950	0.00000000
951	0.00000000
952	0.00000000
953	0.00000000
954	0.00000000
955	0.00000000
956	0.00000000
957	0.00000000
958	0.00000000
959	0.00000000
960	0.00000000
961	0.00000000
962	0.00000000
963	0.00000000
964	0.00000000
965	0.00000000
966	0.00000000
967	0.00000000
968	0.00000000
969	0.00000000
970	0.00000000
971	0.00000000
972	0.00000000
973	0.00000000
974	0.00000000
975	0.00000000
976	0.00000000
977	0.00000000
978	0.00000000
979	0.00000000
980	0.00000000
981	0.00000000
982	0.00000000
983	0.00000000
984	0.00000000
985	0.00000000
986	0.00000000
987	0.00000000
988	0.00000000
989	0.00000000
990	0.00000000
991	0.00000000
992	0.00000000
993	0.00000000
994	0.00000000
995	0.00000000
996	0.00000000
997	0.00000000
998	0.00000000
999	0.00000000
