0	0.00000000
1	0.00000000
2	0.00000000
3	0.00000000
4	0.00000000
5	0.00000000
6	0.00000000
7	0.00000000
8	0.00000000
9	0.00000000
10	0.00000000
11	0.00000000
12	0.00000000
13	0.00530460
14	0.03581089
15	0.02968132
16	0.03398356
17	0.03005544
18	0.03604645
19	0.03997261
20	0.04258766
21	0.03942588
22	0.03607875
23	0.03180347
24	0.02877471
25	0.02595200
26	0.02381836
27	0.02190692
28	0.02109483
29	0.01986929
30	0.01885935
31	0.01832234
32	0.02129824
33	0.02437742
34	0.02557153
35	0.02788556
36	0.02896861
37	0.02845275
38	0.02758336
39	0.02755887
40	0.02651943
41	0.02616095
42	0.02563695
43	0.02517773
44	0.02459255
45	0.02420838
46	0.02384814
47	0.02321088
48	0.02295144
49	0.02244538
50	0.02176075
51	0.02133858
52	0.02049324
53	0.01989949
54	0.01923597
55	0.01934057
56	0.01948029
57	0.01925381
58	0.01908315
59	0.01861036
60	0.01808991
61	0.01755112
62	0.01713115
63	0.01691582
64	0.01671170
65	0.01662706
66	0.01628927
67	0.01588983
68	0.01550862
69	0.01510561
70	0.01471304
71	0.01426557
72	0.01392333
73	0.01346066
74	0.01304427
75	0.01254000
76	0.01216979
77	0.01182483
78	0.01163939
79	0.01146228
80	0.01115545
81	0.01090795
82	0.01066110
83	0.01032821
84	0.01009148
85	0.00987822
86	0.00960938
87	0.00938233
88	0.00908189
89	0.00884526
90	0.00855026
91	0.00828982
92	0.00801469
93	0.00775303
94	0.00749419
95	0.00725385
96	0.00702901
97	0.00679682
98	0.00656907
99	0.00636159
100	0.00616401
101	0.00599520
102	0.00585898
103	0.00571091
104	0.00553002
105	0.00537306
106	0.00520866
107	0.00504079
108	0.00488392
109	0.00473825
110	0.00458258
111	0.00444682
112	0.00431142
113	0.00417600
114	0.00404035
115	0.00391368
116	0.00378924
117	0.00367049
118	0.00355539
119	0.00344527
120	0.00333619
121	0.00323200
122	0.00313105
123	0.00303328
124	0.00294166
125	0.00285460
126	0.00276562
127	0.00268212
128	0.00259655
129	0.00251687
130	0.00243815
131	0.00236260
132	0.00228933
133	0.00221844
134	0.00214962
135	0.00208295
136	0.00201832
137	0.00195566
138	0.00189488
139	0.00183597
140	0.00177889
141	0.00172360
142	0.00167002
143	0.00161811
144	0.00156782
145	0.00151910
146	0.00147189
147	0.00142616
148	0.00138190
149	0.00133903
150	0.00129748
151	0.00125722
152	0.00121821
153	0.00118040
154	0.00114377
155	0.00110827
156	0.00107387
157	0.00104054
158	0.00100824
159	0.00097695
160	0.00094662
161	0.00091724
162	0.00088877
163	0.00086118
164	0.00083445
165	0.00080854
166	0.00078344
167	0.00075912
168	0.00073555
169	0.00071272
170	0.00069059
171	0.00066915
172	0.00064838
173	0.00062825
174	0.00060875
175	0.00058985
176	0.00057154
177	0.00055379
178	0.00053660
179	0.00051995
180	0.00050380
181	0.00048817
182	0.00047301
183	0.00045833
184	0.00044410
185	0.00043031
186	0.00041696
187	0.00040401
188	0.00039147
189	0.00037932
190	0.00036754
191	0.00035613
192	0.00034508
193	0.00033437
194	0.00032399
195	0.00031393
196	0.00030418
197	0.00029474
198	0.00028559
199	0.00027673
200	0.00026813
201	0.00025981
202	0.00025175
203	0.00024393
204	0.00023636
205	0.00022902
206	0.00022191
207	0.00021502
208	0.00020835
209	0.00020188
210	0.00019561
211	0.00018954
212	0.00018366
213	0.00017796
214	0.00017243
215	0.00016708
216	0.00016189
217	0.00015687
218	0.00015200
219	0.00014728
220	0.00014271
221	0.00013828
222	0.00013398
223	0.00012982
224	0.00012579
225	0.00012189
226	0.00011811
227	0.00011444
228	0.00011089
229	0.00010744
230	0.00010411
231	0.00010088
232	0.00009775
233	0.00009471
234	0.00009177
235	0.00008892
236	0.00008616
237	0.00008349
238	0.00008090
239	0.00007838
240	0.00007595
241	0.00007359
242	0.00007131
243	0.00006909
244	0.00006695
245	0.00006487
246	0.00006286
247	0.00006091
248	0.00005902
249	0.00005718
250	0.00005541
251	0.00005369
252	0.00005202
253	0.00005041
254	0.00004884
255	0.00004733
256	0.00004586
257	0.00004443
258	0.00004305
259	0.00004172
260	0.00004042
261	0.00003917
262	0.00003795
263	0.00003677
264	0.00003563
265	0.00003453
266	0.00003345
267	0.00003242
268	0.00003141
269	0.00003043
270	0.00002949
271	0.00002857
272	0.00002769
273	0.00002683
274	0.00002599
275	0.00002519
276	0.00002441
277	0.00002365
278	0.00002291
279	0.00002220
280	0.00002151
281	0.00002085
282	0.00002020
283	0.00001957
284	0.00001896
285	0.00001838
286	0.00001780
287	0.00001725
288	0.00001672
289	0.00001620
290	0.00001569
291	0.00001521
292	0.00001474
293	0.00001428
294	0.00001383
295	0.00001341
296	0.00001299
297	0.00001259
298	0.00001220
299	0.00001182
300	0.00001145
301	0.00001109
302	0.00001075
303	0.00001042
304	0.00001009
305	0.00000978
306	0.00000948
307	0.00000918
308	0.00000890
309	0.00000862
310	0.00000835
311	0.00000809
312	0.00000784
313	0.00000760
314	0.00000736
315	0.00000713
316	0.00000691
317	0.00000670
318	0.00000649
319	0.00000629
320	0.00000609
321	0.00000590
322	0.00000572
323	0.00000554
324	0.00000537
325	0.00000520
326	0.00000504
327	0.00000489
328	0.00000474
329	0.00000459
330	0.00000445
331	0.00000431
332	0.00000417
333	0.00000404
334	0.00000392
335	0.00000380
336	0.00000368
337	0.00000357
338	0.00000345
339	0.00000335
340	0.00000324
341	0.00000314
342	0.00000305
343	0.00000295
344	0.00000286
345	0.00000277
346	0.00000268
347	0.00000260
348	0.00000252
349	0.00000244
350	0.00000237
351	0.00000229
352	0.00000222
353	0.00000215
354	0.00000209
355	0.00000202
356	0.00000196
357	0.00000190
358	0.00000184
359	0.00000178
360	0.00000173
361	0.00000167
362	0.00000162
363	0.00000157
364	0.00000152
365	0.00000147
366	0.00000143
367	0.00000138
368	0.00000134
369	0.00000130
370	0.00000126
371	0.00000122
372	0.00000118
373	0.00000115
374	0.00000111
375	0.00000108
376	0.00000104
377	0.00000101
378	0.00000098
379	0.00000095
380	0.00000092
381	0.00000089
382	0.00000086
383	0.00000084
384	0.00000081
385	0.00000078
386	0.00000076
387	0.00000074
388	0.00000071
389	0.00000069
390	0.00000067
391	0.00000065
392	0.00000063
393	0.00000061
394	0.00000059
395	0.00000057
396	0.00000055
397	0.00000054
398	0.00000052
399	0.00000050
400	0.00000049
401	0.00000047
402	0.00000046
403	0.00000044
404	0.00000043
405	0.00000042
406	0.00000040
407	0.00000039
408	0.00000038
409	0.00000037
410	0.00000036
411	0.00000035
412	0.00000033
413	0.00000032
414	0.00000031
415	0.00000030
416	0.00000030
417	0.00000029
418	0.00000028
419	0.00000027
420	0.00000026
421	0.00000025
422	0.00000024
423	0.00000024
424	0.00000023
425	0.00000022
426	0.00000022
427	0.00000021
428	0.00000020
429	0.00000020
430	0.00000019
431	0.00000018
432	0.00000018
433	0.00000017
434	0.00000017
435	0.00000016
436	0.00000016
437	0.00000015
438	0.00000015
439	0.00000014
440	0.00000014
441	0.00000013
442	0.00000013
443	0.00000013
444	0.00000012
445	0.00000012
446	0.00000011
447	0.00000011
448	0.00000011
449	0.00000010
450	0.00000010
451	0.00000010
452	0.00000009
453	0.00000009
454	0.00000009
455	0.00000009
456	0.00000008
457	0.00000008
458	0.00000008
459	0.00000008
460	0.00000007
461	0.00000007
462	0.00000007
463	0.00000007
464	0.00000006
465	0.00000006
466	0.00000006
467	0.00000006
468	0.00000006
469	0.00000006
470	0.00000005
471	0.00000005
472	0.00000005
473	0.00000005
474	0.00000005
475	0.00000005
476	0.00000004
477	0.00000004
478	0.00000004
479	0.00000004
480	0.00000004
481	0.00000004
482	0.00000004
483	0.00000004
484	0.00000003
485	0.00000003
486	0.00000003
487	0.00000003
488	0.00000003
489	0.00000003
490	0.00000003
491	0.00000003
492	0.00000003
493	0.00000003
494	0.00000003
495	0.00000002
496	0.00000002
497	0.00000002
498	0.00000002
499	0.00000002
500	0.00000002
501	0.00000002
502	0.00000002
503	0.00000002
504	0.00000002
505	0.00000002
506	0.00000002
507	0.00000002
508	0.00000002
509	0.00000002
510	0.00000002
511	0.00000001
512	0.00000001
513	0.00000001
514	0.00000001
515	0.00000001
516	0.00000001
517	0.00000001
518	0.00000001
519	0.00000001
520	0.00000001
521	0.00000001
522	0.00000001
523	0.00000001
524	0.00000001
525	0.00000001
526	0.00000001
527	0.00000001
528	0.00000001
529	0.00000001
530	0.00000001
531	0.00000001
532	0.00000001
533	0.00000001
534	0.00000001
535	0.00000001
536	0.00000001
537	0.00000001
538	0.00000001
539	0.00000001
540	0.00000001
541	0.00000001
542	0.00000001
543	0.00000001
544	0.00000001
545	0.00000001
546	0.00000000
547	0.00000000
548	0.00000000
549	0.00000000
550	0.00000000
551	0.00000000
552	0.00000000
553	0.00000000
554	0.00000000
555	0.00000000
556	0.00000000
557	0.00000000
558	0.00000000
559	0.00000000
560	0.00000000
561	0.00000000
562	0.00000000
563	0.00000000
564	0.00000000
565	0.00000000
566	0.00000000
567	0.00000000
568	0.00000000
569	0.00000000
570	0.00000000
571	0.00000000
572	0.00000000
573	0.00000000
574	0.00000000
575	0.00000000
576	0.00000000
577	0.00000000
578	0.00000000
579	0.00000000
580	0.00000000
581	0.00000000
582	0.00000000
583	0.00000000
584	0.00000000
585	0.00000000
586	0.00000000
587	0.00000000
588	0.00000000
589	0.00000000
590	0.00000000
591	0.00000000
592	0.00000000
593	0.00000000
594	0.00000000
595	0.00000000
596	0.00000000
597	0.00000000
598	0.00000000
599	0.00000000
600	0.00000000
601	0.00000000
602	0.00000000
603	0.00000000
604	0.00000000
605	0.00000000
606	0.00000000
607	0.00000000
608	0.00000000
609	0.00000000
610	0.00000000
611	0.00000000
612	0.00000000
613	0.00000000
614	0.00000000
615	0.00000000
616	0.00000000
617	0.00000000
618	0.00000000
619	0.00000000
620	0.00000000
621	0.00000000
622	0.00000000
623	0.00000000
624	0.00000000
625	0.00000000
626	0.00000000
627	0.00000000
628	0.00000000
629	0.00000000
630	0.00000000
631	0.00000000
632	0.00000000
633	0.00000000
634	0.00000000
635	0.00000000
636	0.00000000
637	0.00000000
638	0.00000000
639	0.00000000
640	0.00000000
641	0.00000000
642	0.00000000
643	0.00000000
644	0.00000000
645	0.00000000
646	0.00000000
647	0.00000000
648	0.00000000
649	0.00000000
650	0.00000000
651	0.00000000
652	0.00000000
653	0.00000000
654	0.00000000
655	0.00000000
656	0.00000000
657	0.00000000
658	0.00000000
659	0.00000000
660	0.00000000
661	0.00000000
662	0.00000000
663	0.00000000
664	0.00000000
665	0.00000000
666	0.00000000
667	0.00000000
668	0.00000000
669	0.00000000
670	0.00000000
671	0.00000000
672	0.00000000
673	0.00000000
674	0.00000000
675	0.00000000
676	0.00000000
677	0.00000000
678	0.00000000
679	0.00000000
680	0.00000000
681	0.00000000
682	0.00000000
683	0.00000000
684	0.00000000
685	0.00000000
686	0.00000000
687	0.00000000
688	0.00000000
689	0.00000000
690	0.00000000
691	0.00000000
692	0.00000000
693	0.00000000
694	0.00000000
695	0.00000000
696	0.00000000
697	0.00000000
698	0.00000000
699	0.00000000
700	0.00000000
701	0.00000000
702	0.00000000
703	0.00000000
704	0.00000000
705	0.00000000
706	0.00000000
707	0.00000000
708	0.00000000
709	0.00000000
710	0.00000000
711	0.00000000
712	0.00000000
713	0.00000000
714	0.00000000
715	0.00000000
716	0.00000000
717	0.00000000
718	0.00000000
719	0.00000000
720	0.00000000
721	0.00000000
722	0.00000000
723	0.00000000
724	0.00000000
725	0.00000000
726	0.00000000
727	0.00000000
728	0.00000000
729	0.00000000
730	0.00000000
731	0.00000000
732	0.00000000
733	0.00000000
734	0.00000000
735	0.00000000
736	0.00000000
737	0.00000000
738	0.00000000
739	0.00000000
740	0.00000000
741	0.00000000
742	0.00000000
743	0.00000000
744	0.00000000
745	0.00000000
746	0.00000000
747	0.00000000
748	0.00000000
749	0.00000000
750	0.00000000
751	0.00000000
752	0.00000000
753	0.00000000
754	0.00000000
755	0.00000000
756	0.00000000
757	0.00000000
758	0.00000000
759	0.00000000
760	0.00000000
761	0.00000000
762	0.00000000
763	0.00000000
764	0.00000000
765	0.00000000
766	0.00000000
767	0.00000000
768	0.00000000
769	0.00000000
770	0.00000000
771	0.00000000
772	0.00000000
773	0.00000000
774	0.00000000
775	0.00000000
776	0.00000000
777	0.00000000
778	0.00000000
779	0.00000000
780	0.00000000
781	0.00000000
782	0.00000000
783	0.00000000
784	0.00000000
785	0.00000000
786	0.00000000
787	0.00000000
788	0.00000000
789	0.00000000
790	0.00000000
791	0.00000000
792	0.00000000
793	0.00000000
794	0.00000000
795	0.00000000
796	0.00000000
797	0.00000000
798	0.00000000
799	0.00000000
800	0.00000000
801	0.00000000
802	0.00000000
803	0.00000000
804	0.00000000
805	0.00000000
806	0.00000000
807	0.00000000
808	0.00000000
809	0.00000000
810	0.00000000
811	0.00000000
812	0.00000000
813	0.00000000
814	0.00000000
815	0.00000000
816	0.00000000
817	0.00000000
818	0.00000000
819	0.00000000
820	0.00000000
821	0.00000000
822	0.00000000
823	0.00000000
824	0.00000000
825	0.00000000
826	0.00000000
827	0.00000000
828	0.00000000
829	0.00000000
830	0.00000000
831	0.00000000
832	0.00000000
833	0.00000000
834	0.00000000
835	0.00000000
836	0.00000000
837	0.00000000
838	0.00000000
839	0.00000000
840	0.00000000
841	0.00000000
842	0.00000000
843	0.00000000
844	0.00000000
845	0.00000000
846	0.00000000
847	0.00000000
848	0.00000000
849	0.00000000
850	0.00000000
851	0.00000000
852	0.00000000
853	0.00000000
854	0.00000000
855	0.00000000
856	0.00000000
857	0.00000000
858	0.00000000
859	0.00000000
860	0.00000000
861	0.00000000
862	0.00000000
863	0.00000000
864	0.00000000
865	0.00000000
866	0.00000000
867	0.00000000
868	0.00000000
869	0.00000000
870	0.00000000
871	0.00000000
872	0.00000000
873	0.00000000
874	0.00000000
875	0.00000000
876	0.00000000
877	0.00000000
878	0.00000000
879	0.00000000
880	0.00000000
881	0.00000000
882	0.00000000
883	0.00000000
884	0.00000000
885	0.00000000
886	0.00000000
887	0.00000000
888	0.00000000
889	0.00000000
890	0.00000000
891	0.00000000
892	0.00000000
893	0.00000000
894	0.00000000
895	0.00000000
896	0.00000000
897	0.00000000
898	0.00000000
899	0.00000000
900	0.00000000
901	0.00000000
902	0.00000000
903	0.00000000
904	0.00000000
905	0.00000000
906	0.00000000
907	0.00000000
908	0.00000000
909	0.00000000
910	0.00000000
911	0.00000000
912	0.00000000
913	0.00000000
914	0.00000000
915	0.00000000
916	0.00000000
917	0.00000000
918	0.00000000
919	0.00000000
920	0.00000000
921	0.00000000
922	0.00000000
923	0.00000000
924	0.00000000
925	0.00000000
926	0.00000000
927	0.00000000
928	0.00000000
929	0.00000000
930	0.00000000
931	0.00000000
932	0.00000000
933	0.00000000
934	0.00000000
935	0.00000000
936	0.00000000
937	0.00000000
938	0.00000000
939	0.00000000
940	0.00000000
941	0.00000000
942	0.00000000
943	0.00000000
944	0.00000000
945	0.00000000
946	0.00000000
947	0.00000000
948	0.00000000
949	0.00000000
950	0.00000000
951	0.00000000
952	0.00000000
953	0.00000000
954	0.00000000
955	0.00000000
956	0.00000000
957	0.00000000
958	0.00000000
959	0.00000000
960	0.00000000
961	0.00000000
962	0.00000000
963	0.00000000
964	0.00000000
965	0.00000000
966	0.00000000
967	0.00000000
968	0.00000000
969	0.00000000
970	0.00000000
971	0.00000000
972	0.00000000
973	0.00000000
974	0.00000000
975	0.00000000
976	0.00000000
977	0.00000000
978	0.00000000
979	0.00000000
980	0.00000000
981	0.00000000
982	0.00000000
983	0.00000000
984	0.00000000
985	0.00000000
986	0.00000000
987	0.00000000
988	0.00000000
989	0.00000000
990	0.00000000
991	0.00000000
992	0.00000000
993	0.00000000
994	0.00000000
995	0.00000000
996	0.00000000
997	0.00000000
998	0.00000000
999	0.00000000
