0	0.00000000
1	0.00000000
2	0.00000000
3	0.00000000
4	0.00000000
5	0.00000000
6	0.00000000
7	0.00000000
8	0.00000000
9	0.00000000
10	0.00000000
11	0.00000000
12	0.00000000
13	0.02113198
14	0.12844030
15	0.09062637
16	0.09316685
17	0.06073535
18	0.05190832
19	0.04518273
20	0.04261887
21	0.03596055
22	0.03191218
23	0.02727860
24	0.02345058
25	0.02030248
26	0.01863943
27	0.01732924
28	0.01689633
29	0.01599496
30	0.01560515
31	0.01536834
32	0.01917265
33	0.02511988
34	0.02670408
35	0.02796211
36	0.02986646
37	0.02969498
38	0.02830881
39	0.02801232
40	0.02710031
41	0.02712592
42	0.02639786
43	0.02635669
44	0.02583933
45	0.02565631
46	0.02552775
47	0.02451516
48	0.02386437
49	0.02289410
50	0.02210988
51	0.02129385
52	0.02049054
53	0.01987558
54	0.01915701
55	0.01933007
56	0.01945136
57	0.01933700
58	0.01922096
59	0.01896998
60	0.01859450
61	0.01819172
62	0.01786423
63	0.01776964
64	0.01770302
65	0.01742612
66	0.01713254
67	0.01661573
68	0.01597972
69	0.01566172
70	0.01513030
71	0.01469109
72	0.01425207
73	0.01377990
74	0.01331964
75	0.01284145
76	0.01247015
77	0.01212059
78	0.01192441
79	0.01176913
80	0.01157264
81	0.01128875
82	0.01112495
83	0.01085334
84	0.01057304
85	0.01036498
86	0.01006363
87	0.00981824
88	0.00952113
89	0.00921142
90	0.00889407
91	0.00861843
92	0.00832187
93	0.00806684
94	0.00778209
95	0.00754167
96	0.00730871
97	0.00706542
98	0.00682812
99	0.00661083
100	0.00640270
101	0.00621447
102	0.00606826
103	0.00593826
104	0.00576299
105	0.00561792
106	0.00545747
107	0.00528083
108	0.00511765
109	0.00495249
110	0.00479050
111	0.00464057
112	0.00449773
113	0.00435628
114	0.00421681
115	0.00407971
116	0.00395212
117	0.00382796
118	0.00370668
119	0.00359072
120	0.00347739
121	0.00336871
122	0.00326353
123	0.00316173
124	0.00306495
125	0.00297421
126	0.00288465
127	0.00279856
128	0.00270847
129	0.00262813
130	0.00254460
131	0.00246632
132	0.00238948
133	0.00231532
134	0.00224347
135	0.00217372
136	0.00210616
137	0.00204070
138	0.00197721
139	0.00191569
140	0.00185607
141	0.00179831
142	0.00174236
143	0.00168816
144	0.00163565
145	0.00158480
146	0.00153553
147	0.00148781
148	0.00144161
149	0.00139689
150	0.00135356
151	0.00131159
152	0.00127091
153	0.00123149
154	0.00119328
155	0.00115626
156	0.00112038
157	0.00108561
158	0.00105192
159	0.00101927
160	0.00098764
161	0.00095698
162	0.00092728
163	0.00089849
164	0.00087060
165	0.00084357
166	0.00081738
167	0.00079200
168	0.00076741
169	0.00074359
170	0.00072050
171	0.00069813
172	0.00067646
173	0.00065545
174	0.00063511
175	0.00061539
176	0.00059629
177	0.00057778
178	0.00055984
179	0.00054246
180	0.00052562
181	0.00050931
182	0.00049350
183	0.00047818
184	0.00046333
185	0.00044895
186	0.00043501
187	0.00042151
188	0.00040842
189	0.00039575
190	0.00038346
191	0.00037156
192	0.00036002
193	0.00034885
194	0.00033802
195	0.00032752
196	0.00031736
197	0.00030750
198	0.00029796
199	0.00028871
200	0.00027975
201	0.00027106
202	0.00026265
203	0.00025449
204	0.00024659
205	0.00023894
206	0.00023152
207	0.00022433
208	0.00021737
209	0.00021062
210	0.00020408
211	0.00019775
212	0.00019161
213	0.00018566
214	0.00017990
215	0.00017431
216	0.00016890
217	0.00016366
218	0.00015858
219	0.00015366
220	0.00014889
221	0.00014426
222	0.00013979
223	0.00013545
224	0.00013124
225	0.00012717
226	0.00012322
227	0.00011939
228	0.00011569
229	0.00011210
230	0.00010862
231	0.00010525
232	0.00010198
233	0.00009881
234	0.00009575
235	0.00009277
236	0.00008989
237	0.00008710
238	0.00008440
239	0.00008178
240	0.00007924
241	0.00007678
242	0.00007440
243	0.00007209
244	0.00006985
245	0.00006768
246	0.00006558
247	0.00006354
248	0.00006157
249	0.00005966
250	0.00005781
251	0.00005601
252	0.00005427
253	0.00005259
254	0.00005096
255	0.00004938
256	0.00004784
257	0.00004636
258	0.00004492
259	0.00004352
260	0.00004217
261	0.00004086
262	0.00003960
263	0.00003837
264	0.00003718
265	0.00003602
266	0.00003490
267	0.00003382
268	0.00003277
269	0.00003175
270	0.00003077
271	0.00002981
272	0.00002889
273	0.00002799
274	0.00002712
275	0.00002628
276	0.00002546
277	0.00002467
278	0.00002391
279	0.00002316
280	0.00002245
281	0.00002175
282	0.00002107
283	0.00002042
284	0.00001979
285	0.00001917
286	0.00001858
287	0.00001800
288	0.00001744
289	0.00001690
290	0.00001637
291	0.00001587
292	0.00001537
293	0.00001490
294	0.00001443
295	0.00001399
296	0.00001355
297	0.00001313
298	0.00001272
299	0.00001233
300	0.00001195
301	0.00001157
302	0.00001122
303	0.00001087
304	0.00001053
305	0.00001020
306	0.00000989
307	0.00000958
308	0.00000928
309	0.00000899
310	0.00000871
311	0.00000844
312	0.00000818
313	0.00000793
314	0.00000768
315	0.00000744
316	0.00000721
317	0.00000699
318	0.00000677
319	0.00000656
320	0.00000636
321	0.00000616
322	0.00000597
323	0.00000578
324	0.00000560
325	0.00000543
326	0.00000526
327	0.00000510
328	0.00000494
329	0.00000479
330	0.00000464
331	0.00000449
332	0.00000435
333	0.00000422
334	0.00000409
335	0.00000396
336	0.00000384
337	0.00000372
338	0.00000360
339	0.00000349
340	0.00000338
341	0.00000328
342	0.00000318
343	0.00000308
344	0.00000298
345	0.00000289
346	0.00000280
347	0.00000271
348	0.00000263
349	0.00000255
350	0.00000247
351	0.00000239
352	0.00000232
353	0.00000225
354	0.00000218
355	0.00000211
356	0.00000204
357	0.00000198
358	0.00000192
359	0.00000186
360	0.00000180
361	0.00000174
362	0.00000169
363	0.00000164
364	0.00000159
365	0.00000154
366	0.00000149
367	0.00000144
368	0.00000140
369	0.00000136
370	0.00000131
371	0.00000127
372	0.00000123
373	0.00000120
374	0.00000116
375	0.00000112
376	0.00000109
377	0.00000105
378	0.00000102
379	0.00000099
380	0.00000096
381	0.00000093
382	0.00000090
383	0.00000087
384	0.00000084
385	0.00000082
386	0.00000079
387	0.00000077
388	0.00000074
389	0.00000072
390	0.00000070
391	0.00000068
392	0.00000066
393	0.00000064
394	0.00000062
395	0.00000060
396	0.00000058
397	0.00000056
398	0.00000054
399	0.00000053
400	0.00000051
401	0.00000049
402	0.00000048
403	0.00000046
404	0.00000045
405	0.00000044
406	0.00000042
407	0.00000041
408	0.00000040
409	0.00000038
410	0.00000037
411	0.00000036
412	0.00000035
413	0.00000034
414	0.00000033
415	0.00000032
416	0.00000031
417	0.00000030
418	0.00000029
419	0.00000028
420	0.00000027
421	0.00000026
422	0.00000025
423	0.00000025
424	0.00000024
425	0.00000023
426	0.00000022
427	0.00000022
428	0.00000021
429	0.00000020
430	0.00000020
431	0.00000019
432	0.00000019
433	0.00000018
434	0.00000017
435	0.00000017
436	0.00000016
437	0.00000016
438	0.00000015
439	0.00000015
440	0.00000014
441	0.00000014
442	0.00000014
443	0.00000013
444	0.00000013
445	0.00000012
446	0.00000012
447	0.00000012
448	0.00000011
449	0.00000011
450	0.00000011
451	0.00000010
452	0.00000010
453	0.00000010
454	0.00000009
455	0.00000009
456	0.00000009
457	0.00000008
458	0.00000008
459	0.00000008
460	0.00000008
461	0.00000007
462	0.00000007
463	0.00000007
464	0.00000007
465	0.00000007
466	0.00000006
467	0.00000006
468	0.00000006
469	0.00000006
470	0.00000006
471	0.00000005
472	0.00000005
473	0.00000005
474	0.00000005
475	0.00000005
476	0.00000005
477	0.00000004
478	0.00000004
479	0.00000004
480	0.00000004
481	0.00000004
482	0.00000004
483	0.00000004
484	0.00000004
485	0.00000003
486	0.00000003
487	0.00000003
488	0.00000003
489	0.00000003
490	0.00000003
491	0.00000003
492	0.00000003
493	0.00000003
494	0.00000003
495	0.00000003
496	0.00000002
497	0.00000002
498	0.00000002
499	0.00000002
500	0.00000002
501	0.00000002
502	0.00000002
503	0.00000002
504	0.00000002
505	0.00000002
506	0.00000002
507	0.00000002
508	0.00000002
509	0.00000002
510	0.00000002
511	0.00000002
512	0.00000001
513	0.00000001
514	0.00000001
515	0.00000001
516	0.00000001
517	0.00000001
518	0.00000001
519	0.00000001
520	0.00000001
521	0.00000001
522	0.00000001
523	0.00000001
524	0.00000001
525	0.00000001
526	0.00000001
527	0.00000001
528	0.00000001
529	0.00000001
530	0.00000001
531	0.00000001
532	0.00000001
533	0.00000001
534	0.00000001
535	0.00000001
536	0.00000001
537	0.00000001
538	0.00000001
539	0.00000001
540	0.00000001
541	0.00000001
542	0.00000001
543	0.00000001
544	0.00000001
545	0.00000001
546	0.00000001
547	0.00000000
548	0.00000000
549	0.00000000
550	0.00000000
551	0.00000000
552	0.00000000
553	0.00000000
554	0.00000000
555	0.00000000
556	0.00000000
557	0.00000000
558	0.00000000
559	0.00000000
560	0.00000000
561	0.00000000
562	0.00000000
563	0.00000000
564	0.00000000
565	0.00000000
566	0.00000000
567	0.00000000
568	0.00000000
569	0.00000000
570	0.00000000
571	0.00000000
572	0.00000000
573	0.00000000
574	0.00000000
575	0.00000000
576	0.00000000
577	0.00000000
578	0.00000000
579	0.00000000
580	0.00000000
581	0.00000000
582	0.00000000
583	0.00000000
584	0.00000000
585	0.00000000
586	0.00000000
587	0.00000000
588	0.00000000
589	0.00000000
590	0.00000000
591	0.00000000
592	0.00000000
593	0.00000000
594	0.00000000
595	0.00000000
596	0.00000000
597	0.00000000
598	0.00000000
599	0.00000000
600	0.00000000
601	0.00000000
602	0.00000000
603	0.00000000
604	0.00000000
605	0.00000000
606	0.00000000
607	0.00000000
608	0.00000000
609	0.00000000
610	0.00000000
611	0.00000000
612	0.00000000
613	0.00000000
614	0.00000000
615	0.00000000
616	0.00000000
617	0.00000000
618	0.00000000
619	0.00000000
620	0.00000000
621	0.00000000
622	0.00000000
623	0.00000000
624	0.00000000
625	0.00000000
626	0.00000000
627	0.00000000
628	0.00000000
629	0.00000000
630	0.00000000
631	0.00000000
632	0.00000000
633	0.00000000
634	0.00000000
635	0.00000000
636	0.00000000
637	0.00000000
638	0.00000000
639	0.00000000
640	0.00000000
641	0.00000000
642	0.00000000
643	0.00000000
644	0.00000000
645	0.00000000
646	0.00000000
647	0.00000000
648	0.00000000
649	0.00000000
650	0.00000000
651	0.00000000
652	0.00000000
653	0.00000000
654	0.00000000
655	0.00000000
656	0.00000000
657	0.00000000
658	0.00000000
659	0.00000000
660	0.00000000
661	0.00000000
662	0.00000000
663	0.00000000
664	0.00000000
665	0.00000000
666	0.00000000
667	0.00000000
668	0.00000000
669	0.00000000
670	0.00000000
671	0.00000000
672	0.00000000
673	0.00000000
674	0.00000000
675	0.00000000
676	0.00000000
677	0.00000000
678	0.00000000
679	0.00000000
680	0.00000000
681	0.00000000
682	0.00000000
683	0.00000000
684	0.00000000
685	0.00000000
686	0.00000000
687	0.00000000
688	0.00000000
689	0.00000000
690	0.00000000
691	0.00000000
692	0.00000000
693	0.00000000
694	0.00000000
695	0.00000000
696	0.00000000
697	0.00000000
698	0.00000000
699	0.00000000
700	0.00000000
701	0.00000000
702	0.00000000
703	0.00000000
704	0.00000000
705	0.00000000
706	0.00000000
707	0.00000000
708	0.00000000
709	0.00000000
710	0.00000000
711	0.00000000
712	0.00000000
713	0.00000000
714	0.00000000
715	0.00000000
716	0.00000000
717	0.00000000
718	0.00000000
719	0.00000000
720	0.00000000
721	0.00000000
722	0.00000000
723	0.00000000
724	0.00000000
725	0.00000000
726	0.00000000
727	0.00000000
728	0.00000000
729	0.00000000
730	0.00000000
731	0.00000000
732	0.00000000
733	0.00000000
734	0.00000000
735	0.00000000
736	0.00000000
737	0.00000000
738	0.00000000
739	0.00000000
740	0.00000000
741	0.00000000
742	0.00000000
743	0.00000000
744	0.00000000
745	0.00000000
746	0.00000000
747	0.00000000
748	0.00000000
749	0.00000000
750	0.00000000
751	0.00000000
752	0.00000000
753	0.00000000
754	0.00000000
755	0.00000000
756	0.00000000
757	0.00000000
758	0.00000000
759	0.00000000
760	0.00000000
761	0.00000000
762	0.00000000
763	0.00000000
764	0.00000000
765	0.00000000
766	0.00000000
767	0.00000000
768	0.00000000
769	0.00000000
770	0.00000000
771	0.00000000
772	0.00000000
773	0.00000000
774	0.00000000
775	0.00000000
776	0.00000000
777	0.00000000
778	0.00000000
779	0.00000000
780	0.00000000
781	0.00000000
782	0.00000000
783	0.00000000
784	0.00000000
785	0.00000000
786	0.00000000
787	0.00000000
788	0.00000000
789	0.00000000
790	0.00000000
791	0.00000000
792	0.00000000
793	0.00000000
794	0.00000000
795	0.00000000
796	0.00000000
797	0.00000000
798	0.00000000
799	0.00000000
800	0.00000000
801	0.00000000
802	0.00000000
803	0.00000000
804	0.00000000
805	0.00000000
806	0.00000000
807	0.00000000
808	0.00000000
809	0.00000000
810	0.00000000
811	0.00000000
812	0.00000000
813	0.00000000
814	0.00000000
815	0.00000000
816	0.00000000
817	0.00000000
818	0.00000000
819	0.00000000
820	0.00000000
821	0.00000000
822	0.00000000
823	0.00000000
824	0.00000000
825	0.00000000
826	0.00000000
827	0.00000000
828	0.00000000
829	0.00000000
830	0.00000000
831	0.00000000
832	0.00000000
833	0.00000000
834	0.00000000
835	0.00000000
836	0.00000000
837	0.00000000
838	0.00000000
839	0.00000000
840	0.00000000
841	0.00000000
842	0.00000000
843	0.00000000
844	0.00000000
845	0.00000000
846	0.00000000
847	0.00000000
848	0.00000000
849	0.00000000
850	0.00000000
851	0.00000000
852	0.00000000
853	0.00000000
854	0.00000000
855	0.00000000
856	0.00000000
857	0.00000000
858	0.00000000
859	0.00000000
860	0.00000000
861	0.00000000
862	0.00000000
863	0.00000000
864	0.00000000
865	0.00000000
866	0.00000000
867	0.00000000
868	0.00000000
869	0.00000000
870	0.00000000
871	0.00000000
872	0.00000000
873	0.00000000
874	0.00000000
875	0.00000000
876	0.00000000
877	0.00000000
878	0.00000000
879	0.00000000
880	0.00000000
881	0.00000000
882	0.00000000
883	0.00000000
884	0.00000000
885	0.00000000
886	0.00000000
887	0.00000000
888	0.00000000
889	0.00000000
890	0.00000000
891	0.00000000
892	0.00000000
893	0.00000000
894	0.00000000
895	0.00000000
896	0.00000000
897	0.00000000
898	0.00000000
899	0.00000000
900	0.00000000
901	0.00000000
902	0.00000000
903	0.00000000
904	0.00000000
905	0.00000000
906	0.00000000
907	0.00000000
908	0.00000000
909	0.00000000
910	0.00000000
911	0.00000000
912	0.00000000
913	0.00000000
914	0.00000000
915	0.00000000
916	0.00000000
917	0.00000000
918	0.00000000
919	0.00000000
920	0.00000000
921	0.00000000
922	0.00000000
923	0.00000000
924	0.00000000
925	0.00000000
926	0.00000000
927	0.00000000
928	0.00000000
929	0.00000000
930	0.00000000
931	0.00000000
932	0.00000000
933	0.00000000
934	0.00000000
935	0.00000000
936	0.00000000
937	0.00000000
938	0.00000000
939	0.00000000
940	0.00000000
941	0.00000000
942	0.00000000
943	0.00000000
944	0.00000000
945	0.00000000
946	0.00000000
947	0.00000000
948	0.00000000
949	0.00000000
950	0.00000000
951	0.00000000
952	0.00000000
953	0.00000000
954	0.00000000
955	0.00000000
956	0.00000000
957	0.00000000
958	0.00000000
959	0.00000000
960	0.00000000
961	0.00000000
962	0.00000000
963	0.00000000
964	0.00000000
965	0.00000000
966	0.00000000
967	0.00000000
968	0.00000000
969	0.00000000
970	0.00000000
971	0.00000000
972	0.00000000
973	0.00000000
974	0.00000000
975	0.00000000
976	0.00000000
977	0.00000000
978	0.00000000
979	0.00000000
980	0.00000000
981	0.00000000
982	0.00000000
983	0.00000000
984	0.00000000
985	0.00000000
986	0.00000000
987	0.00000000
988	0.00000000
989	0.00000000
990	0.00000000
991	0.00000000
992	0.00000000
993	0.00000000
994	0.00000000
995	0.00000000
996	0.00000000
997	0.00000000
998	0.00000000
999	0.00000000
