0	0.00000000
1	0.00000000
2	0.00000000
3	0.00000000
4	0.00000000
5	0.00000000
6	0.00000000
7	0.00000000
8	0.00000000
9	0.00000000
10	0.00000000
11	0.00000000
12	0.00000000
13	0.00940690
14	0.06258942
15	0.05099161
16	0.05346798
17	0.04119292
18	0.04106238
19	0.04104892
20	0.04147958
21	0.03623590
22	0.03308425
23	0.02875981
24	0.02528753
25	0.02235213
26	0.02084517
27	0.01953181
28	0.01904141
29	0.01793688
30	0.01735830
31	0.01708354
32	0.02108947
33	0.02539571
34	0.02592981
35	0.02820708
36	0.02986289
37	0.02914560
38	0.02823985
39	0.02799489
40	0.02702733
41	0.02681013
42	0.02607313
43	0.02573959
44	0.02519907
45	0.02491173
46	0.02479221
47	0.02388730
48	0.02334040
49	0.02267006
50	0.02195289
51	0.02125849
52	0.02048275
53	0.01988181
54	0.01923881
55	0.01958499
56	0.01956827
57	0.01937930
58	0.01937187
59	0.01895245
60	0.01847858
61	0.01796160
62	0.01760352
63	0.01740822
64	0.01727717
65	0.01704735
66	0.01678703
67	0.01629076
68	0.01573090
69	0.01540678
70	0.01497211
71	0.01453580
72	0.01412634
73	0.01367708
74	0.01324593
75	0.01275120
76	0.01239885
77	0.01203735
78	0.01186227
79	0.01170350
80	0.01145236
81	0.01115766
82	0.01097197
83	0.01067223
84	0.01039309
85	0.01016047
86	0.00987617
87	0.00963794
88	0.00934070
89	0.00906067
90	0.00877944
91	0.00849211
92	0.00820293
93	0.00794867
94	0.00767456
95	0.00742564
96	0.00720684
97	0.00696469
98	0.00673392
99	0.00652302
100	0.00631803
101	0.00614284
102	0.00600311
103	0.00586246
104	0.00568113
105	0.00553253
106	0.00536155
107	0.00518748
108	0.00502471
109	0.00486718
110	0.00471280
111	0.00456525
112	0.00442687
113	0.00429011
114	0.00415111
115	0.00401666
116	0.00389202
117	0.00376985
118	0.00365106
119	0.00353713
120	0.00342563
121	0.00331874
122	0.00321531
123	0.00311497
124	0.00301992
125	0.00293168
126	0.00284222
127	0.00275564
128	0.00266777
129	0.00258651
130	0.00250526
131	0.00242780
132	0.00235237
133	0.00227936
134	0.00220872
135	0.00214011
136	0.00207362
137	0.00200921
138	0.00194674
139	0.00188619
140	0.00182752
141	0.00177069
142	0.00171562
143	0.00166229
144	0.00161062
145	0.00156056
146	0.00151206
147	0.00146508
148	0.00141961
149	0.00137557
150	0.00133291
151	0.00129156
152	0.00125149
153	0.00121266
154	0.00117503
155	0.00113856
156	0.00110323
157	0.00106899
158	0.00103580
159	0.00100366
160	0.00097251
161	0.00094232
162	0.00091307
163	0.00088473
164	0.00085726
165	0.00083065
166	0.00080486
167	0.00077987
168	0.00075566
169	0.00073220
170	0.00070947
171	0.00068744
172	0.00066610
173	0.00064542
174	0.00062538
175	0.00060597
176	0.00058716
177	0.00056893
178	0.00055127
179	0.00053416
180	0.00051757
181	0.00050151
182	0.00048594
183	0.00047086
184	0.00045624
185	0.00044208
186	0.00042835
187	0.00041506
188	0.00040217
189	0.00038969
190	0.00037759
191	0.00036587
192	0.00035451
193	0.00034351
194	0.00033284
195	0.00032251
196	0.00031250
197	0.00030280
198	0.00029340
199	0.00028429
200	0.00027546
201	0.00026691
202	0.00025863
203	0.00025060
204	0.00024282
205	0.00023528
206	0.00022798
207	0.00022090
208	0.00021404
209	0.00020740
210	0.00020096
211	0.00019472
212	0.00018868
213	0.00018282
214	0.00017714
215	0.00017164
216	0.00016632
217	0.00016115
218	0.00015615
219	0.00015130
220	0.00014661
221	0.00014206
222	0.00013765
223	0.00013337
224	0.00012923
225	0.00012522
226	0.00012133
227	0.00011757
228	0.00011392
229	0.00011038
230	0.00010695
231	0.00010363
232	0.00010042
233	0.00009730
234	0.00009428
235	0.00009135
236	0.00008852
237	0.00008577
238	0.00008311
239	0.00008053
240	0.00007803
241	0.00007560
242	0.00007326
243	0.00007098
244	0.00006878
245	0.00006664
246	0.00006458
247	0.00006257
248	0.00006063
249	0.00005875
250	0.00005692
251	0.00005516
252	0.00005344
253	0.00005178
254	0.00005018
255	0.00004862
256	0.00004711
257	0.00004565
258	0.00004423
259	0.00004286
260	0.00004153
261	0.00004024
262	0.00003899
263	0.00003778
264	0.00003661
265	0.00003547
266	0.00003437
267	0.00003330
268	0.00003227
269	0.00003127
270	0.00003030
271	0.00002935
272	0.00002844
273	0.00002756
274	0.00002671
275	0.00002588
276	0.00002507
277	0.00002429
278	0.00002354
279	0.00002281
280	0.00002210
281	0.00002142
282	0.00002075
283	0.00002011
284	0.00001948
285	0.00001888
286	0.00001829
287	0.00001772
288	0.00001717
289	0.00001664
290	0.00001612
291	0.00001562
292	0.00001514
293	0.00001467
294	0.00001421
295	0.00001377
296	0.00001334
297	0.00001293
298	0.00001253
299	0.00001214
300	0.00001176
301	0.00001140
302	0.00001104
303	0.00001070
304	0.00001037
305	0.00001005
306	0.00000974
307	0.00000943
308	0.00000914
309	0.00000886
310	0.00000858
311	0.00000831
312	0.00000806
313	0.00000781
314	0.00000756
315	0.00000733
316	0.00000710
317	0.00000688
318	0.00000667
319	0.00000646
320	0.00000626
321	0.00000607
322	0.00000588
323	0.00000570
324	0.00000552
325	0.00000535
326	0.00000518
327	0.00000502
328	0.00000486
329	0.00000471
330	0.00000457
331	0.00000443
332	0.00000429
333	0.00000415
334	0.00000403
335	0.00000390
336	0.00000378
337	0.00000366
338	0.00000355
339	0.00000344
340	0.00000333
341	0.00000323
342	0.00000313
343	0.00000303
344	0.00000294
345	0.00000285
346	0.00000276
347	0.00000267
348	0.00000259
349	0.00000251
350	0.00000243
351	0.00000236
352	0.00000228
353	0.00000221
354	0.00000214
355	0.00000208
356	0.00000201
357	0.00000195
358	0.00000189
359	0.00000183
360	0.00000177
361	0.00000172
362	0.00000166
363	0.00000161
364	0.00000156
365	0.00000151
366	0.00000147
367	0.00000142
368	0.00000138
369	0.00000134
370	0.00000129
371	0.00000125
372	0.00000121
373	0.00000118
374	0.00000114
375	0.00000110
376	0.00000107
377	0.00000104
378	0.00000101
379	0.00000097
380	0.00000094
381	0.00000091
382	0.00000089
383	0.00000086
384	0.00000083
385	0.00000081
386	0.00000078
387	0.00000076
388	0.00000073
389	0.00000071
390	0.00000069
391	0.00000067
392	0.00000065
393	0.00000063
394	0.00000061
395	0.00000059
396	0.00000057
397	0.00000055
398	0.00000053
399	0.00000052
400	0.00000050
401	0.00000049
402	0.00000047
403	0.00000046
404	0.00000044
405	0.00000043
406	0.00000042
407	0.00000040
408	0.00000039
409	0.00000038
410	0.00000037
411	0.00000036
412	0.00000034
413	0.00000033
414	0.00000032
415	0.00000031
416	0.00000030
417	0.00000029
418	0.00000028
419	0.00000028
420	0.00000027
421	0.00000026
422	0.00000025
423	0.00000024
424	0.00000024
425	0.00000023
426	0.00000022
427	0.00000021
428	0.00000021
429	0.00000020
430	0.00000020
431	0.00000019
432	0.00000018
433	0.00000018
434	0.00000017
435	0.00000017
436	0.00000016
437	0.00000016
438	0.00000015
439	0.00000015
440	0.00000014
441	0.00000014
442	0.00000013
443	0.00000013
444	0.00000013
445	0.00000012
446	0.00000012
447	0.00000011
448	0.00000011
449	0.00000011
450	0.00000010
451	0.00000010
452	0.00000010
453	0.00000009
454	0.00000009
455	0.00000009
456	0.00000009
457	0.00000008
458	0.00000008
459	0.00000008
460	0.00000008
461	0.00000007
462	0.00000007
463	0.00000007
464	0.00000007
465	0.00000006
466	0.00000006
467	0.00000006
468	0.00000006
469	0.00000006
470	0.00000006
471	0.00000005
472	0.00000005
473	0.00000005
474	0.00000005
475	0.00000005
476	0.00000005
477	0.00000004
478	0.00000004
479	0.00000004
480	0.00000004
481	0.00000004
482	0.00000004
483	0.00000004
484	0.00000004
485	0.00000003
486	0.00000003
487	0.00000003
488	0.00000003
489	0.00000003
490	0.00000003
491	0.00000003
492	0.00000003
493	0.00000003
494	0.00000003
495	0.00000003
496	0.00000002
497	0.00000002
498	0.00000002
499	0.00000002
500	0.00000002
501	0.00000002
502	0.00000002
503	0.00000002
504	0.00000002
505	0.00000002
506	0.00000002
507	0.00000002
508	0.00000002
509	0.00000002
510	0.00000002
511	0.00000002
512	0.00000001
513	0.00000001
514	0.00000001
515	0.00000001
516	0.00000001
517	0.00000001
518	0.00000001
519	0.00000001
520	0.00000001
521	0.00000001
522	0.00000001
523	0.00000001
524	0.00000001
525	0.00000001
526	0.00000001
527	0.00000001
528	0.00000001
529	0.00000001
530	0.00000001
531	0.00000001
532	0.00000001
533	0.00000001
534	0.00000001
535	0.00000001
536	0.00000001
537	0.00000001
538	0.00000001
539	0.00000001
540	0.00000001
541	0.00000001
542	0.00000001
543	0.00000001
544	0.00000001
545	0.00000001
546	0.00000001
547	0.00000000
548	0.00000000
549	0.00000000
550	0.00000000
551	0.00000000
552	0.00000000
553	0.00000000
554	0.00000000
555	0.00000000
556	0.00000000
557	0.00000000
558	0.00000000
559	0.00000000
560	0.00000000
561	0.00000000
562	0.00000000
563	0.00000000
564	0.00000000
565	0.00000000
566	0.00000000
567	0.00000000
568	0.00000000
569	0.00000000
570	0.00000000
571	0.00000000
572	0.00000000
573	0.00000000
574	0.00000000
575	0.00000000
576	0.00000000
577	0.00000000
578	0.00000000
579	0.00000000
580	0.00000000
581	0.00000000
582	0.00000000
583	0.00000000
584	0.00000000
585	0.00000000
586	0.00000000
587	0.00000000
588	0.00000000
589	0.00000000
590	0.00000000
591	0.00000000
592	0.00000000
593	0.00000000
594	0.00000000
595	0.00000000
596	0.00000000
597	0.00000000
598	0.00000000
599	0.00000000
600	0.00000000
601	0.00000000
602	0.00000000
603	0.00000000
604	0.00000000
605	0.00000000
606	0.00000000
607	0.00000000
608	0.00000000
609	0.00000000
610	0.00000000
611	0.00000000
612	0.00000000
613	0.00000000
614	0.00000000
615	0.00000000
616	0.00000000
617	0.00000000
618	0.00000000
619	0.00000000
620	0.00000000
621	0.00000000
622	0.00000000
623	0.00000000
624	0.00000000
625	0.00000000
626	0.00000000
627	0.00000000
628	0.00000000
629	0.00000000
630	0.00000000
631	0.00000000
632	0.00000000
633	0.00000000
634	0.00000000
635	0.00000000
636	0.00000000
637	0.00000000
638	0.00000000
639	0.00000000
640	0.00000000
641	0.00000000
642	0.00000000
643	0.00000000
644	0.00000000
645	0.00000000
646	0.00000000
647	0.00000000
648	0.00000000
649	0.00000000
650	0.00000000
651	0.00000000
652	0.00000000
653	0.00000000
654	0.00000000
655	0.00000000
656	0.00000000
657	0.00000000
658	0.00000000
659	0.00000000
660	0.00000000
661	0.00000000
662	0.00000000
663	0.00000000
664	0.00000000
665	0.00000000
666	0.00000000
667	0.00000000
668	0.00000000
669	0.00000000
670	0.00000000
671	0.00000000
672	0.00000000
673	0.00000000
674	0.00000000
675	0.00000000
676	0.00000000
677	0.00000000
678	0.00000000
679	0.00000000
680	0.00000000
681	0.00000000
682	0.00000000
683	0.00000000
684	0.00000000
685	0.00000000
686	0.00000000
687	0.00000000
688	0.00000000
689	0.00000000
690	0.00000000
691	0.00000000
692	0.00000000
693	0.00000000
694	0.00000000
695	0.00000000
696	0.00000000
697	0.00000000
698	0.00000000
699	0.00000000
700	0.00000000
701	0.00000000
702	0.00000000
703	0.00000000
704	0.00000000
705	0.00000000
706	0.00000000
707	0.00000000
708	0.00000000
709	0.00000000
710	0.00000000
711	0.00000000
712	0.00000000
713	0.00000000
714	0.00000000
715	0.00000000
716	0.00000000
717	0.00000000
718	0.00000000
719	0.00000000
720	0.00000000
721	0.00000000
722	0.00000000
723	0.00000000
724	0.00000000
725	0.00000000
726	0.00000000
727	0.00000000
728	0.00000000
729	0.00000000
730	0.00000000
731	0.00000000
732	0.00000000
733	0.00000000
734	0.00000000
735	0.00000000
736	0.00000000
737	0.00000000
738	0.00000000
739	0.00000000
740	0.00000000
741	0.00000000
742	0.00000000
743	0.00000000
744	0.00000000
745	0.00000000
746	0.00000000
747	0.00000000
748	0.00000000
749	0.00000000
750	0.00000000
751	0.00000000
752	0.00000000
753	0.00000000
754	0.00000000
755	0.00000000
756	0.00000000
757	0.00000000
758	0.00000000
759	0.00000000
760	0.00000000
761	0.00000000
762	0.00000000
763	0.00000000
764	0.00000000
765	0.00000000
766	0.00000000
767	0.00000000
768	0.00000000
769	0.00000000
770	0.00000000
771	0.00000000
772	0.00000000
773	0.00000000
774	0.00000000
775	0.00000000
776	0.00000000
777	0.00000000
778	0.00000000
779	0.00000000
780	0.00000000
781	0.00000000
782	0.00000000
783	0.00000000
784	0.00000000
785	0.00000000
786	0.00000000
787	0.00000000
788	0.00000000
789	0.00000000
790	0.00000000
791	0.00000000
792	0.00000000
793	0.00000000
794	0.00000000
795	0.00000000
796	0.00000000
797	0.00000000
798	0.00000000
799	0.00000000
800	0.00000000
801	0.00000000
802	0.00000000
803	0.00000000
804	0.00000000
805	0.00000000
806	0.00000000
807	0.00000000
808	0.00000000
809	0.00000000
810	0.00000000
811	0.00000000
812	0.00000000
813	0.00000000
814	0.00000000
815	0.00000000
816	0.00000000
817	0.00000000
818	0.00000000
819	0.00000000
820	0.00000000
821	0.00000000
822	0.00000000
823	0.00000000
824	0.00000000
825	0.00000000
826	0.00000000
827	0.00000000
828	0.00000000
829	0.00000000
830	0.00000000
831	0.00000000
832	0.00000000
833	0.00000000
834	0.00000000
835	0.00000000
836	0.00000000
837	0.00000000
838	0.00000000
839	0.00000000
840	0.00000000
841	0.00000000
842	0.00000000
843	0.00000000
844	0.00000000
845	0.00000000
846	0.00000000
847	0.00000000
848	0.00000000
849	0.00000000
850	0.00000000
851	0.00000000
852	0.00000000
853	0.00000000
854	0.00000000
855	0.00000000
856	0.00000000
857	0.00000000
858	0.00000000
859	0.00000000
860	0.00000000
861	0.00000000
862	0.00000000
863	0.00000000
864	0.00000000
865	0.00000000
866	0.00000000
867	0.00000000
868	0.00000000
869	0.00000000
870	0.00000000
871	0.00000000
872	0.00000000
873	0.00000000
874	0.00000000
875	0.00000000
876	0.00000000
877	0.00000000
878	0.00000000
879	0.00000000
880	0.00000000
881	0.00000000
882	0.00000000
883	0.00000000
884	0.00000000
885	0.00000000
886	0.00000000
887	0.00000000
888	0.00000000
889	0.00000000
890	0.00000000
891	0.00000000
892	0.00000000
893	0.00000000
894	0.00000000
895	0.00000000
896	0.00000000
897	0.00000000
898	0.00000000
899	0.00000000
900	0.00000000
901	0.00000000
902	0.00000000
903	0.00000000
904	0.00000000
905	0.00000000
906	0.00000000
907	0.00000000
908	0.00000000
909	0.00000000
910	0.00000000
911	0.00000000
912	0.00000000
913	0.00000000
914	0.00000000
915	0.00000000
916	0.00000000
917	0.00000000
918	0.00000000
919	0.00000000
920	0.00000000
921	0.00000000
922	0.00000000
923	0.00000000
924	0.00000000
925	0.00000000
926	0.00000000
927	0.00000000
928	0.00000000
929	0.00000000
930	0.00000000
931	0.00000000
932	0.00000000
933	0.00000000
934	0.00000000
935	0.00000000
936	0.00000000
937	0.00000000
938	0.00000000
939	0.00000000
940	0.00000000
941	0.00000000
942	0.00000000
943	0.00000000
944	0.00000000
945	0.00000000
946	0.00000000
947	0.00000000
948	0.00000000
949	0.00000000
950	0.00000000
951	0.00000000
952	0.00000000
953	0.00000000
954	0.00000000
955	0.00000000
956	0.00000000
957	0.00000000
958	0.00000000
959	0.00000000
960	0.00000000
961	0.00000000
962	0.00000000
963	0.00000000
964	0.00000000
965	0.00000000
966	0.00000000
967	0.00000000
968	0.00000000
969	0.00000000
970	0.00000000
971	0.00000000
972	0.00000000
973	0.00000000
974	0.00000000
975	0.00000000
976	0.00000000
977	0.00000000
978	0.00000000
979	0.00000000
980	0.00000000
981	0.00000000
982	0.00000000
983	0.00000000
984	0.00000000
985	0.00000000
986	0.00000000
987	0.00000000
988	0.00000000
989	0.00000000
990	0.00000000
991	0.00000000
992	0.00000000
993	0.00000000
994	0.00000000
995	0.00000000
996	0.00000000
997	0.00000000
998	0.00000000
999	0.00000000
