0	0.00000000
1	0.00000000
2	0.00000000
3	0.00000000
4	0.00000000
5	0.00000000
6	0.00000000
7	0.00000000
8	0.00000000
9	0.00000000
10	0.00000000
11	0.00000000
12	0.00000000
13	0.00776850
14	0.05182450
15	0.04237313
16	0.04561095
17	0.03655993
18	0.03907139
19	0.04051831
20	0.04170217
21	0.03733026
22	0.03379337
23	0.02954293
24	0.02626804
25	0.02368339
26	0.02169003
27	0.02015250
28	0.01950702
29	0.01852785
30	0.01777674
31	0.01748637
32	0.02143702
33	0.02526118
34	0.02593769
35	0.02829232
36	0.02969142
37	0.02895626
38	0.02802070
39	0.02793535
40	0.02683652
41	0.02654573
42	0.02582924
43	0.02543786
44	0.02490357
45	0.02459534
46	0.02429151
47	0.02360756
48	0.02321765
49	0.02257020
50	0.02178474
51	0.02125194
52	0.02044372
53	0.01985062
54	0.01922291
55	0.01944901
56	0.01957973
57	0.01939924
58	0.01938566
59	0.01888224
60	0.01838640
61	0.01785193
62	0.01742735
63	0.01725006
64	0.01703538
65	0.01692892
66	0.01654070
67	0.01612710
68	0.01566047
69	0.01527900
70	0.01486729
71	0.01441121
72	0.01406753
73	0.01360838
74	0.01317062
75	0.01266314
76	0.01229850
77	0.01195201
78	0.01178919
79	0.01162209
80	0.01135713
81	0.01109148
82	0.01085538
83	0.01054627
84	0.01029460
85	0.01006757
86	0.00978916
87	0.00954946
88	0.00924562
89	0.00898674
90	0.00868388
91	0.00842596
92	0.00813845
93	0.00787750
94	0.00760839
95	0.00736919
96	0.00714209
97	0.00690556
98	0.00667432
99	0.00646586
100	0.00626681
101	0.00609131
102	0.00595680
103	0.00581680
104	0.00563447
105	0.00547966
106	0.00531014
107	0.00514015
108	0.00497727
109	0.00482307
110	0.00466691
111	0.00452585
112	0.00438771
113	0.00425128
114	0.00411269
115	0.00398224
116	0.00385636
117	0.00373544
118	0.00361803
119	0.00350546
120	0.00339515
121	0.00328919
122	0.00318657
123	0.00308712
124	0.00299351
125	0.00290593
126	0.00281561
127	0.00273129
128	0.00264358
129	0.00256290
130	0.00248253
131	0.00240564
132	0.00233096
133	0.00225877
134	0.00218864
135	0.00212070
136	0.00205488
137	0.00199108
138	0.00192915
139	0.00186915
140	0.00181101
141	0.00175470
142	0.00170015
143	0.00164729
144	0.00159608
145	0.00154648
146	0.00149841
147	0.00145187
148	0.00140680
149	0.00136316
150	0.00132088
151	0.00127990
152	0.00124020
153	0.00120171
154	0.00116441
155	0.00112828
156	0.00109326
157	0.00105933
158	0.00102645
159	0.00099459
160	0.00096372
161	0.00093381
162	0.00090482
163	0.00087673
164	0.00084952
165	0.00082314
166	0.00079759
167	0.00077283
168	0.00074883
169	0.00072558
170	0.00070306
171	0.00068123
172	0.00066008
173	0.00063959
174	0.00061973
175	0.00060050
176	0.00058185
177	0.00056379
178	0.00054629
179	0.00052933
180	0.00051290
181	0.00049698
182	0.00048155
183	0.00046660
184	0.00045212
185	0.00043808
186	0.00042448
187	0.00041131
188	0.00039854
189	0.00038617
190	0.00037418
191	0.00036256
192	0.00035131
193	0.00034040
194	0.00032984
195	0.00031960
196	0.00030968
197	0.00030006
198	0.00029075
199	0.00028172
200	0.00027298
201	0.00026450
202	0.00025629
203	0.00024833
204	0.00024063
205	0.00023316
206	0.00022592
207	0.00021890
208	0.00021211
209	0.00020552
210	0.00019914
211	0.00019296
212	0.00018697
213	0.00018117
214	0.00017554
215	0.00017009
216	0.00016481
217	0.00015970
218	0.00015474
219	0.00014994
220	0.00014528
221	0.00014077
222	0.00013640
223	0.00013217
224	0.00012806
225	0.00012409
226	0.00012024
227	0.00011650
228	0.00011289
229	0.00010938
230	0.00010599
231	0.00010270
232	0.00009951
233	0.00009642
234	0.00009343
235	0.00009053
236	0.00008772
237	0.00008499
238	0.00008236
239	0.00007980
240	0.00007732
241	0.00007492
242	0.00007260
243	0.00007034
244	0.00006816
245	0.00006604
246	0.00006399
247	0.00006201
248	0.00006008
249	0.00005822
250	0.00005641
251	0.00005466
252	0.00005296
253	0.00005132
254	0.00004972
255	0.00004818
256	0.00004668
257	0.00004524
258	0.00004383
259	0.00004247
260	0.00004115
261	0.00003987
262	0.00003864
263	0.00003744
264	0.00003628
265	0.00003515
266	0.00003406
267	0.00003300
268	0.00003198
269	0.00003098
270	0.00003002
271	0.00002909
272	0.00002819
273	0.00002731
274	0.00002646
275	0.00002564
276	0.00002485
277	0.00002408
278	0.00002333
279	0.00002260
280	0.00002190
281	0.00002122
282	0.00002056
283	0.00001992
284	0.00001931
285	0.00001871
286	0.00001813
287	0.00001756
288	0.00001702
289	0.00001649
290	0.00001598
291	0.00001548
292	0.00001500
293	0.00001454
294	0.00001408
295	0.00001365
296	0.00001322
297	0.00001281
298	0.00001242
299	0.00001203
300	0.00001166
301	0.00001129
302	0.00001094
303	0.00001060
304	0.00001028
305	0.00000996
306	0.00000965
307	0.00000935
308	0.00000906
309	0.00000878
310	0.00000850
311	0.00000824
312	0.00000798
313	0.00000774
314	0.00000750
315	0.00000726
316	0.00000704
317	0.00000682
318	0.00000661
319	0.00000640
320	0.00000620
321	0.00000601
322	0.00000582
323	0.00000564
324	0.00000547
325	0.00000530
326	0.00000513
327	0.00000497
328	0.00000482
329	0.00000467
330	0.00000453
331	0.00000439
332	0.00000425
333	0.00000412
334	0.00000399
335	0.00000387
336	0.00000375
337	0.00000363
338	0.00000352
339	0.00000341
340	0.00000330
341	0.00000320
342	0.00000310
343	0.00000300
344	0.00000291
345	0.00000282
346	0.00000273
347	0.00000265
348	0.00000257
349	0.00000249
350	0.00000241
351	0.00000233
352	0.00000226
353	0.00000219
354	0.00000212
355	0.00000206
356	0.00000199
357	0.00000193
358	0.00000187
359	0.00000181
360	0.00000176
361	0.00000170
362	0.00000165
363	0.00000160
364	0.00000155
365	0.00000150
366	0.00000145
367	0.00000141
368	0.00000137
369	0.00000132
370	0.00000128
371	0.00000124
372	0.00000120
373	0.00000117
374	0.00000113
375	0.00000109
376	0.00000106
377	0.00000103
378	0.00000100
379	0.00000097
380	0.00000094
381	0.00000091
382	0.00000088
383	0.00000085
384	0.00000082
385	0.00000080
386	0.00000077
387	0.00000075
388	0.00000073
389	0.00000070
390	0.00000068
391	0.00000066
392	0.00000064
393	0.00000062
394	0.00000060
395	0.00000058
396	0.00000056
397	0.00000055
398	0.00000053
399	0.00000051
400	0.00000050
401	0.00000048
402	0.00000047
403	0.00000045
404	0.00000044
405	0.00000043
406	0.00000041
407	0.00000040
408	0.00000039
409	0.00000037
410	0.00000036
411	0.00000035
412	0.00000034
413	0.00000033
414	0.00000032
415	0.00000031
416	0.00000030
417	0.00000029
418	0.00000028
419	0.00000027
420	0.00000026
421	0.00000026
422	0.00000025
423	0.00000024
424	0.00000023
425	0.00000023
426	0.00000022
427	0.00000021
428	0.00000021
429	0.00000020
430	0.00000019
431	0.00000019
432	0.00000018
433	0.00000018
434	0.00000017
435	0.00000017
436	0.00000016
437	0.00000015
438	0.00000015
439	0.00000015
440	0.00000014
441	0.00000014
442	0.00000013
443	0.00000013
444	0.00000012
445	0.00000012
446	0.00000012
447	0.00000011
448	0.00000011
449	0.00000011
450	0.00000010
451	0.00000010
452	0.00000010
453	0.00000009
454	0.00000009
455	0.00000009
456	0.00000009
457	0.00000008
458	0.00000008
459	0.00000008
460	0.00000008
461	0.00000007
462	0.00000007
463	0.00000007
464	0.00000007
465	0.00000006
466	0.00000006
467	0.00000006
468	0.00000006
469	0.00000006
470	0.00000005
471	0.00000005
472	0.00000005
473	0.00000005
474	0.00000005
475	0.00000005
476	0.00000005
477	0.00000004
478	0.00000004
479	0.00000004
480	0.00000004
481	0.00000004
482	0.00000004
483	0.00000004
484	0.00000004
485	0.00000003
486	0.00000003
487	0.00000003
488	0.00000003
489	0.00000003
490	0.00000003
491	0.00000003
492	0.00000003
493	0.00000003
494	0.00000003
495	0.00000002
496	0.00000002
497	0.00000002
498	0.00000002
499	0.00000002
500	0.00000002
501	0.00000002
502	0.00000002
503	0.00000002
504	0.00000002
505	0.00000002
506	0.00000002
507	0.00000002
508	0.00000002
509	0.00000002
510	0.00000002
511	0.00000002
512	0.00000001
513	0.00000001
514	0.00000001
515	0.00000001
516	0.00000001
517	0.00000001
518	0.00000001
519	0.00000001
520	0.00000001
521	0.00000001
522	0.00000001
523	0.00000001
524	0.00000001
525	0.00000001
526	0.00000001
527	0.00000001
528	0.00000001
529	0.00000001
530	0.00000001
531	0.00000001
532	0.00000001
533	0.00000001
534	0.00000001
535	0.00000001
536	0.00000001
537	0.00000001
538	0.00000001
539	0.00000001
540	0.00000001
541	0.00000001
542	0.00000001
543	0.00000001
544	0.00000001
545	0.00000001
546	0.00000000
547	0.00000000
548	0.00000000
549	0.00000000
550	0.00000000
551	0.00000000
552	0.00000000
553	0.00000000
554	0.00000000
555	0.00000000
556	0.00000000
557	0.00000000
558	0.00000000
559	0.00000000
560	0.00000000
561	0.00000000
562	0.00000000
563	0.00000000
564	0.00000000
565	0.00000000
566	0.00000000
567	0.00000000
568	0.00000000
569	0.00000000
570	0.00000000
571	0.00000000
572	0.00000000
573	0.00000000
574	0.00000000
575	0.00000000
576	0.00000000
577	0.00000000
578	0.00000000
579	0.00000000
580	0.00000000
581	0.00000000
582	0.00000000
583	0.00000000
584	0.00000000
585	0.00000000
586	0.00000000
587	0.00000000
588	0.00000000
589	0.00000000
590	0.00000000
591	0.00000000
592	0.00000000
593	0.00000000
594	0.00000000
595	0.00000000
596	0.00000000
597	0.00000000
598	0.00000000
599	0.00000000
600	0.00000000
601	0.00000000
602	0.00000000
603	0.00000000
604	0.00000000
605	0.00000000
606	0.00000000
607	0.00000000
608	0.00000000
609	0.00000000
610	0.00000000
611	0.00000000
612	0.00000000
613	0.00000000
614	0.00000000
615	0.00000000
616	0.00000000
617	0.00000000
618	0.00000000
619	0.00000000
620	0.00000000
621	0.00000000
622	0.00000000
623	0.00000000
624	0.00000000
625	0.00000000
626	0.00000000
627	0.00000000
628	0.00000000
629	0.00000000
630	0.00000000
631	0.00000000
632	0.00000000
633	0.00000000
634	0.00000000
635	0.00000000
636	0.00000000
637	0.00000000
638	0.00000000
639	0.00000000
640	0.00000000
641	0.00000000
642	0.00000000
643	0.00000000
644	0.00000000
645	0.00000000
646	0.00000000
647	0.00000000
648	0.00000000
649	0.00000000
650	0.00000000
651	0.00000000
652	0.00000000
653	0.00000000
654	0.00000000
655	0.00000000
656	0.00000000
657	0.00000000
658	0.00000000
659	0.00000000
660	0.00000000
661	0.00000000
662	0.00000000
663	0.00000000
664	0.00000000
665	0.00000000
666	0.00000000
667	0.00000000
668	0.00000000
669	0.00000000
670	0.00000000
671	0.00000000
672	0.00000000
673	0.00000000
674	0.00000000
675	0.00000000
676	0.00000000
677	0.00000000
678	0.00000000
679	0.00000000
680	0.00000000
681	0.00000000
682	0.00000000
683	0.00000000
684	0.00000000
685	0.00000000
686	0.00000000
687	0.00000000
688	0.00000000
689	0.00000000
690	0.00000000
691	0.00000000
692	0.00000000
693	0.00000000
694	0.00000000
695	0.00000000
696	0.00000000
697	0.00000000
698	0.00000000
699	0.00000000
700	0.00000000
701	0.00000000
702	0.00000000
703	0.00000000
704	0.00000000
705	0.00000000
706	0.00000000
707	0.00000000
708	0.00000000
709	0.00000000
710	0.00000000
711	0.00000000
712	0.00000000
713	0.00000000
714	0.00000000
715	0.00000000
716	0.00000000
717	0.00000000
718	0.00000000
719	0.00000000
720	0.00000000
721	0.00000000
722	0.00000000
723	0.00000000
724	0.00000000
725	0.00000000
726	0.00000000
727	0.00000000
728	0.00000000
729	0.00000000
730	0.00000000
731	0.00000000
732	0.00000000
733	0.00000000
734	0.00000000
735	0.00000000
736	0.00000000
737	0.00000000
738	0.00000000
739	0.00000000
740	0.00000000
741	0.00000000
742	0.00000000
743	0.00000000
744	0.00000000
745	0.00000000
746	0.00000000
747	0.00000000
748	0.00000000
749	0.00000000
750	0.00000000
751	0.00000000
752	0.00000000
753	0.00000000
754	0.00000000
755	0.00000000
756	0.00000000
757	0.00000000
758	0.00000000
759	0.00000000
760	0.00000000
761	0.00000000
762	0.00000000
763	0.00000000
764	0.00000000
765	0.00000000
766	0.00000000
767	0.00000000
768	0.00000000
769	0.00000000
770	0.00000000
771	0.00000000
772	0.00000000
773	0.00000000
774	0.00000000
775	0.00000000
776	0.00000000
777	0.00000000
778	0.00000000
779	0.00000000
780	0.00000000
781	0.00000000
782	0.00000000
783	0.00000000
784	0.00000000
785	0.00000000
786	0.00000000
787	0.00000000
788	0.00000000
789	0.00000000
790	0.00000000
791	0.00000000
792	0.00000000
793	0.00000000
794	0.00000000
795	0.00000000
796	0.00000000
797	0.00000000
798	0.00000000
799	0.00000000
800	0.00000000
801	0.00000000
802	0.00000000
803	0.00000000
804	0.00000000
805	0.00000000
806	0.00000000
807	0.00000000
808	0.00000000
809	0.00000000
810	0.00000000
811	0.00000000
812	0.00000000
813	0.00000000
814	0.00000000
815	0.00000000
816	0.00000000
817	0.00000000
818	0.00000000
819	0.00000000
820	0.00000000
821	0.00000000
822	0.00000000
823	0.00000000
824	0.00000000
825	0.00000000
826	0.00000000
827	0.00000000
828	0.00000000
829	0.00000000
830	0.00000000
831	0.00000000
832	0.00000000
833	0.00000000
834	0.00000000
835	0.00000000
836	0.00000000
837	0.00000000
838	0.00000000
839	0.00000000
840	0.00000000
841	0.00000000
842	0.00000000
843	0.00000000
844	0.00000000
845	0.00000000
846	0.00000000
847	0.00000000
848	0.00000000
849	0.00000000
850	0.00000000
851	0.00000000
852	0.00000000
853	0.00000000
854	0.00000000
855	0.00000000
856	0.00000000
857	0.00000000
858	0.00000000
859	0.00000000
860	0.00000000
861	0.00000000
862	0.00000000
863	0.00000000
864	0.00000000
865	0.00000000
866	0.00000000
867	0.00000000
868	0.00000000
869	0.00000000
870	0.00000000
871	0.00000000
872	0.00000000
873	0.00000000
874	0.00000000
875	0.00000000
876	0.00000000
877	0.00000000
878	0.00000000
879	0.00000000
880	0.00000000
881	0.00000000
882	0.00000000
883	0.00000000
884	0.00000000
885	0.00000000
886	0.00000000
887	0.00000000
888	0.00000000
889	0.00000000
890	0.00000000
891	0.00000000
892	0.00000000
893	0.00000000
894	0.00000000
895	0.00000000
896	0.00000000
897	0.00000000
898	0.00000000
899	0.00000000
900	0.00000000
901	0.00000000
902	0.00000000
903	0.00000000
904	0.00000000
905	0.00000000
906	0.00000000
907	0.00000000
908	0.00000000
909	0.00000000
910	0.00000000
911	0.00000000
912	0.00000000
913	0.00000000
914	0.00000000
915	0.00000000
916	0.00000000
917	0.00000000
918	0.00000000
919	0.00000000
920	0.00000000
921	0.00000000
922	0.00000000
923	0.00000000
924	0.00000000
925	0.00000000
926	0.00000000
927	0.00000000
928	0.00000000
929	0.00000000
930	0.00000000
931	0.00000000
932	0.00000000
933	0.00000000
934	0.00000000
935	0.00000000
936	0.00000000
937	0.00000000
938	0.00000000
939	0.00000000
940	0.00000000
941	0.00000000
942	0.00000000
943	0.00000000
944	0.00000000
945	0.00000000
946	0.00000000
947	0.00000000
948	0.00000000
949	0.00000000
950	0.00000000
951	0.00000000
952	0.00000000
953	0.00000000
954	0.00000000
955	0.00000000
956	0.00000000
957	0.00000000
958	0.00000000
959	0.00000000
960	0.00000000
961	0.00000000
962	0.00000000
963	0.00000000
964	0.00000000
965	0.00000000
966	0.00000000
967	0.00000000
968	0.00000000
969	0.00000000
970	0.00000000
971	0.00000000
972	0.00000000
973	0.00000000
974	0.00000000
975	0.00000000
976	0.00000000
977	0.00000000
978	0.00000000
979	0.00000000
980	0.00000000
981	0.00000000
982	0.00000000
983	0.00000000
984	0.00000000
985	0.00000000
986	0.00000000
987	0.00000000
988	0.00000000
989	0.00000000
990	0.00000000
991	0.00000000
992	0.00000000
993	0.00000000
994	0.00000000
995	0.00000000
996	0.00000000
997	0.00000000
998	0.00000000
999	0.00000000
