0	0.00000000
1	0.00000000
2	0.00000000
3	0.00000000
4	0.00000000
5	0.00000000
6	0.00000000
7	0.00000000
8	0.00000000
9	0.00000000
10	0.00000000
11	0.00000000
12	0.00000000
13	0.00284368
14	0.01966476
15	0.01669711
16	0.02418394
17	0.02439332
18	0.03391073
19	0.04074770
20	0.04469318
21	0.04160092
22	0.04033200
23	0.03586122
24	0.03348342
25	0.03016902
26	0.02792361
27	0.02534180
28	0.02376516
29	0.02194910
30	0.02056237
31	0.01930484
32	0.02040859
33	0.02195191
34	0.02342508
35	0.02507411
36	0.02608799
37	0.02602049
38	0.02648099
39	0.02685684
40	0.02622234
41	0.02643840
42	0.02598827
43	0.02562816
44	0.02465646
45	0.02391350
46	0.02328027
47	0.02251873
48	0.02239957
49	0.02191043
50	0.02150672
51	0.02106071
52	0.02034286
53	0.01977686
54	0.01903362
55	0.01888643
56	0.01883970
57	0.01845891
58	0.01817880
59	0.01774609
60	0.01725544
61	0.01697864
62	0.01665067
63	0.01643782
64	0.01623101
65	0.01603420
66	0.01578470
67	0.01536029
68	0.01510244
69	0.01469192
70	0.01433058
71	0.01388003
72	0.01358411
73	0.01307509
74	0.01270224
75	0.01221340
76	0.01184061
77	0.01146523
78	0.01119819
79	0.01097697
80	0.01065254
81	0.01040448
82	0.01016826
83	0.00984396
84	0.00963574
85	0.00946990
86	0.00925512
87	0.00902902
88	0.00876915
89	0.00854270
90	0.00825166
91	0.00797456
92	0.00771604
93	0.00745054
94	0.00721239
95	0.00696730
96	0.00675657
97	0.00652711
98	0.00631041
99	0.00611265
100	0.00591629
101	0.00575314
102	0.00561301
103	0.00544650
104	0.00527890
105	0.00512687
106	0.00496466
107	0.00482059
108	0.00467967
109	0.00454780
110	0.00439827
111	0.00425898
112	0.00413211
113	0.00400285
114	0.00387241
115	0.00374984
116	0.00363237
117	0.00351839
118	0.00341006
119	0.00330201
120	0.00319795
121	0.00309793
122	0.00300097
123	0.00290709
124	0.00281791
125	0.00273462
126	0.00264832
127	0.00256719
128	0.00248640
129	0.00240963
130	0.00233453
131	0.00226246
132	0.00219253
133	0.00212466
134	0.00205883
135	0.00199500
136	0.00193311
137	0.00187311
138	0.00181495
139	0.00175858
140	0.00170394
141	0.00165100
142	0.00159970
143	0.00155000
144	0.00150183
145	0.00145517
146	0.00140995
147	0.00136615
148	0.00132373
149	0.00128264
150	0.00124283
151	0.00120425
152	0.00116687
153	0.00113065
154	0.00109555
155	0.00106154
156	0.00102859
157	0.00099667
158	0.00096574
159	0.00093576
160	0.00090672
161	0.00087858
162	0.00085131
163	0.00082488
164	0.00079927
165	0.00077446
166	0.00075042
167	0.00072713
168	0.00070455
169	0.00068268
170	0.00066149
171	0.00064095
172	0.00062105
173	0.00060177
174	0.00058309
175	0.00056499
176	0.00054745
177	0.00053046
178	0.00051399
179	0.00049803
180	0.00048257
181	0.00046759
182	0.00045308
183	0.00043901
184	0.00042538
185	0.00041218
186	0.00039938
187	0.00038699
188	0.00037497
189	0.00036333
190	0.00035205
191	0.00034112
192	0.00033053
193	0.00032027
194	0.00031033
195	0.00030070
196	0.00029136
197	0.00028232
198	0.00027355
199	0.00026506
200	0.00025683
201	0.00024886
202	0.00024114
203	0.00023365
204	0.00022640
205	0.00021937
206	0.00021256
207	0.00020596
208	0.00019957
209	0.00019337
210	0.00018737
211	0.00018155
212	0.00017592
213	0.00017046
214	0.00016516
215	0.00016004
216	0.00015507
217	0.00015025
218	0.00014559
219	0.00014107
220	0.00013669
221	0.00013245
222	0.00012834
223	0.00012435
224	0.00012049
225	0.00011675
226	0.00011313
227	0.00010962
228	0.00010621
229	0.00010292
230	0.00009972
231	0.00009663
232	0.00009363
233	0.00009072
234	0.00008790
235	0.00008517
236	0.00008253
237	0.00007997
238	0.00007749
239	0.00007508
240	0.00007275
241	0.00007049
242	0.00006830
243	0.00006618
244	0.00006413
245	0.00006214
246	0.00006021
247	0.00005834
248	0.00005653
249	0.00005477
250	0.00005307
251	0.00005143
252	0.00004983
253	0.00004828
254	0.00004678
255	0.00004533
256	0.00004392
257	0.00004256
258	0.00004124
259	0.00003996
260	0.00003872
261	0.00003752
262	0.00003635
263	0.00003522
264	0.00003413
265	0.00003307
266	0.00003204
267	0.00003105
268	0.00003009
269	0.00002915
270	0.00002825
271	0.00002737
272	0.00002652
273	0.00002570
274	0.00002490
275	0.00002413
276	0.00002338
277	0.00002265
278	0.00002195
279	0.00002127
280	0.00002061
281	0.00001997
282	0.00001935
283	0.00001875
284	0.00001816
285	0.00001760
286	0.00001705
287	0.00001653
288	0.00001601
289	0.00001551
290	0.00001503
291	0.00001457
292	0.00001411
293	0.00001368
294	0.00001325
295	0.00001284
296	0.00001244
297	0.00001206
298	0.00001168
299	0.00001132
300	0.00001097
301	0.00001063
302	0.00001030
303	0.00000998
304	0.00000967
305	0.00000937
306	0.00000908
307	0.00000879
308	0.00000852
309	0.00000826
310	0.00000800
311	0.00000775
312	0.00000751
313	0.00000728
314	0.00000705
315	0.00000683
316	0.00000662
317	0.00000642
318	0.00000622
319	0.00000602
320	0.00000584
321	0.00000566
322	0.00000548
323	0.00000531
324	0.00000515
325	0.00000499
326	0.00000483
327	0.00000468
328	0.00000454
329	0.00000439
330	0.00000426
331	0.00000413
332	0.00000400
333	0.00000387
334	0.00000375
335	0.00000364
336	0.00000352
337	0.00000341
338	0.00000331
339	0.00000321
340	0.00000311
341	0.00000301
342	0.00000292
343	0.00000283
344	0.00000274
345	0.00000265
346	0.00000257
347	0.00000249
348	0.00000241
349	0.00000234
350	0.00000227
351	0.00000220
352	0.00000213
353	0.00000206
354	0.00000200
355	0.00000194
356	0.00000188
357	0.00000182
358	0.00000176
359	0.00000171
360	0.00000165
361	0.00000160
362	0.00000155
363	0.00000150
364	0.00000146
365	0.00000141
366	0.00000137
367	0.00000133
368	0.00000128
369	0.00000124
370	0.00000121
371	0.00000117
372	0.00000113
373	0.00000110
374	0.00000106
375	0.00000103
376	0.00000100
377	0.00000097
378	0.00000094
379	0.00000091
380	0.00000088
381	0.00000085
382	0.00000083
383	0.00000080
384	0.00000078
385	0.00000075
386	0.00000073
387	0.00000071
388	0.00000068
389	0.00000066
390	0.00000064
391	0.00000062
392	0.00000060
393	0.00000058
394	0.00000057
395	0.00000055
396	0.00000053
397	0.00000051
398	0.00000050
399	0.00000048
400	0.00000047
401	0.00000045
402	0.00000044
403	0.00000043
404	0.00000041
405	0.00000040
406	0.00000039
407	0.00000038
408	0.00000036
409	0.00000035
410	0.00000034
411	0.00000033
412	0.00000032
413	0.00000031
414	0.00000030
415	0.00000029
416	0.00000028
417	0.00000027
418	0.00000027
419	0.00000026
420	0.00000025
421	0.00000024
422	0.00000023
423	0.00000023
424	0.00000022
425	0.00000021
426	0.00000021
427	0.00000020
428	0.00000019
429	0.00000019
430	0.00000018
431	0.00000018
432	0.00000017
433	0.00000017
434	0.00000016
435	0.00000016
436	0.00000015
437	0.00000015
438	0.00000014
439	0.00000014
440	0.00000013
441	0.00000013
442	0.00000012
443	0.00000012
444	0.00000012
445	0.00000011
446	0.00000011
447	0.00000011
448	0.00000010
449	0.00000010
450	0.00000010
451	0.00000009
452	0.00000009
453	0.00000009
454	0.00000009
455	0.00000008
456	0.00000008
457	0.00000008
458	0.00000008
459	0.00000007
460	0.00000007
461	0.00000007
462	0.00000007
463	0.00000006
464	0.00000006
465	0.00000006
466	0.00000006
467	0.00000006
468	0.00000005
469	0.00000005
470	0.00000005
471	0.00000005
472	0.00000005
473	0.00000005
474	0.00000005
475	0.00000004
476	0.00000004
477	0.00000004
478	0.00000004
479	0.00000004
480	0.00000004
481	0.00000004
482	0.00000004
483	0.00000003
484	0.00000003
485	0.00000003
486	0.00000003
487	0.00000003
488	0.00000003
489	0.00000003
490	0.00000003
491	0.00000003
492	0.00000003
493	0.00000002
494	0.00000002
495	0.00000002
496	0.00000002
497	0.00000002
498	0.00000002
499	0.00000002
500	0.00000002
501	0.00000002
502	0.00000002
503	0.00000002
504	0.00000002
505	0.00000002
506	0.00000002
507	0.00000002
508	0.00000002
509	0.00000002
510	0.00000001
511	0.00000001
512	0.00000001
513	0.00000001
514	0.00000001
515	0.00000001
516	0.00000001
517	0.00000001
518	0.00000001
519	0.00000001
520	0.00000001
521	0.00000001
522	0.00000001
523	0.00000001
524	0.00000001
525	0.00000001
526	0.00000001
527	0.00000001
528	0.00000001
529	0.00000001
530	0.00000001
531	0.00000001
532	0.00000001
533	0.00000001
534	0.00000001
535	0.00000001
536	0.00000001
537	0.00000001
538	0.00000001
539	0.00000001
540	0.00000001
541	0.00000001
542	0.00000001
543	0.00000001
544	0.00000000
545	0.00000000
546	0.00000000
547	0.00000000
548	0.00000000
549	0.00000000
550	0.00000000
551	0.00000000
552	0.00000000
553	0.00000000
554	0.00000000
555	0.00000000
556	0.00000000
557	0.00000000
558	0.00000000
559	0.00000000
560	0.00000000
561	0.00000000
562	0.00000000
563	0.00000000
564	0.00000000
565	0.00000000
566	0.00000000
567	0.00000000
568	0.00000000
569	0.00000000
570	0.00000000
571	0.00000000
572	0.00000000
573	0.00000000
574	0.00000000
575	0.00000000
576	0.00000000
577	0.00000000
578	0.00000000
579	0.00000000
580	0.00000000
581	0.00000000
582	0.00000000
583	0.00000000
584	0.00000000
585	0.00000000
586	0.00000000
587	0.00000000
588	0.00000000
589	0.00000000
590	0.00000000
591	0.00000000
592	0.00000000
593	0.00000000
594	0.00000000
595	0.00000000
596	0.00000000
597	0.00000000
598	0.00000000
599	0.00000000
600	0.00000000
601	0.00000000
602	0.00000000
603	0.00000000
604	0.00000000
605	0.00000000
606	0.00000000
607	0.00000000
608	0.00000000
609	0.00000000
610	0.00000000
611	0.00000000
612	0.00000000
613	0.00000000
614	0.00000000
615	0.00000000
616	0.00000000
617	0.00000000
618	0.00000000
619	0.00000000
620	0.00000000
621	0.00000000
622	0.00000000
623	0.00000000
624	0.00000000
625	0.00000000
626	0.00000000
627	0.00000000
628	0.00000000
629	0.00000000
630	0.00000000
631	0.00000000
632	0.00000000
633	0.00000000
634	0.00000000
635	0.00000000
636	0.00000000
637	0.00000000
638	0.00000000
639	0.00000000
640	0.00000000
641	0.00000000
642	0.00000000
643	0.00000000
644	0.00000000
645	0.00000000
646	0.00000000
647	0.00000000
648	0.00000000
649	0.00000000
650	0.00000000
651	0.00000000
652	0.00000000
653	0.00000000
654	0.00000000
655	0.00000000
656	0.00000000
657	0.00000000
658	0.00000000
659	0.00000000
660	0.00000000
661	0.00000000
662	0.00000000
663	0.00000000
664	0.00000000
665	0.00000000
666	0.00000000
667	0.00000000
668	0.00000000
669	0.00000000
670	0.00000000
671	0.00000000
672	0.00000000
673	0.00000000
674	0.00000000
675	0.00000000
676	0.00000000
677	0.00000000
678	0.00000000
679	0.00000000
680	0.00000000
681	0.00000000
682	0.00000000
683	0.00000000
684	0.00000000
685	0.00000000
686	0.00000000
687	0.00000000
688	0.00000000
689	0.00000000
690	0.00000000
691	0.00000000
692	0.00000000
693	0.00000000
694	0.00000000
695	0.00000000
696	0.00000000
697	0.00000000
698	0.00000000
699	0.00000000
700	0.00000000
701	0.00000000
702	0.00000000
703	0.00000000
704	0.00000000
705	0.00000000
706	0.00000000
707	0.00000000
708	0.00000000
709	0.00000000
710	0.00000000
711	0.00000000
712	0.00000000
713	0.00000000
714	0.00000000
715	0.00000000
716	0.00000000
717	0.00000000
718	0.00000000
719	0.00000000
720	0.00000000
721	0.00000000
722	0.00000000
723	0.00000000
724	0.00000000
725	0.00000000
726	0.00000000
727	0.00000000
728	0.00000000
729	0.00000000
730	0.00000000
731	0.00000000
732	0.00000000
733	0.00000000
734	0.00000000
735	0.00000000
736	0.00000000
737	0.00000000
738	0.00000000
739	0.00000000
740	0.00000000
741	0.00000000
742	0.00000000
743	0.00000000
744	0.00000000
745	0.00000000
746	0.00000000
747	0.00000000
748	0.00000000
749	0.00000000
750	0.00000000
751	0.00000000
752	0.00000000
753	0.00000000
754	0.00000000
755	0.00000000
756	0.00000000
757	0.00000000
758	0.00000000
759	0.00000000
760	0.00000000
761	0.00000000
762	0.00000000
763	0.00000000
764	0.00000000
765	0.00000000
766	0.00000000
767	0.00000000
768	0.00000000
769	0.00000000
770	0.00000000
771	0.00000000
772	0.00000000
773	0.00000000
774	0.00000000
775	0.00000000
776	0.00000000
777	0.00000000
778	0.00000000
779	0.00000000
780	0.00000000
781	0.00000000
782	0.00000000
783	0.00000000
784	0.00000000
785	0.00000000
786	0.00000000
787	0.00000000
788	0.00000000
789	0.00000000
790	0.00000000
791	0.00000000
792	0.00000000
793	0.00000000
794	0.00000000
795	0.00000000
796	0.00000000
797	0.00000000
798	0.00000000
799	0.00000000
800	0.00000000
801	0.00000000
802	0.00000000
803	0.00000000
804	0.00000000
805	0.00000000
806	0.00000000
807	0.00000000
808	0.00000000
809	0.00000000
810	0.00000000
811	0.00000000
812	0.00000000
813	0.00000000
814	0.00000000
815	0.00000000
816	0.00000000
817	0.00000000
818	0.00000000
819	0.00000000
820	0.00000000
821	0.00000000
822	0.00000000
823	0.00000000
824	0.00000000
825	0.00000000
826	0.00000000
827	0.00000000
828	0.00000000
829	0.00000000
830	0.00000000
831	0.00000000
832	0.00000000
833	0.00000000
834	0.00000000
835	0.00000000
836	0.00000000
837	0.00000000
838	0.00000000
839	0.00000000
840	0.00000000
841	0.00000000
842	0.00000000
843	0.00000000
844	0.00000000
845	0.00000000
846	0.00000000
847	0.00000000
848	0.00000000
849	0.00000000
850	0.00000000
851	0.00000000
852	0.00000000
853	0.00000000
854	0.00000000
855	0.00000000
856	0.00000000
857	0.00000000
858	0.00000000
859	0.00000000
860	0.00000000
861	0.00000000
862	0.00000000
863	0.00000000
864	0.00000000
865	0.00000000
866	0.00000000
867	0.00000000
868	0.00000000
869	0.00000000
870	0.00000000
871	0.00000000
872	0.00000000
873	0.00000000
874	0.00000000
875	0.00000000
876	0.00000000
877	0.00000000
878	0.00000000
879	0.00000000
880	0.00000000
881	0.00000000
882	0.00000000
883	0.00000000
884	0.00000000
885	0.00000000
886	0.00000000
887	0.00000000
888	0.00000000
889	0.00000000
890	0.00000000
891	0.00000000
892	0.00000000
893	0.00000000
894	0.00000000
895	0.00000000
896	0.00000000
897	0.00000000
898	0.00000000
899	0.00000000
900	0.00000000
901	0.00000000
902	0.00000000
903	0.00000000
904	0.00000000
905	0.00000000
906	0.00000000
907	0.00000000
908	0.00000000
909	0.00000000
910	0.00000000
911	0.00000000
912	0.00000000
913	0.00000000
914	0.00000000
915	0.00000000
916	0.00000000
917	0.00000000
918	0.00000000
919	0.00000000
920	0.00000000
921	0.00000000
922	0.00000000
923	0.00000000
924	0.00000000
925	0.00000000
926	0.00000000
927	0.00000000
928	0.00000000
929	0.00000000
930	0.00000000
931	0.00000000
932	0.00000000
933	0.00000000
934	0.00000000
935	0.00000000
936	0.00000000
937	0.00000000
938	0.00000000
939	0.00000000
940	0.00000000
941	0.00000000
942	0.00000000
943	0.00000000
944	0.00000000
945	0.00000000
946	0.00000000
947	0.00000000
948	0.00000000
949	0.00000000
950	0.00000000
951	0.00000000
952	0.00000000
953	0.00000000
954	0.00000000
955	0.00000000
956	0.00000000
957	0.00000000
958	0.00000000
959	0.00000000
960	0.00000000
961	0.00000000
962	0.00000000
963	0.00000000
964	0.00000000
965	0.00000000
966	0.00000000
967	0.00000000
968	0.00000000
969	0.00000000
970	0.00000000
971	0.00000000
972	0.00000000
973	0.00000000
974	0.00000000
975	0.00000000
976	0.00000000
977	0.00000000
978	0.00000000
979	0.00000000
980	0.00000000
981	0.00000000
982	0.00000000
983	0.00000000
984	0.00000000
985	0.00000000
986	0.00000000
987	0.00000000
988	0.00000000
989	0.00000000
990	0.00000000
991	0.00000000
992	0.00000000
993	0.00000000
994	0.00000000
995	0.00000000
996	0.00000000
997	0.00000000
998	0.00000000
999	0.00000000
