0	0.00000000
1	0.00000000
2	0.00000000
3	0.00000000
4	0.00000000
5	0.00000000
6	0.00000000
7	0.00000000
8	0.00000000
9	0.00000000
10	0.00000000
11	0.00000000
12	0.00000000
13	0.00231210
14	0.01598431
15	0.01356544
16	0.02160457
17	0.02160797
18	0.03370072
19	0.04028969
20	0.04643546
21	0.04431149
22	0.04433941
23	0.04062614
24	0.03812810
25	0.03403396
26	0.03057424
27	0.02677350
28	0.02478883
29	0.02229858
30	0.02041309
31	0.01884649
32	0.01917017
33	0.01997104
34	0.02085778
35	0.02232410
36	0.02313170
37	0.02353971
38	0.02571261
39	0.02661780
40	0.02716886
41	0.02736382
42	0.02727150
43	0.02652407
44	0.02518390
45	0.02372089
46	0.02280736
47	0.02186548
48	0.02166700
49	0.02112466
50	0.02083492
51	0.02032089
52	0.02006123
53	0.01947749
54	0.01881938
55	0.01850662
56	0.01827989
57	0.01780668
58	0.01739756
59	0.01688577
60	0.01657858
61	0.01664777
62	0.01649956
63	0.01621023
64	0.01597603
65	0.01578388
66	0.01528294
67	0.01488168
68	0.01455237
69	0.01430251
70	0.01395703
71	0.01359664
72	0.01330793
73	0.01285407
74	0.01238801
75	0.01190611
76	0.01146947
77	0.01109023
78	0.01078912
79	0.01053478
80	0.01020839
81	0.00996762
82	0.00974274
83	0.00944268
84	0.00930532
85	0.00928688
86	0.00895633
87	0.00875732
88	0.00853774
89	0.00828969
90	0.00799751
91	0.00771281
92	0.00747283
93	0.00721457
94	0.00696520
95	0.00673429
96	0.00651782
97	0.00630085
98	0.00609160
99	0.00589687
100	0.00570838
101	0.00554229
102	0.00539835
103	0.00523990
104	0.00507741
105	0.00493051
106	0.00477848
107	0.00465652
108	0.00453335
109	0.00439086
110	0.00424844
111	0.00411360
112	0.00398957
113	0.00385911
114	0.00373636
115	0.00361821
116	0.00350402
117	0.00339393
118	0.00328799
119	0.00318480
120	0.00308440
121	0.00298789
122	0.00289428
123	0.00280374
124	0.00271765
125	0.00263554
126	0.00255292
127	0.00247475
128	0.00239688
129	0.00232296
130	0.00225091
131	0.00218183
132	0.00211448
133	0.00204902
134	0.00198545
135	0.00192393
136	0.00186423
137	0.00180638
138	0.00175028
139	0.00169593
140	0.00164324
141	0.00159219
142	0.00154272
143	0.00149478
144	0.00144833
145	0.00140332
146	0.00135972
147	0.00131747
148	0.00127655
149	0.00123692
150	0.00119851
151	0.00116130
152	0.00112525
153	0.00109032
154	0.00105647
155	0.00102368
156	0.00099191
157	0.00096113
158	0.00093130
159	0.00090239
160	0.00087439
161	0.00084725
162	0.00082095
163	0.00079547
164	0.00077078
165	0.00074685
166	0.00072367
167	0.00070120
168	0.00067943
169	0.00065834
170	0.00063790
171	0.00061810
172	0.00059891
173	0.00058032
174	0.00056230
175	0.00054485
176	0.00052793
177	0.00051154
178	0.00049566
179	0.00048027
180	0.00046537
181	0.00045092
182	0.00043692
183	0.00042336
184	0.00041022
185	0.00039748
186	0.00038514
187	0.00037319
188	0.00036160
189	0.00035038
190	0.00033950
191	0.00032896
192	0.00031875
193	0.00030885
194	0.00029927
195	0.00028998
196	0.00028097
197	0.00027225
198	0.00026380
199	0.00025561
200	0.00024768
201	0.00023999
202	0.00023254
203	0.00022532
204	0.00021832
205	0.00021155
206	0.00020498
207	0.00019862
208	0.00019245
209	0.00018648
210	0.00018069
211	0.00017508
212	0.00016964
213	0.00016438
214	0.00015927
215	0.00015433
216	0.00014954
217	0.00014490
218	0.00014040
219	0.00013604
220	0.00013182
221	0.00012773
222	0.00012376
223	0.00011992
224	0.00011620
225	0.00011259
226	0.00010909
227	0.00010571
228	0.00010243
229	0.00009925
230	0.00009617
231	0.00009318
232	0.00009029
233	0.00008748
234	0.00008477
235	0.00008214
236	0.00007959
237	0.00007712
238	0.00007472
239	0.00007240
240	0.00007016
241	0.00006798
242	0.00006587
243	0.00006382
244	0.00006184
245	0.00005992
246	0.00005806
247	0.00005626
248	0.00005451
249	0.00005282
250	0.00005118
251	0.00004959
252	0.00004805
253	0.00004656
254	0.00004512
255	0.00004372
256	0.00004236
257	0.00004104
258	0.00003977
259	0.00003853
260	0.00003734
261	0.00003618
262	0.00003506
263	0.00003397
264	0.00003291
265	0.00003189
266	0.00003090
267	0.00002994
268	0.00002901
269	0.00002811
270	0.00002724
271	0.00002639
272	0.00002557
273	0.00002478
274	0.00002401
275	0.00002327
276	0.00002254
277	0.00002184
278	0.00002117
279	0.00002051
280	0.00001987
281	0.00001926
282	0.00001866
283	0.00001808
284	0.00001752
285	0.00001697
286	0.00001645
287	0.00001594
288	0.00001544
289	0.00001496
290	0.00001450
291	0.00001405
292	0.00001361
293	0.00001319
294	0.00001278
295	0.00001238
296	0.00001200
297	0.00001163
298	0.00001126
299	0.00001092
300	0.00001058
301	0.00001025
302	0.00000993
303	0.00000962
304	0.00000932
305	0.00000903
306	0.00000875
307	0.00000848
308	0.00000822
309	0.00000796
310	0.00000772
311	0.00000748
312	0.00000724
313	0.00000702
314	0.00000680
315	0.00000659
316	0.00000639
317	0.00000619
318	0.00000600
319	0.00000581
320	0.00000563
321	0.00000545
322	0.00000528
323	0.00000512
324	0.00000496
325	0.00000481
326	0.00000466
327	0.00000451
328	0.00000437
329	0.00000424
330	0.00000411
331	0.00000398
332	0.00000386
333	0.00000374
334	0.00000362
335	0.00000351
336	0.00000340
337	0.00000329
338	0.00000319
339	0.00000309
340	0.00000300
341	0.00000290
342	0.00000281
343	0.00000273
344	0.00000264
345	0.00000256
346	0.00000248
347	0.00000240
348	0.00000233
349	0.00000226
350	0.00000219
351	0.00000212
352	0.00000205
353	0.00000199
354	0.00000193
355	0.00000187
356	0.00000181
357	0.00000175
358	0.00000170
359	0.00000165
360	0.00000159
361	0.00000154
362	0.00000150
363	0.00000145
364	0.00000141
365	0.00000136
366	0.00000132
367	0.00000128
368	0.00000124
369	0.00000120
370	0.00000116
371	0.00000113
372	0.00000109
373	0.00000106
374	0.00000103
375	0.00000099
376	0.00000096
377	0.00000093
378	0.00000090
379	0.00000088
380	0.00000085
381	0.00000082
382	0.00000080
383	0.00000077
384	0.00000075
385	0.00000072
386	0.00000070
387	0.00000068
388	0.00000066
389	0.00000064
390	0.00000062
391	0.00000060
392	0.00000058
393	0.00000056
394	0.00000055
395	0.00000053
396	0.00000051
397	0.00000050
398	0.00000048
399	0.00000047
400	0.00000045
401	0.00000044
402	0.00000042
403	0.00000041
404	0.00000040
405	0.00000039
406	0.00000037
407	0.00000036
408	0.00000035
409	0.00000034
410	0.00000033
411	0.00000032
412	0.00000031
413	0.00000030
414	0.00000029
415	0.00000028
416	0.00000027
417	0.00000026
418	0.00000026
419	0.00000025
420	0.00000024
421	0.00000023
422	0.00000023
423	0.00000022
424	0.00000021
425	0.00000021
426	0.00000020
427	0.00000019
428	0.00000019
429	0.00000018
430	0.00000018
431	0.00000017
432	0.00000016
433	0.00000016
434	0.00000015
435	0.00000015
436	0.00000015
437	0.00000014
438	0.00000014
439	0.00000013
440	0.00000013
441	0.00000012
442	0.00000012
443	0.00000012
444	0.00000011
445	0.00000011
446	0.00000011
447	0.00000010
448	0.00000010
449	0.00000010
450	0.00000009
451	0.00000009
452	0.00000009
453	0.00000008
454	0.00000008
455	0.00000008
456	0.00000008
457	0.00000007
458	0.00000007
459	0.00000007
460	0.00000007
461	0.00000007
462	0.00000006
463	0.00000006
464	0.00000006
465	0.00000006
466	0.00000006
467	0.00000005
468	0.00000005
469	0.00000005
470	0.00000005
471	0.00000005
472	0.00000005
473	0.00000005
474	0.00000004
475	0.00000004
476	0.00000004
477	0.00000004
478	0.00000004
479	0.00000004
480	0.00000004
481	0.00000004
482	0.00000003
483	0.00000003
484	0.00000003
485	0.00000003
486	0.00000003
487	0.00000003
488	0.00000003
489	0.00000003
490	0.00000003
491	0.00000003
492	0.00000002
493	0.00000002
494	0.00000002
495	0.00000002
496	0.00000002
497	0.00000002
498	0.00000002
499	0.00000002
500	0.00000002
501	0.00000002
502	0.00000002
503	0.00000002
504	0.00000002
505	0.00000002
506	0.00000002
507	0.00000002
508	0.00000001
509	0.00000001
510	0.00000001
511	0.00000001
512	0.00000001
513	0.00000001
514	0.00000001
515	0.00000001
516	0.00000001
517	0.00000001
518	0.00000001
519	0.00000001
520	0.00000001
521	0.00000001
522	0.00000001
523	0.00000001
524	0.00000001
525	0.00000001
526	0.00000001
527	0.00000001
528	0.00000001
529	0.00000001
530	0.00000001
531	0.00000001
532	0.00000001
533	0.00000001
534	0.00000001
535	0.00000001
536	0.00000001
537	0.00000001
538	0.00000001
539	0.00000001
540	0.00000001
541	0.00000001
542	0.00000001
543	0.00000000
544	0.00000000
545	0.00000000
546	0.00000000
547	0.00000000
548	0.00000000
549	0.00000000
550	0.00000000
551	0.00000000
552	0.00000000
553	0.00000000
554	0.00000000
555	0.00000000
556	0.00000000
557	0.00000000
558	0.00000000
559	0.00000000
560	0.00000000
561	0.00000000
562	0.00000000
563	0.00000000
564	0.00000000
565	0.00000000
566	0.00000000
567	0.00000000
568	0.00000000
569	0.00000000
570	0.00000000
571	0.00000000
572	0.00000000
573	0.00000000
574	0.00000000
575	0.00000000
576	0.00000000
577	0.00000000
578	0.00000000
579	0.00000000
580	0.00000000
581	0.00000000
582	0.00000000
583	0.00000000
584	0.00000000
585	0.00000000
586	0.00000000
587	0.00000000
588	0.00000000
589	0.00000000
590	0.00000000
591	0.00000000
592	0.00000000
593	0.00000000
594	0.00000000
595	0.00000000
596	0.00000000
597	0.00000000
598	0.00000000
599	0.00000000
600	0.00000000
601	0.00000000
602	0.00000000
603	0.00000000
604	0.00000000
605	0.00000000
606	0.00000000
607	0.00000000
608	0.00000000
609	0.00000000
610	0.00000000
611	0.00000000
612	0.00000000
613	0.00000000
614	0.00000000
615	0.00000000
616	0.00000000
617	0.00000000
618	0.00000000
619	0.00000000
620	0.00000000
621	0.00000000
622	0.00000000
623	0.00000000
624	0.00000000
625	0.00000000
626	0.00000000
627	0.00000000
628	0.00000000
629	0.00000000
630	0.00000000
631	0.00000000
632	0.00000000
633	0.00000000
634	0.00000000
635	0.00000000
636	0.00000000
637	0.00000000
638	0.00000000
639	0.00000000
640	0.00000000
641	0.00000000
642	0.00000000
643	0.00000000
644	0.00000000
645	0.00000000
646	0.00000000
647	0.00000000
648	0.00000000
649	0.00000000
650	0.00000000
651	0.00000000
652	0.00000000
653	0.00000000
654	0.00000000
655	0.00000000
656	0.00000000
657	0.00000000
658	0.00000000
659	0.00000000
660	0.00000000
661	0.00000000
662	0.00000000
663	0.00000000
664	0.00000000
665	0.00000000
666	0.00000000
667	0.00000000
668	0.00000000
669	0.00000000
670	0.00000000
671	0.00000000
672	0.00000000
673	0.00000000
674	0.00000000
675	0.00000000
676	0.00000000
677	0.00000000
678	0.00000000
679	0.00000000
680	0.00000000
681	0.00000000
682	0.00000000
683	0.00000000
684	0.00000000
685	0.00000000
686	0.00000000
687	0.00000000
688	0.00000000
689	0.00000000
690	0.00000000
691	0.00000000
692	0.00000000
693	0.00000000
694	0.00000000
695	0.00000000
696	0.00000000
697	0.00000000
698	0.00000000
699	0.00000000
700	0.00000000
701	0.00000000
702	0.00000000
703	0.00000000
704	0.00000000
705	0.00000000
706	0.00000000
707	0.00000000
708	0.00000000
709	0.00000000
710	0.00000000
711	0.00000000
712	0.00000000
713	0.00000000
714	0.00000000
715	0.00000000
716	0.00000000
717	0.00000000
718	0.00000000
719	0.00000000
720	0.00000000
721	0.00000000
722	0.00000000
723	0.00000000
724	0.00000000
725	0.00000000
726	0.00000000
727	0.00000000
728	0.00000000
729	0.00000000
730	0.00000000
731	0.00000000
732	0.00000000
733	0.00000000
734	0.00000000
735	0.00000000
736	0.00000000
737	0.00000000
738	0.00000000
739	0.00000000
740	0.00000000
741	0.00000000
742	0.00000000
743	0.00000000
744	0.00000000
745	0.00000000
746	0.00000000
747	0.00000000
748	0.00000000
749	0.00000000
750	0.00000000
751	0.00000000
752	0.00000000
753	0.00000000
754	0.00000000
755	0.00000000
756	0.00000000
757	0.00000000
758	0.00000000
759	0.00000000
760	0.00000000
761	0.00000000
762	0.00000000
763	0.00000000
764	0.00000000
765	0.00000000
766	0.00000000
767	0.00000000
768	0.00000000
769	0.00000000
770	0.00000000
771	0.00000000
772	0.00000000
773	0.00000000
774	0.00000000
775	0.00000000
776	0.00000000
777	0.00000000
778	0.00000000
779	0.00000000
780	0.00000000
781	0.00000000
782	0.00000000
783	0.00000000
784	0.00000000
785	0.00000000
786	0.00000000
787	0.00000000
788	0.00000000
789	0.00000000
790	0.00000000
791	0.00000000
792	0.00000000
793	0.00000000
794	0.00000000
795	0.00000000
796	0.00000000
797	0.00000000
798	0.00000000
799	0.00000000
800	0.00000000
801	0.00000000
802	0.00000000
803	0.00000000
804	0.00000000
805	0.00000000
806	0.00000000
807	0.00000000
808	0.00000000
809	0.00000000
810	0.00000000
811	0.00000000
812	0.00000000
813	0.00000000
814	0.00000000
815	0.00000000
816	0.00000000
817	0.00000000
818	0.00000000
819	0.00000000
820	0.00000000
821	0.00000000
822	0.00000000
823	0.00000000
824	0.00000000
825	0.00000000
826	0.00000000
827	0.00000000
828	0.00000000
829	0.00000000
830	0.00000000
831	0.00000000
832	0.00000000
833	0.00000000
834	0.00000000
835	0.00000000
836	0.00000000
837	0.00000000
838	0.00000000
839	0.00000000
840	0.00000000
841	0.00000000
842	0.00000000
843	0.00000000
844	0.00000000
845	0.00000000
846	0.00000000
847	0.00000000
848	0.00000000
849	0.00000000
850	0.00000000
851	0.00000000
852	0.00000000
853	0.00000000
854	0.00000000
855	0.00000000
856	0.00000000
857	0.00000000
858	0.00000000
859	0.00000000
860	0.00000000
861	0.00000000
862	0.00000000
863	0.00000000
864	0.00000000
865	0.00000000
866	0.00000000
867	0.00000000
868	0.00000000
869	0.00000000
870	0.00000000
871	0.00000000
872	0.00000000
873	0.00000000
874	0.00000000
875	0.00000000
876	0.00000000
877	0.00000000
878	0.00000000
879	0.00000000
880	0.00000000
881	0.00000000
882	0.00000000
883	0.00000000
884	0.00000000
885	0.00000000
886	0.00000000
887	0.00000000
888	0.00000000
889	0.00000000
890	0.00000000
891	0.00000000
892	0.00000000
893	0.00000000
894	0.00000000
895	0.00000000
896	0.00000000
897	0.00000000
898	0.00000000
899	0.00000000
900	0.00000000
901	0.00000000
902	0.00000000
903	0.00000000
904	0.00000000
905	0.00000000
906	0.00000000
907	0.00000000
908	0.00000000
909	0.00000000
910	0.00000000
911	0.00000000
912	0.00000000
913	0.00000000
914	0.00000000
915	0.00000000
916	0.00000000
917	0.00000000
918	0.00000000
919	0.00000000
920	0.00000000
921	0.00000000
922	0.00000000
923	0.00000000
924	0.00000000
925	0.00000000
926	0.00000000
927	0.00000000
928	0.00000000
929	0.00000000
930	0.00000000
931	0.00000000
932	0.00000000
933	0.00000000
934	0.00000000
935	0.00000000
936	0.00000000
937	0.00000000
938	0.00000000
939	0.00000000
940	0.00000000
941	0.00000000
942	0.00000000
943	0.00000000
944	0.00000000
945	0.00000000
946	0.00000000
947	0.00000000
948	0.00000000
949	0.00000000
950	0.00000000
951	0.00000000
952	0.00000000
953	0.00000000
954	0.00000000
955	0.00000000
956	0.00000000
957	0.00000000
958	0.00000000
959	0.00000000
960	0.00000000
961	0.00000000
962	0.00000000
963	0.00000000
964	0.00000000
965	0.00000000
966	0.00000000
967	0.00000000
968	0.00000000
969	0.00000000
970	0.00000000
971	0.00000000
972	0.00000000
973	0.00000000
974	0.00000000
975	0.00000000
976	0.00000000
977	0.00000000
978	0.00000000
979	0.00000000
980	0.00000000
981	0.00000000
982	0.00000000
983	0.00000000
984	0.00000000
985	0.00000000
986	0.00000000
987	0.00000000
988	0.00000000
989	0.00000000
990	0.00000000
991	0.00000000
992	0.00000000
993	0.00000000
994	0.00000000
995	0.00000000
996	0.00000000
997	0.00000000
998	0.00000000
999	0.00000000
