0	0.00000000
1	0.00000000
2	0.00000000
3	0.00000000
4	0.00000000
5	0.00000000
6	0.00000000
7	0.00000000
8	0.00000000
9	0.00000000
10	0.00000000
11	0.00000000
12	0.00000000
13	0.00650783
14	0.04388202
15	0.03650654
16	0.04064464
17	0.03376290
18	0.03825040
19	0.04100104
20	0.04343113
21	0.03819322
22	0.03552390
23	0.03080383
24	0.02692392
25	0.02377733
26	0.02231309
27	0.02068120
28	0.02010722
29	0.01873221
30	0.01810457
31	0.01765620
32	0.02069876
33	0.02433410
34	0.02564300
35	0.02800862
36	0.02937517
37	0.02884271
38	0.02791620
39	0.02761001
40	0.02665871
41	0.02644116
42	0.02588151
43	0.02554846
44	0.02497296
45	0.02463075
46	0.02450681
47	0.02360058
48	0.02310658
49	0.02254088
50	0.02187374
51	0.02125317
52	0.02056505
53	0.01993756
54	0.01923179
55	0.01939998
56	0.01946781
57	0.01924453
58	0.01914701
59	0.01877967
60	0.01825831
61	0.01775016
62	0.01734960
63	0.01714353
64	0.01701555
65	0.01677329
66	0.01653506
67	0.01610264
68	0.01556053
69	0.01524607
70	0.01485270
71	0.01440167
72	0.01405089
73	0.01356116
74	0.01316225
75	0.01267704
76	0.01232169
77	0.01193029
78	0.01172786
79	0.01155728
80	0.01127734
81	0.01099822
82	0.01082030
83	0.01050875
84	0.01023341
85	0.01001638
86	0.00973592
87	0.00949741
88	0.00921814
89	0.00894480
90	0.00866630
91	0.00838045
92	0.00810362
93	0.00786033
94	0.00757917
95	0.00733581
96	0.00711623
97	0.00687586
98	0.00664891
99	0.00644042
100	0.00623884
101	0.00606201
102	0.00592629
103	0.00577636
104	0.00559670
105	0.00544931
106	0.00528236
107	0.00511044
108	0.00495008
109	0.00479880
110	0.00464604
111	0.00449988
112	0.00436480
113	0.00422834
114	0.00409533
115	0.00396051
116	0.00383820
117	0.00371853
118	0.00360134
119	0.00348976
120	0.00337891
121	0.00327335
122	0.00317111
123	0.00307217
124	0.00297904
125	0.00289174
126	0.00280177
127	0.00271738
128	0.00263039
129	0.00255012
130	0.00247008
131	0.00239359
132	0.00231924
133	0.00224727
134	0.00217756
135	0.00210999
136	0.00204448
137	0.00198099
138	0.00191942
139	0.00185977
140	0.00180194
141	0.00174592
142	0.00169164
143	0.00163906
144	0.00158811
145	0.00153876
146	0.00149094
147	0.00144462
148	0.00139978
149	0.00135635
150	0.00131428
151	0.00127351
152	0.00123400
153	0.00119570
154	0.00115860
155	0.00112264
156	0.00108779
157	0.00105403
158	0.00102131
159	0.00098961
160	0.00095890
161	0.00092913
162	0.00090029
163	0.00087234
164	0.00084526
165	0.00081902
166	0.00079360
167	0.00076896
168	0.00074509
169	0.00072195
170	0.00069954
171	0.00067782
172	0.00065678
173	0.00063639
174	0.00061663
175	0.00059749
176	0.00057894
177	0.00056097
178	0.00054356
179	0.00052668
180	0.00051033
181	0.00049449
182	0.00047914
183	0.00046427
184	0.00044986
185	0.00043589
186	0.00042236
187	0.00040925
188	0.00039654
189	0.00038423
190	0.00037231
191	0.00036075
192	0.00034955
193	0.00033870
194	0.00032819
195	0.00031800
196	0.00030813
197	0.00029856
198	0.00028929
199	0.00028031
200	0.00027161
201	0.00026318
202	0.00025501
203	0.00024709
204	0.00023942
205	0.00023199
206	0.00022479
207	0.00021781
208	0.00021105
209	0.00020450
210	0.00019815
211	0.00019200
212	0.00018604
213	0.00018026
214	0.00017467
215	0.00016924
216	0.00016399
217	0.00015890
218	0.00015397
219	0.00014919
220	0.00014456
221	0.00014007
222	0.00013572
223	0.00013151
224	0.00012742
225	0.00012347
226	0.00011964
227	0.00011592
228	0.00011232
229	0.00010884
230	0.00010546
231	0.00010218
232	0.00009901
233	0.00009594
234	0.00009296
235	0.00009007
236	0.00008728
237	0.00008457
238	0.00008194
239	0.00007940
240	0.00007694
241	0.00007455
242	0.00007223
243	0.00006999
244	0.00006782
245	0.00006571
246	0.00006367
247	0.00006170
248	0.00005978
249	0.00005792
250	0.00005613
251	0.00005438
252	0.00005270
253	0.00005106
254	0.00004948
255	0.00004794
256	0.00004645
257	0.00004501
258	0.00004361
259	0.00004226
260	0.00004095
261	0.00003968
262	0.00003844
263	0.00003725
264	0.00003609
265	0.00003497
266	0.00003389
267	0.00003284
268	0.00003182
269	0.00003083
270	0.00002987
271	0.00002894
272	0.00002805
273	0.00002718
274	0.00002633
275	0.00002551
276	0.00002472
277	0.00002395
278	0.00002321
279	0.00002249
280	0.00002179
281	0.00002112
282	0.00002046
283	0.00001983
284	0.00001921
285	0.00001861
286	0.00001804
287	0.00001748
288	0.00001693
289	0.00001641
290	0.00001590
291	0.00001540
292	0.00001493
293	0.00001446
294	0.00001401
295	0.00001358
296	0.00001316
297	0.00001275
298	0.00001235
299	0.00001197
300	0.00001160
301	0.00001124
302	0.00001089
303	0.00001055
304	0.00001022
305	0.00000991
306	0.00000960
307	0.00000930
308	0.00000901
309	0.00000873
310	0.00000846
311	0.00000820
312	0.00000794
313	0.00000770
314	0.00000746
315	0.00000723
316	0.00000700
317	0.00000679
318	0.00000657
319	0.00000637
320	0.00000617
321	0.00000598
322	0.00000580
323	0.00000562
324	0.00000544
325	0.00000527
326	0.00000511
327	0.00000495
328	0.00000480
329	0.00000465
330	0.00000450
331	0.00000436
332	0.00000423
333	0.00000410
334	0.00000397
335	0.00000385
336	0.00000373
337	0.00000361
338	0.00000350
339	0.00000339
340	0.00000329
341	0.00000318
342	0.00000308
343	0.00000299
344	0.00000290
345	0.00000281
346	0.00000272
347	0.00000263
348	0.00000255
349	0.00000247
350	0.00000240
351	0.00000232
352	0.00000225
353	0.00000218
354	0.00000211
355	0.00000205
356	0.00000198
357	0.00000192
358	0.00000186
359	0.00000180
360	0.00000175
361	0.00000169
362	0.00000164
363	0.00000159
364	0.00000154
365	0.00000149
366	0.00000145
367	0.00000140
368	0.00000136
369	0.00000132
370	0.00000128
371	0.00000124
372	0.00000120
373	0.00000116
374	0.00000112
375	0.00000109
376	0.00000106
377	0.00000102
378	0.00000099
379	0.00000096
380	0.00000093
381	0.00000090
382	0.00000087
383	0.00000085
384	0.00000082
385	0.00000079
386	0.00000077
387	0.00000075
388	0.00000072
389	0.00000070
390	0.00000068
391	0.00000066
392	0.00000064
393	0.00000062
394	0.00000060
395	0.00000058
396	0.00000056
397	0.00000054
398	0.00000053
399	0.00000051
400	0.00000050
401	0.00000048
402	0.00000046
403	0.00000045
404	0.00000044
405	0.00000042
406	0.00000041
407	0.00000040
408	0.00000038
409	0.00000037
410	0.00000036
411	0.00000035
412	0.00000034
413	0.00000033
414	0.00000032
415	0.00000031
416	0.00000030
417	0.00000029
418	0.00000028
419	0.00000027
420	0.00000026
421	0.00000026
422	0.00000025
423	0.00000024
424	0.00000023
425	0.00000023
426	0.00000022
427	0.00000021
428	0.00000020
429	0.00000020
430	0.00000019
431	0.00000019
432	0.00000018
433	0.00000017
434	0.00000017
435	0.00000016
436	0.00000016
437	0.00000015
438	0.00000015
439	0.00000014
440	0.00000014
441	0.00000014
442	0.00000013
443	0.00000013
444	0.00000012
445	0.00000012
446	0.00000012
447	0.00000011
448	0.00000011
449	0.00000011
450	0.00000010
451	0.00000010
452	0.00000010
453	0.00000009
454	0.00000009
455	0.00000009
456	0.00000008
457	0.00000008
458	0.00000008
459	0.00000008
460	0.00000007
461	0.00000007
462	0.00000007
463	0.00000007
464	0.00000007
465	0.00000006
466	0.00000006
467	0.00000006
468	0.00000006
469	0.00000006
470	0.00000005
471	0.00000005
472	0.00000005
473	0.00000005
474	0.00000005
475	0.00000005
476	0.00000005
477	0.00000004
478	0.00000004
479	0.00000004
480	0.00000004
481	0.00000004
482	0.00000004
483	0.00000004
484	0.00000004
485	0.00000003
486	0.00000003
487	0.00000003
488	0.00000003
489	0.00000003
490	0.00000003
491	0.00000003
492	0.00000003
493	0.00000003
494	0.00000003
495	0.00000002
496	0.00000002
497	0.00000002
498	0.00000002
499	0.00000002
500	0.00000002
501	0.00000002
502	0.00000002
503	0.00000002
504	0.00000002
505	0.00000002
506	0.00000002
507	0.00000002
508	0.00000002
509	0.00000002
510	0.00000002
511	0.00000001
512	0.00000001
513	0.00000001
514	0.00000001
515	0.00000001
516	0.00000001
517	0.00000001
518	0.00000001
519	0.00000001
520	0.00000001
521	0.00000001
522	0.00000001
523	0.00000001
524	0.00000001
525	0.00000001
526	0.00000001
527	0.00000001
528	0.00000001
529	0.00000001
530	0.00000001
531	0.00000001
532	0.00000001
533	0.00000001
534	0.00000001
535	0.00000001
536	0.00000001
537	0.00000001
538	0.00000001
539	0.00000001
540	0.00000001
541	0.00000001
542	0.00000001
543	0.00000001
544	0.00000001
545	0.00000001
546	0.00000000
547	0.00000000
548	0.00000000
549	0.00000000
550	0.00000000
551	0.00000000
552	0.00000000
553	0.00000000
554	0.00000000
555	0.00000000
556	0.00000000
557	0.00000000
558	0.00000000
559	0.00000000
560	0.00000000
561	0.00000000
562	0.00000000
563	0.00000000
564	0.00000000
565	0.00000000
566	0.00000000
567	0.00000000
568	0.00000000
569	0.00000000
570	0.00000000
571	0.00000000
572	0.00000000
573	0.00000000
574	0.00000000
575	0.00000000
576	0.00000000
577	0.00000000
578	0.00000000
579	0.00000000
580	0.00000000
581	0.00000000
582	0.00000000
583	0.00000000
584	0.00000000
585	0.00000000
586	0.00000000
587	0.00000000
588	0.00000000
589	0.00000000
590	0.00000000
591	0.00000000
592	0.00000000
593	0.00000000
594	0.00000000
595	0.00000000
596	0.00000000
597	0.00000000
598	0.00000000
599	0.00000000
600	0.00000000
601	0.00000000
602	0.00000000
603	0.00000000
604	0.00000000
605	0.00000000
606	0.00000000
607	0.00000000
608	0.00000000
609	0.00000000
610	0.00000000
611	0.00000000
612	0.00000000
613	0.00000000
614	0.00000000
615	0.00000000
616	0.00000000
617	0.00000000
618	0.00000000
619	0.00000000
620	0.00000000
621	0.00000000
622	0.00000000
623	0.00000000
624	0.00000000
625	0.00000000
626	0.00000000
627	0.00000000
628	0.00000000
629	0.00000000
630	0.00000000
631	0.00000000
632	0.00000000
633	0.00000000
634	0.00000000
635	0.00000000
636	0.00000000
637	0.00000000
638	0.00000000
639	0.00000000
640	0.00000000
641	0.00000000
642	0.00000000
643	0.00000000
644	0.00000000
645	0.00000000
646	0.00000000
647	0.00000000
648	0.00000000
649	0.00000000
650	0.00000000
651	0.00000000
652	0.00000000
653	0.00000000
654	0.00000000
655	0.00000000
656	0.00000000
657	0.00000000
658	0.00000000
659	0.00000000
660	0.00000000
661	0.00000000
662	0.00000000
663	0.00000000
664	0.00000000
665	0.00000000
666	0.00000000
667	0.00000000
668	0.00000000
669	0.00000000
670	0.00000000
671	0.00000000
672	0.00000000
673	0.00000000
674	0.00000000
675	0.00000000
676	0.00000000
677	0.00000000
678	0.00000000
679	0.00000000
680	0.00000000
681	0.00000000
682	0.00000000
683	0.00000000
684	0.00000000
685	0.00000000
686	0.00000000
687	0.00000000
688	0.00000000
689	0.00000000
690	0.00000000
691	0.00000000
692	0.00000000
693	0.00000000
694	0.00000000
695	0.00000000
696	0.00000000
697	0.00000000
698	0.00000000
699	0.00000000
700	0.00000000
701	0.00000000
702	0.00000000
703	0.00000000
704	0.00000000
705	0.00000000
706	0.00000000
707	0.00000000
708	0.00000000
709	0.00000000
710	0.00000000
711	0.00000000
712	0.00000000
713	0.00000000
714	0.00000000
715	0.00000000
716	0.00000000
717	0.00000000
718	0.00000000
719	0.00000000
720	0.00000000
721	0.00000000
722	0.00000000
723	0.00000000
724	0.00000000
725	0.00000000
726	0.00000000
727	0.00000000
728	0.00000000
729	0.00000000
730	0.00000000
731	0.00000000
732	0.00000000
733	0.00000000
734	0.00000000
735	0.00000000
736	0.00000000
737	0.00000000
738	0.00000000
739	0.00000000
740	0.00000000
741	0.00000000
742	0.00000000
743	0.00000000
744	0.00000000
745	0.00000000
746	0.00000000
747	0.00000000
748	0.00000000
749	0.00000000
750	0.00000000
751	0.00000000
752	0.00000000
753	0.00000000
754	0.00000000
755	0.00000000
756	0.00000000
757	0.00000000
758	0.00000000
759	0.00000000
760	0.00000000
761	0.00000000
762	0.00000000
763	0.00000000
764	0.00000000
765	0.00000000
766	0.00000000
767	0.00000000
768	0.00000000
769	0.00000000
770	0.00000000
771	0.00000000
772	0.00000000
773	0.00000000
774	0.00000000
775	0.00000000
776	0.00000000
777	0.00000000
778	0.00000000
779	0.00000000
780	0.00000000
781	0.00000000
782	0.00000000
783	0.00000000
784	0.00000000
785	0.00000000
786	0.00000000
787	0.00000000
788	0.00000000
789	0.00000000
790	0.00000000
791	0.00000000
792	0.00000000
793	0.00000000
794	0.00000000
795	0.00000000
796	0.00000000
797	0.00000000
798	0.00000000
799	0.00000000
800	0.00000000
801	0.00000000
802	0.00000000
803	0.00000000
804	0.00000000
805	0.00000000
806	0.00000000
807	0.00000000
808	0.00000000
809	0.00000000
810	0.00000000
811	0.00000000
812	0.00000000
813	0.00000000
814	0.00000000
815	0.00000000
816	0.00000000
817	0.00000000
818	0.00000000
819	0.00000000
820	0.00000000
821	0.00000000
822	0.00000000
823	0.00000000
824	0.00000000
825	0.00000000
826	0.00000000
827	0.00000000
828	0.00000000
829	0.00000000
830	0.00000000
831	0.00000000
832	0.00000000
833	0.00000000
834	0.00000000
835	0.00000000
836	0.00000000
837	0.00000000
838	0.00000000
839	0.00000000
840	0.00000000
841	0.00000000
842	0.00000000
843	0.00000000
844	0.00000000
845	0.00000000
846	0.00000000
847	0.00000000
848	0.00000000
849	0.00000000
850	0.00000000
851	0.00000000
852	0.00000000
853	0.00000000
854	0.00000000
855	0.00000000
856	0.00000000
857	0.00000000
858	0.00000000
859	0.00000000
860	0.00000000
861	0.00000000
862	0.00000000
863	0.00000000
864	0.00000000
865	0.00000000
866	0.00000000
867	0.00000000
868	0.00000000
869	0.00000000
870	0.00000000
871	0.00000000
872	0.00000000
873	0.00000000
874	0.00000000
875	0.00000000
876	0.00000000
877	0.00000000
878	0.00000000
879	0.00000000
880	0.00000000
881	0.00000000
882	0.00000000
883	0.00000000
884	0.00000000
885	0.00000000
886	0.00000000
887	0.00000000
888	0.00000000
889	0.00000000
890	0.00000000
891	0.00000000
892	0.00000000
893	0.00000000
894	0.00000000
895	0.00000000
896	0.00000000
897	0.00000000
898	0.00000000
899	0.00000000
900	0.00000000
901	0.00000000
902	0.00000000
903	0.00000000
904	0.00000000
905	0.00000000
906	0.00000000
907	0.00000000
908	0.00000000
909	0.00000000
910	0.00000000
911	0.00000000
912	0.00000000
913	0.00000000
914	0.00000000
915	0.00000000
916	0.00000000
917	0.00000000
918	0.00000000
919	0.00000000
920	0.00000000
921	0.00000000
922	0.00000000
923	0.00000000
924	0.00000000
925	0.00000000
926	0.00000000
927	0.00000000
928	0.00000000
929	0.00000000
930	0.00000000
931	0.00000000
932	0.00000000
933	0.00000000
934	0.00000000
935	0.00000000
936	0.00000000
937	0.00000000
938	0.00000000
939	0.00000000
940	0.00000000
941	0.00000000
942	0.00000000
943	0.00000000
944	0.00000000
945	0.00000000
946	0.00000000
947	0.00000000
948	0.00000000
949	0.00000000
950	0.00000000
951	0.00000000
952	0.00000000
953	0.00000000
954	0.00000000
955	0.00000000
956	0.00000000
957	0.00000000
958	0.00000000
959	0.00000000
960	0.00000000
961	0.00000000
962	0.00000000
963	0.00000000
964	0.00000000
965	0.00000000
966	0.00000000
967	0.00000000
968	0.00000000
969	0.00000000
970	0.00000000
971	0.00000000
972	0.00000000
973	0.00000000
974	0.00000000
975	0.00000000
976	0.00000000
977	0.00000000
978	0.00000000
979	0.00000000
980	0.00000000
981	0.00000000
982	0.00000000
983	0.00000000
984	0.00000000
985	0.00000000
986	0.00000000
987	0.00000000
988	0.00000000
989	0.00000000
990	0.00000000
991	0.00000000
992	0.00000000
993	0.00000000
994	0.00000000
995	0.00000000
996	0.00000000
997	0.00000000
998	0.00000000
999	0.00000000
