0	0.00000000
1	0.00000000
2	0.00000000
3	0.00000000
4	0.00000000
5	0.00000000
6	0.00000000
7	0.00000000
8	0.00000000
9	0.00000000
10	0.00000000
11	0.00000000
12	0.00000000
13	0.00231237
14	0.01598102
15	0.01355588
16	0.02158127
17	0.02164710
18	0.03370323
19	0.04027126
20	0.04643243
21	0.04438230
22	0.04433887
23	0.04064117
24	0.03817890
25	0.03406223
26	0.03060277
27	0.02678378
28	0.02479167
29	0.02230358
30	0.02042579
31	0.01883636
32	0.01916920
33	0.01997783
34	0.02087446
35	0.02231743
36	0.02313864
37	0.02355318
38	0.02571374
39	0.02665482
40	0.02717124
41	0.02736261
42	0.02725449
43	0.02654242
44	0.02517276
45	0.02371656
46	0.02279500
47	0.02186409
48	0.02166348
49	0.02112243
50	0.02082001
51	0.02033556
52	0.02005606
53	0.01947498
54	0.01882566
55	0.01851038
56	0.01828768
57	0.01781779
58	0.01739940
59	0.01688603
60	0.01658339
61	0.01665747
62	0.01650978
63	0.01621041
64	0.01597491
65	0.01578689
66	0.01528290
67	0.01488040
68	0.01455503
69	0.01429886
70	0.01395363
71	0.01359847
72	0.01330707
73	0.01285811
74	0.01238999
75	0.01190547
76	0.01146974
77	0.01109196
78	0.01079156
79	0.01053753
80	0.01020886
81	0.00997119
82	0.00974290
83	0.00944375
84	0.00930608
85	0.00928796
86	0.00895534
87	0.00875877
88	0.00853768
89	0.00828831
90	0.00799731
91	0.00771447
92	0.00747349
93	0.00721516
94	0.00696607
95	0.00673481
96	0.00651867
97	0.00630225
98	0.00609221
99	0.00589742
100	0.00570887
101	0.00554285
102	0.00539865
103	0.00524126
104	0.00507811
105	0.00493143
106	0.00477951
107	0.00465709
108	0.00453382
109	0.00439183
110	0.00424864
111	0.00411413
112	0.00398986
113	0.00385958
114	0.00373663
115	0.00361876
116	0.00350441
117	0.00339433
118	0.00328835
119	0.00318525
120	0.00308474
121	0.00298821
122	0.00289459
123	0.00280404
124	0.00271793
125	0.00263577
126	0.00255320
127	0.00247502
128	0.00239715
129	0.00232322
130	0.00225117
131	0.00218208
132	0.00211472
133	0.00204925
134	0.00198568
135	0.00192415
136	0.00186445
137	0.00180658
138	0.00175048
139	0.00169612
140	0.00164343
141	0.00159237
142	0.00154289
143	0.00149495
144	0.00144849
145	0.00140348
146	0.00135987
147	0.00131761
148	0.00127670
149	0.00123705
150	0.00119865
151	0.00116143
152	0.00112538
153	0.00109044
154	0.00105659
155	0.00102380
156	0.00099202
157	0.00096123
158	0.00093140
159	0.00090249
160	0.00087448
161	0.00084734
162	0.00082104
163	0.00079556
164	0.00077086
165	0.00074693
166	0.00072375
167	0.00070128
168	0.00067951
169	0.00065841
170	0.00063797
171	0.00061817
172	0.00059898
173	0.00058038
174	0.00056237
175	0.00054491
176	0.00052799
177	0.00051160
178	0.00049572
179	0.00048033
180	0.00046542
181	0.00045097
182	0.00043697
183	0.00042341
184	0.00041026
185	0.00039753
186	0.00038519
187	0.00037323
188	0.00036164
189	0.00035042
190	0.00033954
191	0.00032900
192	0.00031878
193	0.00030889
194	0.00029930
195	0.00029001
196	0.00028101
197	0.00027228
198	0.00026383
199	0.00025564
200	0.00024770
201	0.00024001
202	0.00023256
203	0.00022534
204	0.00021835
205	0.00021157
206	0.00020500
207	0.00019864
208	0.00019247
209	0.00018650
210	0.00018071
211	0.00017510
212	0.00016966
213	0.00016440
214	0.00015929
215	0.00015435
216	0.00014956
217	0.00014491
218	0.00014042
219	0.00013606
220	0.00013183
221	0.00012774
222	0.00012377
223	0.00011993
224	0.00011621
225	0.00011260
226	0.00010911
227	0.00010572
228	0.00010244
229	0.00009926
230	0.00009618
231	0.00009319
232	0.00009030
233	0.00008749
234	0.00008478
235	0.00008215
236	0.00007960
237	0.00007713
238	0.00007473
239	0.00007241
240	0.00007016
241	0.00006799
242	0.00006588
243	0.00006383
244	0.00006185
245	0.00005993
246	0.00005807
247	0.00005627
248	0.00005452
249	0.00005283
250	0.00005119
251	0.00004960
252	0.00004806
253	0.00004657
254	0.00004512
255	0.00004372
256	0.00004236
257	0.00004105
258	0.00003977
259	0.00003854
260	0.00003734
261	0.00003618
262	0.00003506
263	0.00003397
264	0.00003292
265	0.00003190
266	0.00003090
267	0.00002995
268	0.00002902
269	0.00002812
270	0.00002724
271	0.00002640
272	0.00002558
273	0.00002478
274	0.00002401
275	0.00002327
276	0.00002255
277	0.00002185
278	0.00002117
279	0.00002051
280	0.00001987
281	0.00001926
282	0.00001866
283	0.00001808
284	0.00001752
285	0.00001698
286	0.00001645
287	0.00001594
288	0.00001544
289	0.00001496
290	0.00001450
291	0.00001405
292	0.00001361
293	0.00001319
294	0.00001278
295	0.00001238
296	0.00001200
297	0.00001163
298	0.00001127
299	0.00001092
300	0.00001058
301	0.00001025
302	0.00000993
303	0.00000962
304	0.00000932
305	0.00000903
306	0.00000875
307	0.00000848
308	0.00000822
309	0.00000796
310	0.00000772
311	0.00000748
312	0.00000724
313	0.00000702
314	0.00000680
315	0.00000659
316	0.00000639
317	0.00000619
318	0.00000600
319	0.00000581
320	0.00000563
321	0.00000545
322	0.00000529
323	0.00000512
324	0.00000496
325	0.00000481
326	0.00000466
327	0.00000451
328	0.00000437
329	0.00000424
330	0.00000411
331	0.00000398
332	0.00000386
333	0.00000374
334	0.00000362
335	0.00000351
336	0.00000340
337	0.00000329
338	0.00000319
339	0.00000309
340	0.00000300
341	0.00000290
342	0.00000281
343	0.00000273
344	0.00000264
345	0.00000256
346	0.00000248
347	0.00000240
348	0.00000233
349	0.00000226
350	0.00000219
351	0.00000212
352	0.00000205
353	0.00000199
354	0.00000193
355	0.00000187
356	0.00000181
357	0.00000175
358	0.00000170
359	0.00000165
360	0.00000159
361	0.00000155
362	0.00000150
363	0.00000145
364	0.00000141
365	0.00000136
366	0.00000132
367	0.00000128
368	0.00000124
369	0.00000120
370	0.00000116
371	0.00000113
372	0.00000109
373	0.00000106
374	0.00000103
375	0.00000099
376	0.00000096
377	0.00000093
378	0.00000090
379	0.00000088
380	0.00000085
381	0.00000082
382	0.00000080
383	0.00000077
384	0.00000075
385	0.00000072
386	0.00000070
387	0.00000068
388	0.00000066
389	0.00000064
390	0.00000062
391	0.00000060
392	0.00000058
393	0.00000056
394	0.00000055
395	0.00000053
396	0.00000051
397	0.00000050
398	0.00000048
399	0.00000047
400	0.00000045
401	0.00000044
402	0.00000042
403	0.00000041
404	0.00000040
405	0.00000039
406	0.00000037
407	0.00000036
408	0.00000035
409	0.00000034
410	0.00000033
411	0.00000032
412	0.00000031
413	0.00000030
414	0.00000029
415	0.00000028
416	0.00000027
417	0.00000026
418	0.00000026
419	0.00000025
420	0.00000024
421	0.00000023
422	0.00000023
423	0.00000022
424	0.00000021
425	0.00000021
426	0.00000020
427	0.00000019
428	0.00000019
429	0.00000018
430	0.00000018
431	0.00000017
432	0.00000016
433	0.00000016
434	0.00000015
435	0.00000015
436	0.00000015
437	0.00000014
438	0.00000014
439	0.00000013
440	0.00000013
441	0.00000012
442	0.00000012
443	0.00000012
444	0.00000011
445	0.00000011
446	0.00000011
447	0.00000010
448	0.00000010
449	0.00000010
450	0.00000009
451	0.00000009
452	0.00000009
453	0.00000008
454	0.00000008
455	0.00000008
456	0.00000008
457	0.00000007
458	0.00000007
459	0.00000007
460	0.00000007
461	0.00000007
462	0.00000006
463	0.00000006
464	0.00000006
465	0.00000006
466	0.00000006
467	0.00000005
468	0.00000005
469	0.00000005
470	0.00000005
471	0.00000005
472	0.00000005
473	0.00000005
474	0.00000004
475	0.00000004
476	0.00000004
477	0.00000004
478	0.00000004
479	0.00000004
480	0.00000004
481	0.00000004
482	0.00000003
483	0.00000003
484	0.00000003
485	0.00000003
486	0.00000003
487	0.00000003
488	0.00000003
489	0.00000003
490	0.00000003
491	0.00000003
492	0.00000002
493	0.00000002
494	0.00000002
495	0.00000002
496	0.00000002
497	0.00000002
498	0.00000002
499	0.00000002
500	0.00000002
501	0.00000002
502	0.00000002
503	0.00000002
504	0.00000002
505	0.00000002
506	0.00000002
507	0.00000002
508	0.00000001
509	0.00000001
510	0.00000001
511	0.00000001
512	0.00000001
513	0.00000001
514	0.00000001
515	0.00000001
516	0.00000001
517	0.00000001
518	0.00000001
519	0.00000001
520	0.00000001
521	0.00000001
522	0.00000001
523	0.00000001
524	0.00000001
525	0.00000001
526	0.00000001
527	0.00000001
528	0.00000001
529	0.00000001
530	0.00000001
531	0.00000001
532	0.00000001
533	0.00000001
534	0.00000001
535	0.00000001
536	0.00000001
537	0.00000001
538	0.00000001
539	0.00000001
540	0.00000001
541	0.00000001
542	0.00000001
543	0.00000000
544	0.00000000
545	0.00000000
546	0.00000000
547	0.00000000
548	0.00000000
549	0.00000000
550	0.00000000
551	0.00000000
552	0.00000000
553	0.00000000
554	0.00000000
555	0.00000000
556	0.00000000
557	0.00000000
558	0.00000000
559	0.00000000
560	0.00000000
561	0.00000000
562	0.00000000
563	0.00000000
564	0.00000000
565	0.00000000
566	0.00000000
567	0.00000000
568	0.00000000
569	0.00000000
570	0.00000000
571	0.00000000
572	0.00000000
573	0.00000000
574	0.00000000
575	0.00000000
576	0.00000000
577	0.00000000
578	0.00000000
579	0.00000000
580	0.00000000
581	0.00000000
582	0.00000000
583	0.00000000
584	0.00000000
585	0.00000000
586	0.00000000
587	0.00000000
588	0.00000000
589	0.00000000
590	0.00000000
591	0.00000000
592	0.00000000
593	0.00000000
594	0.00000000
595	0.00000000
596	0.00000000
597	0.00000000
598	0.00000000
599	0.00000000
600	0.00000000
601	0.00000000
602	0.00000000
603	0.00000000
604	0.00000000
605	0.00000000
606	0.00000000
607	0.00000000
608	0.00000000
609	0.00000000
610	0.00000000
611	0.00000000
612	0.00000000
613	0.00000000
614	0.00000000
615	0.00000000
616	0.00000000
617	0.00000000
618	0.00000000
619	0.00000000
620	0.00000000
621	0.00000000
622	0.00000000
623	0.00000000
624	0.00000000
625	0.00000000
626	0.00000000
627	0.00000000
628	0.00000000
629	0.00000000
630	0.00000000
631	0.00000000
632	0.00000000
633	0.00000000
634	0.00000000
635	0.00000000
636	0.00000000
637	0.00000000
638	0.00000000
639	0.00000000
640	0.00000000
641	0.00000000
642	0.00000000
643	0.00000000
644	0.00000000
645	0.00000000
646	0.00000000
647	0.00000000
648	0.00000000
649	0.00000000
650	0.00000000
651	0.00000000
652	0.00000000
653	0.00000000
654	0.00000000
655	0.00000000
656	0.00000000
657	0.00000000
658	0.00000000
659	0.00000000
660	0.00000000
661	0.00000000
662	0.00000000
663	0.00000000
664	0.00000000
665	0.00000000
666	0.00000000
667	0.00000000
668	0.00000000
669	0.00000000
670	0.00000000
671	0.00000000
672	0.00000000
673	0.00000000
674	0.00000000
675	0.00000000
676	0.00000000
677	0.00000000
678	0.00000000
679	0.00000000
680	0.00000000
681	0.00000000
682	0.00000000
683	0.00000000
684	0.00000000
685	0.00000000
686	0.00000000
687	0.00000000
688	0.00000000
689	0.00000000
690	0.00000000
691	0.00000000
692	0.00000000
693	0.00000000
694	0.00000000
695	0.00000000
696	0.00000000
697	0.00000000
698	0.00000000
699	0.00000000
700	0.00000000
701	0.00000000
702	0.00000000
703	0.00000000
704	0.00000000
705	0.00000000
706	0.00000000
707	0.00000000
708	0.00000000
709	0.00000000
710	0.00000000
711	0.00000000
712	0.00000000
713	0.00000000
714	0.00000000
715	0.00000000
716	0.00000000
717	0.00000000
718	0.00000000
719	0.00000000
720	0.00000000
721	0.00000000
722	0.00000000
723	0.00000000
724	0.00000000
725	0.00000000
726	0.00000000
727	0.00000000
728	0.00000000
729	0.00000000
730	0.00000000
731	0.00000000
732	0.00000000
733	0.00000000
734	0.00000000
735	0.00000000
736	0.00000000
737	0.00000000
738	0.00000000
739	0.00000000
740	0.00000000
741	0.00000000
742	0.00000000
743	0.00000000
744	0.00000000
745	0.00000000
746	0.00000000
747	0.00000000
748	0.00000000
749	0.00000000
750	0.00000000
751	0.00000000
752	0.00000000
753	0.00000000
754	0.00000000
755	0.00000000
756	0.00000000
757	0.00000000
758	0.00000000
759	0.00000000
760	0.00000000
761	0.00000000
762	0.00000000
763	0.00000000
764	0.00000000
765	0.00000000
766	0.00000000
767	0.00000000
768	0.00000000
769	0.00000000
770	0.00000000
771	0.00000000
772	0.00000000
773	0.00000000
774	0.00000000
775	0.00000000
776	0.00000000
777	0.00000000
778	0.00000000
779	0.00000000
780	0.00000000
781	0.00000000
782	0.00000000
783	0.00000000
784	0.00000000
785	0.00000000
786	0.00000000
787	0.00000000
788	0.00000000
789	0.00000000
790	0.00000000
791	0.00000000
792	0.00000000
793	0.00000000
794	0.00000000
795	0.00000000
796	0.00000000
797	0.00000000
798	0.00000000
799	0.00000000
800	0.00000000
801	0.00000000
802	0.00000000
803	0.00000000
804	0.00000000
805	0.00000000
806	0.00000000
807	0.00000000
808	0.00000000
809	0.00000000
810	0.00000000
811	0.00000000
812	0.00000000
813	0.00000000
814	0.00000000
815	0.00000000
816	0.00000000
817	0.00000000
818	0.00000000
819	0.00000000
820	0.00000000
821	0.00000000
822	0.00000000
823	0.00000000
824	0.00000000
825	0.00000000
826	0.00000000
827	0.00000000
828	0.00000000
829	0.00000000
830	0.00000000
831	0.00000000
832	0.00000000
833	0.00000000
834	0.00000000
835	0.00000000
836	0.00000000
837	0.00000000
838	0.00000000
839	0.00000000
840	0.00000000
841	0.00000000
842	0.00000000
843	0.00000000
844	0.00000000
845	0.00000000
846	0.00000000
847	0.00000000
848	0.00000000
849	0.00000000
850	0.00000000
851	0.00000000
852	0.00000000
853	0.00000000
854	0.00000000
855	0.00000000
856	0.00000000
857	0.00000000
858	0.00000000
859	0.00000000
860	0.00000000
861	0.00000000
862	0.00000000
863	0.00000000
864	0.00000000
865	0.00000000
866	0.00000000
867	0.00000000
868	0.00000000
869	0.00000000
870	0.00000000
871	0.00000000
872	0.00000000
873	0.00000000
874	0.00000000
875	0.00000000
876	0.00000000
877	0.00000000
878	0.00000000
879	0.00000000
880	0.00000000
881	0.00000000
882	0.00000000
883	0.00000000
884	0.00000000
885	0.00000000
886	0.00000000
887	0.00000000
888	0.00000000
889	0.00000000
890	0.00000000
891	0.00000000
892	0.00000000
893	0.00000000
894	0.00000000
895	0.00000000
896	0.00000000
897	0.00000000
898	0.00000000
899	0.00000000
900	0.00000000
901	0.00000000
902	0.00000000
903	0.00000000
904	0.00000000
905	0.00000000
906	0.00000000
907	0.00000000
908	0.00000000
909	0.00000000
910	0.00000000
911	0.00000000
912	0.00000000
913	0.00000000
914	0.00000000
915	0.00000000
916	0.00000000
917	0.00000000
918	0.00000000
919	0.00000000
920	0.00000000
921	0.00000000
922	0.00000000
923	0.00000000
924	0.00000000
925	0.00000000
926	0.00000000
927	0.00000000
928	0.00000000
929	0.00000000
930	0.00000000
931	0.00000000
932	0.00000000
933	0.00000000
934	0.00000000
935	0.00000000
936	0.00000000
937	0.00000000
938	0.00000000
939	0.00000000
940	0.00000000
941	0.00000000
942	0.00000000
943	0.00000000
944	0.00000000
945	0.00000000
946	0.00000000
947	0.00000000
948	0.00000000
949	0.00000000
950	0.00000000
951	0.00000000
952	0.00000000
953	0.00000000
954	0.00000000
955	0.00000000
956	0.00000000
957	0.00000000
958	0.00000000
959	0.00000000
960	0.00000000
961	0.00000000
962	0.00000000
963	0.00000000
964	0.00000000
965	0.00000000
966	0.00000000
967	0.00000000
968	0.00000000
969	0.00000000
970	0.00000000
971	0.00000000
972	0.00000000
973	0.00000000
974	0.00000000
975	0.00000000
976	0.00000000
977	0.00000000
978	0.00000000
979	0.00000000
980	0.00000000
981	0.00000000
982	0.00000000
983	0.00000000
984	0.00000000
985	0.00000000
986	0.00000000
987	0.00000000
988	0.00000000
989	0.00000000
990	0.00000000
991	0.00000000
992	0.00000000
993	0.00000000
994	0.00000000
995	0.00000000
996	0.00000000
997	0.00000000
998	0.00000000
999	0.00000000
