0	0.00000000
1	0.00000000
2	0.00000000
3	0.00000000
4	0.00000000
5	0.00000000
6	0.00000000
7	0.00000000
8	0.00000000
9	0.00000000
10	0.00000000
11	0.00000000
12	0.00000000
13	0.00506290
14	0.03435599
15	0.02859176
16	0.03366524
17	0.02982306
18	0.03652747
19	0.04042198
20	0.04321466
21	0.03900447
22	0.03651663
23	0.03191560
24	0.02847414
25	0.02555713
26	0.02404028
27	0.02216628
28	0.02144703
29	0.01994942
30	0.01905528
31	0.01848625
32	0.02115809
33	0.02390816
34	0.02528938
35	0.02769389
36	0.02859018
37	0.02808879
38	0.02754849
39	0.02731954
40	0.02651001
41	0.02622845
42	0.02574847
43	0.02525237
44	0.02467271
45	0.02435136
46	0.02398772
47	0.02331826
48	0.02286869
49	0.02247164
50	0.02185181
51	0.02125720
52	0.02064525
53	0.01993057
54	0.01916285
55	0.01938605
56	0.01938368
57	0.01910505
58	0.01898576
59	0.01855350
60	0.01798076
61	0.01748580
62	0.01708554
63	0.01686563
64	0.01673710
65	0.01655457
66	0.01627972
67	0.01590516
68	0.01543006
69	0.01511700
70	0.01472819
71	0.01427899
72	0.01390464
73	0.01343170
74	0.01302184
75	0.01255086
76	0.01218730
77	0.01180653
78	0.01159610
79	0.01143376
80	0.01112516
81	0.01085350
82	0.01065551
83	0.01031293
84	0.01005182
85	0.00985225
86	0.00957920
87	0.00936277
88	0.00908536
89	0.00883804
90	0.00855309
91	0.00826032
92	0.00800860
93	0.00774574
94	0.00747368
95	0.00723688
96	0.00701311
97	0.00678142
98	0.00656033
99	0.00635119
100	0.00615401
101	0.00598137
102	0.00585087
103	0.00568758
104	0.00551310
105	0.00536050
106	0.00519304
107	0.00502651
108	0.00487228
109	0.00472691
110	0.00457674
111	0.00443453
112	0.00430202
113	0.00416305
114	0.00403507
115	0.00390260
116	0.00378098
117	0.00366270
118	0.00354811
119	0.00343797
120	0.00332914
121	0.00322523
122	0.00312446
123	0.00302698
124	0.00293543
125	0.00284988
126	0.00275972
127	0.00267605
128	0.00259084
129	0.00251135
130	0.00243273
131	0.00235737
132	0.00228424
133	0.00221348
134	0.00214482
135	0.00207831
136	0.00201381
137	0.00195129
138	0.00189066
139	0.00183191
140	0.00177496
141	0.00171979
142	0.00166633
143	0.00161455
144	0.00156437
145	0.00151576
146	0.00146866
147	0.00142304
148	0.00137887
149	0.00133609
150	0.00129464
151	0.00125447
152	0.00121554
153	0.00117781
154	0.00114126
155	0.00110583
156	0.00107151
157	0.00103825
158	0.00100602
159	0.00097480
160	0.00094454
161	0.00091522
162	0.00088681
163	0.00085929
164	0.00083261
165	0.00080676
166	0.00078172
167	0.00075745
168	0.00073393
169	0.00071115
170	0.00068907
171	0.00066768
172	0.00064695
173	0.00062687
174	0.00060741
175	0.00058855
176	0.00057028
177	0.00055258
178	0.00053542
179	0.00051880
180	0.00050270
181	0.00048709
182	0.00047197
183	0.00045732
184	0.00044312
185	0.00042937
186	0.00041604
187	0.00040312
188	0.00039061
189	0.00037848
190	0.00036674
191	0.00035535
192	0.00034432
193	0.00033363
194	0.00032327
195	0.00031324
196	0.00030351
197	0.00029409
198	0.00028496
199	0.00027612
200	0.00026754
201	0.00025924
202	0.00025119
203	0.00024339
204	0.00023584
205	0.00022852
206	0.00022142
207	0.00021455
208	0.00020789
209	0.00020144
210	0.00019518
211	0.00018912
212	0.00018325
213	0.00017756
214	0.00017205
215	0.00016671
216	0.00016154
217	0.00015652
218	0.00015166
219	0.00014695
220	0.00014239
221	0.00013797
222	0.00013369
223	0.00012954
224	0.00012552
225	0.00012162
226	0.00011785
227	0.00011419
228	0.00011064
229	0.00010721
230	0.00010388
231	0.00010066
232	0.00009753
233	0.00009450
234	0.00009157
235	0.00008873
236	0.00008597
237	0.00008330
238	0.00008072
239	0.00007821
240	0.00007578
241	0.00007343
242	0.00007115
243	0.00006894
244	0.00006680
245	0.00006473
246	0.00006272
247	0.00006077
248	0.00005889
249	0.00005706
250	0.00005529
251	0.00005357
252	0.00005191
253	0.00005030
254	0.00004873
255	0.00004722
256	0.00004576
257	0.00004434
258	0.00004296
259	0.00004163
260	0.00004033
261	0.00003908
262	0.00003787
263	0.00003669
264	0.00003555
265	0.00003445
266	0.00003338
267	0.00003234
268	0.00003134
269	0.00003037
270	0.00002942
271	0.00002851
272	0.00002763
273	0.00002677
274	0.00002594
275	0.00002513
276	0.00002435
277	0.00002360
278	0.00002286
279	0.00002215
280	0.00002147
281	0.00002080
282	0.00002015
283	0.00001953
284	0.00001892
285	0.00001833
286	0.00001777
287	0.00001721
288	0.00001668
289	0.00001616
290	0.00001566
291	0.00001517
292	0.00001470
293	0.00001425
294	0.00001380
295	0.00001338
296	0.00001296
297	0.00001256
298	0.00001217
299	0.00001179
300	0.00001142
301	0.00001107
302	0.00001073
303	0.00001039
304	0.00001007
305	0.00000976
306	0.00000946
307	0.00000916
308	0.00000888
309	0.00000860
310	0.00000833
311	0.00000808
312	0.00000783
313	0.00000758
314	0.00000735
315	0.00000712
316	0.00000690
317	0.00000668
318	0.00000648
319	0.00000628
320	0.00000608
321	0.00000589
322	0.00000571
323	0.00000553
324	0.00000536
325	0.00000519
326	0.00000503
327	0.00000488
328	0.00000472
329	0.00000458
330	0.00000444
331	0.00000430
332	0.00000416
333	0.00000404
334	0.00000391
335	0.00000379
336	0.00000367
337	0.00000356
338	0.00000345
339	0.00000334
340	0.00000324
341	0.00000314
342	0.00000304
343	0.00000294
344	0.00000285
345	0.00000276
346	0.00000268
347	0.00000260
348	0.00000251
349	0.00000244
350	0.00000236
351	0.00000229
352	0.00000222
353	0.00000215
354	0.00000208
355	0.00000202
356	0.00000195
357	0.00000189
358	0.00000183
359	0.00000178
360	0.00000172
361	0.00000167
362	0.00000162
363	0.00000157
364	0.00000152
365	0.00000147
366	0.00000143
367	0.00000138
368	0.00000134
369	0.00000130
370	0.00000126
371	0.00000122
372	0.00000118
373	0.00000114
374	0.00000111
375	0.00000107
376	0.00000104
377	0.00000101
378	0.00000098
379	0.00000095
380	0.00000092
381	0.00000089
382	0.00000086
383	0.00000083
384	0.00000081
385	0.00000078
386	0.00000076
387	0.00000074
388	0.00000071
389	0.00000069
390	0.00000067
391	0.00000065
392	0.00000063
393	0.00000061
394	0.00000059
395	0.00000057
396	0.00000055
397	0.00000054
398	0.00000052
399	0.00000050
400	0.00000049
401	0.00000047
402	0.00000046
403	0.00000044
404	0.00000043
405	0.00000042
406	0.00000040
407	0.00000039
408	0.00000038
409	0.00000037
410	0.00000036
411	0.00000034
412	0.00000033
413	0.00000032
414	0.00000031
415	0.00000030
416	0.00000029
417	0.00000029
418	0.00000028
419	0.00000027
420	0.00000026
421	0.00000025
422	0.00000024
423	0.00000024
424	0.00000023
425	0.00000022
426	0.00000021
427	0.00000021
428	0.00000020
429	0.00000020
430	0.00000019
431	0.00000018
432	0.00000018
433	0.00000017
434	0.00000017
435	0.00000016
436	0.00000016
437	0.00000015
438	0.00000015
439	0.00000014
440	0.00000014
441	0.00000013
442	0.00000013
443	0.00000013
444	0.00000012
445	0.00000012
446	0.00000011
447	0.00000011
448	0.00000011
449	0.00000010
450	0.00000010
451	0.00000010
452	0.00000009
453	0.00000009
454	0.00000009
455	0.00000009
456	0.00000008
457	0.00000008
458	0.00000008
459	0.00000008
460	0.00000007
461	0.00000007
462	0.00000007
463	0.00000007
464	0.00000006
465	0.00000006
466	0.00000006
467	0.00000006
468	0.00000006
469	0.00000006
470	0.00000005
471	0.00000005
472	0.00000005
473	0.00000005
474	0.00000005
475	0.00000005
476	0.00000004
477	0.00000004
478	0.00000004
479	0.00000004
480	0.00000004
481	0.00000004
482	0.00000004
483	0.00000004
484	0.00000003
485	0.00000003
486	0.00000003
487	0.00000003
488	0.00000003
489	0.00000003
490	0.00000003
491	0.00000003
492	0.00000003
493	0.00000003
494	0.00000003
495	0.00000002
496	0.00000002
497	0.00000002
498	0.00000002
499	0.00000002
500	0.00000002
501	0.00000002
502	0.00000002
503	0.00000002
504	0.00000002
505	0.00000002
506	0.00000002
507	0.00000002
508	0.00000002
509	0.00000002
510	0.00000002
511	0.00000001
512	0.00000001
513	0.00000001
514	0.00000001
515	0.00000001
516	0.00000001
517	0.00000001
518	0.00000001
519	0.00000001
520	0.00000001
521	0.00000001
522	0.00000001
523	0.00000001
524	0.00000001
525	0.00000001
526	0.00000001
527	0.00000001
528	0.00000001
529	0.00000001
530	0.00000001
531	0.00000001
532	0.00000001
533	0.00000001
534	0.00000001
535	0.00000001
536	0.00000001
537	0.00000001
538	0.00000001
539	0.00000001
540	0.00000001
541	0.00000001
542	0.00000001
543	0.00000001
544	0.00000001
545	0.00000001
546	0.00000000
547	0.00000000
548	0.00000000
549	0.00000000
550	0.00000000
551	0.00000000
552	0.00000000
553	0.00000000
554	0.00000000
555	0.00000000
556	0.00000000
557	0.00000000
558	0.00000000
559	0.00000000
560	0.00000000
561	0.00000000
562	0.00000000
563	0.00000000
564	0.00000000
565	0.00000000
566	0.00000000
567	0.00000000
568	0.00000000
569	0.00000000
570	0.00000000
571	0.00000000
572	0.00000000
573	0.00000000
574	0.00000000
575	0.00000000
576	0.00000000
577	0.00000000
578	0.00000000
579	0.00000000
580	0.00000000
581	0.00000000
582	0.00000000
583	0.00000000
584	0.00000000
585	0.00000000
586	0.00000000
587	0.00000000
588	0.00000000
589	0.00000000
590	0.00000000
591	0.00000000
592	0.00000000
593	0.00000000
594	0.00000000
595	0.00000000
596	0.00000000
597	0.00000000
598	0.00000000
599	0.00000000
600	0.00000000
601	0.00000000
602	0.00000000
603	0.00000000
604	0.00000000
605	0.00000000
606	0.00000000
607	0.00000000
608	0.00000000
609	0.00000000
610	0.00000000
611	0.00000000
612	0.00000000
613	0.00000000
614	0.00000000
615	0.00000000
616	0.00000000
617	0.00000000
618	0.00000000
619	0.00000000
620	0.00000000
621	0.00000000
622	0.00000000
623	0.00000000
624	0.00000000
625	0.00000000
626	0.00000000
627	0.00000000
628	0.00000000
629	0.00000000
630	0.00000000
631	0.00000000
632	0.00000000
633	0.00000000
634	0.00000000
635	0.00000000
636	0.00000000
637	0.00000000
638	0.00000000
639	0.00000000
640	0.00000000
641	0.00000000
642	0.00000000
643	0.00000000
644	0.00000000
645	0.00000000
646	0.00000000
647	0.00000000
648	0.00000000
649	0.00000000
650	0.00000000
651	0.00000000
652	0.00000000
653	0.00000000
654	0.00000000
655	0.00000000
656	0.00000000
657	0.00000000
658	0.00000000
659	0.00000000
660	0.00000000
661	0.00000000
662	0.00000000
663	0.00000000
664	0.00000000
665	0.00000000
666	0.00000000
667	0.00000000
668	0.00000000
669	0.00000000
670	0.00000000
671	0.00000000
672	0.00000000
673	0.00000000
674	0.00000000
675	0.00000000
676	0.00000000
677	0.00000000
678	0.00000000
679	0.00000000
680	0.00000000
681	0.00000000
682	0.00000000
683	0.00000000
684	0.00000000
685	0.00000000
686	0.00000000
687	0.00000000
688	0.00000000
689	0.00000000
690	0.00000000
691	0.00000000
692	0.00000000
693	0.00000000
694	0.00000000
695	0.00000000
696	0.00000000
697	0.00000000
698	0.00000000
699	0.00000000
700	0.00000000
701	0.00000000
702	0.00000000
703	0.00000000
704	0.00000000
705	0.00000000
706	0.00000000
707	0.00000000
708	0.00000000
709	0.00000000
710	0.00000000
711	0.00000000
712	0.00000000
713	0.00000000
714	0.00000000
715	0.00000000
716	0.00000000
717	0.00000000
718	0.00000000
719	0.00000000
720	0.00000000
721	0.00000000
722	0.00000000
723	0.00000000
724	0.00000000
725	0.00000000
726	0.00000000
727	0.00000000
728	0.00000000
729	0.00000000
730	0.00000000
731	0.00000000
732	0.00000000
733	0.00000000
734	0.00000000
735	0.00000000
736	0.00000000
737	0.00000000
738	0.00000000
739	0.00000000
740	0.00000000
741	0.00000000
742	0.00000000
743	0.00000000
744	0.00000000
745	0.00000000
746	0.00000000
747	0.00000000
748	0.00000000
749	0.00000000
750	0.00000000
751	0.00000000
752	0.00000000
753	0.00000000
754	0.00000000
755	0.00000000
756	0.00000000
757	0.00000000
758	0.00000000
759	0.00000000
760	0.00000000
761	0.00000000
762	0.00000000
763	0.00000000
764	0.00000000
765	0.00000000
766	0.00000000
767	0.00000000
768	0.00000000
769	0.00000000
770	0.00000000
771	0.00000000
772	0.00000000
773	0.00000000
774	0.00000000
775	0.00000000
776	0.00000000
777	0.00000000
778	0.00000000
779	0.00000000
780	0.00000000
781	0.00000000
782	0.00000000
783	0.00000000
784	0.00000000
785	0.00000000
786	0.00000000
787	0.00000000
788	0.00000000
789	0.00000000
790	0.00000000
791	0.00000000
792	0.00000000
793	0.00000000
794	0.00000000
795	0.00000000
796	0.00000000
797	0.00000000
798	0.00000000
799	0.00000000
800	0.00000000
801	0.00000000
802	0.00000000
803	0.00000000
804	0.00000000
805	0.00000000
806	0.00000000
807	0.00000000
808	0.00000000
809	0.00000000
810	0.00000000
811	0.00000000
812	0.00000000
813	0.00000000
814	0.00000000
815	0.00000000
816	0.00000000
817	0.00000000
818	0.00000000
819	0.00000000
820	0.00000000
821	0.00000000
822	0.00000000
823	0.00000000
824	0.00000000
825	0.00000000
826	0.00000000
827	0.00000000
828	0.00000000
829	0.00000000
830	0.00000000
831	0.00000000
832	0.00000000
833	0.00000000
834	0.00000000
835	0.00000000
836	0.00000000
837	0.00000000
838	0.00000000
839	0.00000000
840	0.00000000
841	0.00000000
842	0.00000000
843	0.00000000
844	0.00000000
845	0.00000000
846	0.00000000
847	0.00000000
848	0.00000000
849	0.00000000
850	0.00000000
851	0.00000000
852	0.00000000
853	0.00000000
854	0.00000000
855	0.00000000
856	0.00000000
857	0.00000000
858	0.00000000
859	0.00000000
860	0.00000000
861	0.00000000
862	0.00000000
863	0.00000000
864	0.00000000
865	0.00000000
866	0.00000000
867	0.00000000
868	0.00000000
869	0.00000000
870	0.00000000
871	0.00000000
872	0.00000000
873	0.00000000
874	0.00000000
875	0.00000000
876	0.00000000
877	0.00000000
878	0.00000000
879	0.00000000
880	0.00000000
881	0.00000000
882	0.00000000
883	0.00000000
884	0.00000000
885	0.00000000
886	0.00000000
887	0.00000000
888	0.00000000
889	0.00000000
890	0.00000000
891	0.00000000
892	0.00000000
893	0.00000000
894	0.00000000
895	0.00000000
896	0.00000000
897	0.00000000
898	0.00000000
899	0.00000000
900	0.00000000
901	0.00000000
902	0.00000000
903	0.00000000
904	0.00000000
905	0.00000000
906	0.00000000
907	0.00000000
908	0.00000000
909	0.00000000
910	0.00000000
911	0.00000000
912	0.00000000
913	0.00000000
914	0.00000000
915	0.00000000
916	0.00000000
917	0.00000000
918	0.00000000
919	0.00000000
920	0.00000000
921	0.00000000
922	0.00000000
923	0.00000000
924	0.00000000
925	0.00000000
926	0.00000000
927	0.00000000
928	0.00000000
929	0.00000000
930	0.00000000
931	0.00000000
932	0.00000000
933	0.00000000
934	0.00000000
935	0.00000000
936	0.00000000
937	0.00000000
938	0.00000000
939	0.00000000
940	0.00000000
941	0.00000000
942	0.00000000
943	0.00000000
944	0.00000000
945	0.00000000
946	0.00000000
947	0.00000000
948	0.00000000
949	0.00000000
950	0.00000000
951	0.00000000
952	0.00000000
953	0.00000000
954	0.00000000
955	0.00000000
956	0.00000000
957	0.00000000
958	0.00000000
959	0.00000000
960	0.00000000
961	0.00000000
962	0.00000000
963	0.00000000
964	0.00000000
965	0.00000000
966	0.00000000
967	0.00000000
968	0.00000000
969	0.00000000
970	0.00000000
971	0.00000000
972	0.00000000
973	0.00000000
974	0.00000000
975	0.00000000
976	0.00000000
977	0.00000000
978	0.00000000
979	0.00000000
980	0.00000000
981	0.00000000
982	0.00000000
983	0.00000000
984	0.00000000
985	0.00000000
986	0.00000000
987	0.00000000
988	0.00000000
989	0.00000000
990	0.00000000
991	0.00000000
992	0.00000000
993	0.00000000
994	0.00000000
995	0.00000000
996	0.00000000
997	0.00000000
998	0.00000000
999	0.00000000
