0	0.00000000
1	0.00000000
2	0.00000000
3	0.00000000
4	0.00000000
5	0.00000000
6	0.00000000
7	0.00000000
8	0.00000000
9	0.00000000
10	0.00000000
11	0.00000000
12	0.00000000
13	0.00371314
14	0.02558489
15	0.02157357
16	0.02583021
17	0.02397885
18	0.03169217
19	0.03750202
20	0.04204999
21	0.03949048
22	0.03865996
23	0.03374331
24	0.03017056
25	0.02709111
26	0.02518826
27	0.02308292
28	0.02207647
29	0.02050189
30	0.01958368
31	0.01910458
32	0.02134084
33	0.02379251
34	0.02566987
35	0.02813593
36	0.02870525
37	0.02819786
38	0.02740392
39	0.02688182
40	0.02605744
41	0.02561646
42	0.02527585
43	0.02471566
44	0.02428696
45	0.02405921
46	0.02368950
47	0.02311409
48	0.02272380
49	0.02248352
50	0.02192332
51	0.02138218
52	0.02083580
53	0.02000156
54	0.01917549
55	0.01943763
56	0.01943247
57	0.01912086
58	0.01893553
59	0.01845228
60	0.01780751
61	0.01723189
62	0.01680291
63	0.01658249
64	0.01653243
65	0.01636090
66	0.01611345
67	0.01575813
68	0.01536643
69	0.01505523
70	0.01465765
71	0.01421187
72	0.01379821
73	0.01333709
74	0.01294861
75	0.01247738
76	0.01212942
77	0.01174812
78	0.01152920
79	0.01138822
80	0.01105232
81	0.01077821
82	0.01056963
83	0.01020459
84	0.00992000
85	0.00972486
86	0.00946719
87	0.00926688
88	0.00898660
89	0.00875136
90	0.00847895
91	0.00816913
92	0.00795757
93	0.00768282
94	0.00741342
95	0.00718069
96	0.00695183
97	0.00672268
98	0.00650618
99	0.00629665
100	0.00610069
101	0.00593601
102	0.00581043
103	0.00563204
104	0.00546277
105	0.00530495
106	0.00513822
107	0.00497083
108	0.00481771
109	0.00467487
110	0.00452863
111	0.00439267
112	0.00426163
113	0.00411990
114	0.00399737
115	0.00386531
116	0.00374486
117	0.00362752
118	0.00351425
119	0.00340491
120	0.00329753
121	0.00319463
122	0.00309468
123	0.00299819
124	0.00290857
125	0.00282297
126	0.00273293
127	0.00264990
128	0.00256570
129	0.00248668
130	0.00240888
131	0.00233414
132	0.00226172
133	0.00219168
134	0.00212374
135	0.00205795
136	0.00199411
137	0.00193223
138	0.00187222
139	0.00181406
140	0.00175769
141	0.00170306
142	0.00165014
143	0.00159886
144	0.00154918
145	0.00150105
146	0.00145441
147	0.00140923
148	0.00136550
149	0.00132313
150	0.00128209
151	0.00124229
152	0.00120374
153	0.00116638
154	0.00113017
155	0.00109509
156	0.00106109
157	0.00102815
158	0.00099624
159	0.00096532
160	0.00093536
161	0.00090632
162	0.00087819
163	0.00085093
164	0.00082451
165	0.00079892
166	0.00077412
167	0.00075009
168	0.00072680
169	0.00070424
170	0.00068237
171	0.00066119
172	0.00064066
173	0.00062077
174	0.00060150
175	0.00058283
176	0.00056474
177	0.00054721
178	0.00053022
179	0.00051376
180	0.00049781
181	0.00048236
182	0.00046738
183	0.00045287
184	0.00043882
185	0.00042519
186	0.00041199
187	0.00039921
188	0.00038681
189	0.00037481
190	0.00036317
191	0.00035190
192	0.00034097
193	0.00033039
194	0.00032013
195	0.00031019
196	0.00030056
197	0.00029123
198	0.00028219
199	0.00027343
200	0.00026494
201	0.00025672
202	0.00024875
203	0.00024103
204	0.00023355
205	0.00022630
206	0.00021927
207	0.00021246
208	0.00020587
209	0.00019948
210	0.00019329
211	0.00018729
212	0.00018147
213	0.00017584
214	0.00017038
215	0.00016509
216	0.00015997
217	0.00015500
218	0.00015019
219	0.00014553
220	0.00014101
221	0.00013663
222	0.00013239
223	0.00012828
224	0.00012430
225	0.00012044
226	0.00011670
227	0.00011308
228	0.00010957
229	0.00010617
230	0.00010287
231	0.00009968
232	0.00009658
233	0.00009358
234	0.00009068
235	0.00008786
236	0.00008514
237	0.00008249
238	0.00007993
239	0.00007745
240	0.00007505
241	0.00007272
242	0.00007046
243	0.00006827
244	0.00006615
245	0.00006410
246	0.00006211
247	0.00006018
248	0.00005831
249	0.00005650
250	0.00005475
251	0.00005305
252	0.00005140
253	0.00004981
254	0.00004826
255	0.00004676
256	0.00004531
257	0.00004390
258	0.00004254
259	0.00004122
260	0.00003994
261	0.00003870
262	0.00003750
263	0.00003634
264	0.00003521
265	0.00003412
266	0.00003306
267	0.00003203
268	0.00003104
269	0.00003007
270	0.00002914
271	0.00002823
272	0.00002736
273	0.00002651
274	0.00002569
275	0.00002489
276	0.00002412
277	0.00002337
278	0.00002264
279	0.00002194
280	0.00002126
281	0.00002060
282	0.00001996
283	0.00001934
284	0.00001874
285	0.00001816
286	0.00001759
287	0.00001705
288	0.00001652
289	0.00001600
290	0.00001551
291	0.00001503
292	0.00001456
293	0.00001411
294	0.00001367
295	0.00001325
296	0.00001283
297	0.00001244
298	0.00001205
299	0.00001168
300	0.00001131
301	0.00001096
302	0.00001062
303	0.00001029
304	0.00000997
305	0.00000966
306	0.00000936
307	0.00000907
308	0.00000879
309	0.00000852
310	0.00000825
311	0.00000800
312	0.00000775
313	0.00000751
314	0.00000728
315	0.00000705
316	0.00000683
317	0.00000662
318	0.00000641
319	0.00000621
320	0.00000602
321	0.00000583
322	0.00000565
323	0.00000548
324	0.00000531
325	0.00000514
326	0.00000498
327	0.00000483
328	0.00000468
329	0.00000453
330	0.00000439
331	0.00000426
332	0.00000412
333	0.00000400
334	0.00000387
335	0.00000375
336	0.00000364
337	0.00000352
338	0.00000341
339	0.00000331
340	0.00000320
341	0.00000311
342	0.00000301
343	0.00000292
344	0.00000282
345	0.00000274
346	0.00000265
347	0.00000257
348	0.00000249
349	0.00000241
350	0.00000234
351	0.00000227
352	0.00000220
353	0.00000213
354	0.00000206
355	0.00000200
356	0.00000193
357	0.00000187
358	0.00000182
359	0.00000176
360	0.00000171
361	0.00000165
362	0.00000160
363	0.00000155
364	0.00000150
365	0.00000146
366	0.00000141
367	0.00000137
368	0.00000133
369	0.00000128
370	0.00000124
371	0.00000121
372	0.00000117
373	0.00000113
374	0.00000110
375	0.00000106
376	0.00000103
377	0.00000100
378	0.00000097
379	0.00000094
380	0.00000091
381	0.00000088
382	0.00000085
383	0.00000083
384	0.00000080
385	0.00000078
386	0.00000075
387	0.00000073
388	0.00000071
389	0.00000068
390	0.00000066
391	0.00000064
392	0.00000062
393	0.00000060
394	0.00000058
395	0.00000057
396	0.00000055
397	0.00000053
398	0.00000051
399	0.00000050
400	0.00000048
401	0.00000047
402	0.00000045
403	0.00000044
404	0.00000043
405	0.00000041
406	0.00000040
407	0.00000039
408	0.00000038
409	0.00000036
410	0.00000035
411	0.00000034
412	0.00000033
413	0.00000032
414	0.00000031
415	0.00000030
416	0.00000029
417	0.00000028
418	0.00000027
419	0.00000027
420	0.00000026
421	0.00000025
422	0.00000024
423	0.00000023
424	0.00000023
425	0.00000022
426	0.00000021
427	0.00000021
428	0.00000020
429	0.00000019
430	0.00000019
431	0.00000018
432	0.00000018
433	0.00000017
434	0.00000017
435	0.00000016
436	0.00000016
437	0.00000015
438	0.00000015
439	0.00000014
440	0.00000014
441	0.00000013
442	0.00000013
443	0.00000012
444	0.00000012
445	0.00000012
446	0.00000011
447	0.00000011
448	0.00000011
449	0.00000010
450	0.00000010
451	0.00000010
452	0.00000009
453	0.00000009
454	0.00000009
455	0.00000009
456	0.00000008
457	0.00000008
458	0.00000008
459	0.00000008
460	0.00000007
461	0.00000007
462	0.00000007
463	0.00000007
464	0.00000006
465	0.00000006
466	0.00000006
467	0.00000006
468	0.00000006
469	0.00000005
470	0.00000005
471	0.00000005
472	0.00000005
473	0.00000005
474	0.00000005
475	0.00000005
476	0.00000004
477	0.00000004
478	0.00000004
479	0.00000004
480	0.00000004
481	0.00000004
482	0.00000004
483	0.00000004
484	0.00000003
485	0.00000003
486	0.00000003
487	0.00000003
488	0.00000003
489	0.00000003
490	0.00000003
491	0.00000003
492	0.00000003
493	0.00000003
494	0.00000002
495	0.00000002
496	0.00000002
497	0.00000002
498	0.00000002
499	0.00000002
500	0.00000002
501	0.00000002
502	0.00000002
503	0.00000002
504	0.00000002
505	0.00000002
506	0.00000002
507	0.00000002
508	0.00000002
509	0.00000002
510	0.00000002
511	0.00000001
512	0.00000001
513	0.00000001
514	0.00000001
515	0.00000001
516	0.00000001
517	0.00000001
518	0.00000001
519	0.00000001
520	0.00000001
521	0.00000001
522	0.00000001
523	0.00000001
524	0.00000001
525	0.00000001
526	0.00000001
527	0.00000001
528	0.00000001
529	0.00000001
530	0.00000001
531	0.00000001
532	0.00000001
533	0.00000001
534	0.00000001
535	0.00000001
536	0.00000001
537	0.00000001
538	0.00000001
539	0.00000001
540	0.00000001
541	0.00000001
542	0.00000001
543	0.00000001
544	0.00000001
545	0.00000000
546	0.00000000
547	0.00000000
548	0.00000000
549	0.00000000
550	0.00000000
551	0.00000000
552	0.00000000
553	0.00000000
554	0.00000000
555	0.00000000
556	0.00000000
557	0.00000000
558	0.00000000
559	0.00000000
560	0.00000000
561	0.00000000
562	0.00000000
563	0.00000000
564	0.00000000
565	0.00000000
566	0.00000000
567	0.00000000
568	0.00000000
569	0.00000000
570	0.00000000
571	0.00000000
572	0.00000000
573	0.00000000
574	0.00000000
575	0.00000000
576	0.00000000
577	0.00000000
578	0.00000000
579	0.00000000
580	0.00000000
581	0.00000000
582	0.00000000
583	0.00000000
584	0.00000000
585	0.00000000
586	0.00000000
587	0.00000000
588	0.00000000
589	0.00000000
590	0.00000000
591	0.00000000
592	0.00000000
593	0.00000000
594	0.00000000
595	0.00000000
596	0.00000000
597	0.00000000
598	0.00000000
599	0.00000000
600	0.00000000
601	0.00000000
602	0.00000000
603	0.00000000
604	0.00000000
605	0.00000000
606	0.00000000
607	0.00000000
608	0.00000000
609	0.00000000
610	0.00000000
611	0.00000000
612	0.00000000
613	0.00000000
614	0.00000000
615	0.00000000
616	0.00000000
617	0.00000000
618	0.00000000
619	0.00000000
620	0.00000000
621	0.00000000
622	0.00000000
623	0.00000000
624	0.00000000
625	0.00000000
626	0.00000000
627	0.00000000
628	0.00000000
629	0.00000000
630	0.00000000
631	0.00000000
632	0.00000000
633	0.00000000
634	0.00000000
635	0.00000000
636	0.00000000
637	0.00000000
638	0.00000000
639	0.00000000
640	0.00000000
641	0.00000000
642	0.00000000
643	0.00000000
644	0.00000000
645	0.00000000
646	0.00000000
647	0.00000000
648	0.00000000
649	0.00000000
650	0.00000000
651	0.00000000
652	0.00000000
653	0.00000000
654	0.00000000
655	0.00000000
656	0.00000000
657	0.00000000
658	0.00000000
659	0.00000000
660	0.00000000
661	0.00000000
662	0.00000000
663	0.00000000
664	0.00000000
665	0.00000000
666	0.00000000
667	0.00000000
668	0.00000000
669	0.00000000
670	0.00000000
671	0.00000000
672	0.00000000
673	0.00000000
674	0.00000000
675	0.00000000
676	0.00000000
677	0.00000000
678	0.00000000
679	0.00000000
680	0.00000000
681	0.00000000
682	0.00000000
683	0.00000000
684	0.00000000
685	0.00000000
686	0.00000000
687	0.00000000
688	0.00000000
689	0.00000000
690	0.00000000
691	0.00000000
692	0.00000000
693	0.00000000
694	0.00000000
695	0.00000000
696	0.00000000
697	0.00000000
698	0.00000000
699	0.00000000
700	0.00000000
701	0.00000000
702	0.00000000
703	0.00000000
704	0.00000000
705	0.00000000
706	0.00000000
707	0.00000000
708	0.00000000
709	0.00000000
710	0.00000000
711	0.00000000
712	0.00000000
713	0.00000000
714	0.00000000
715	0.00000000
716	0.00000000
717	0.00000000
718	0.00000000
719	0.00000000
720	0.00000000
721	0.00000000
722	0.00000000
723	0.00000000
724	0.00000000
725	0.00000000
726	0.00000000
727	0.00000000
728	0.00000000
729	0.00000000
730	0.00000000
731	0.00000000
732	0.00000000
733	0.00000000
734	0.00000000
735	0.00000000
736	0.00000000
737	0.00000000
738	0.00000000
739	0.00000000
740	0.00000000
741	0.00000000
742	0.00000000
743	0.00000000
744	0.00000000
745	0.00000000
746	0.00000000
747	0.00000000
748	0.00000000
749	0.00000000
750	0.00000000
751	0.00000000
752	0.00000000
753	0.00000000
754	0.00000000
755	0.00000000
756	0.00000000
757	0.00000000
758	0.00000000
759	0.00000000
760	0.00000000
761	0.00000000
762	0.00000000
763	0.00000000
764	0.00000000
765	0.00000000
766	0.00000000
767	0.00000000
768	0.00000000
769	0.00000000
770	0.00000000
771	0.00000000
772	0.00000000
773	0.00000000
774	0.00000000
775	0.00000000
776	0.00000000
777	0.00000000
778	0.00000000
779	0.00000000
780	0.00000000
781	0.00000000
782	0.00000000
783	0.00000000
784	0.00000000
785	0.00000000
786	0.00000000
787	0.00000000
788	0.00000000
789	0.00000000
790	0.00000000
791	0.00000000
792	0.00000000
793	0.00000000
794	0.00000000
795	0.00000000
796	0.00000000
797	0.00000000
798	0.00000000
799	0.00000000
800	0.00000000
801	0.00000000
802	0.00000000
803	0.00000000
804	0.00000000
805	0.00000000
806	0.00000000
807	0.00000000
808	0.00000000
809	0.00000000
810	0.00000000
811	0.00000000
812	0.00000000
813	0.00000000
814	0.00000000
815	0.00000000
816	0.00000000
817	0.00000000
818	0.00000000
819	0.00000000
820	0.00000000
821	0.00000000
822	0.00000000
823	0.00000000
824	0.00000000
825	0.00000000
826	0.00000000
827	0.00000000
828	0.00000000
829	0.00000000
830	0.00000000
831	0.00000000
832	0.00000000
833	0.00000000
834	0.00000000
835	0.00000000
836	0.00000000
837	0.00000000
838	0.00000000
839	0.00000000
840	0.00000000
841	0.00000000
842	0.00000000
843	0.00000000
844	0.00000000
845	0.00000000
846	0.00000000
847	0.00000000
848	0.00000000
849	0.00000000
850	0.00000000
851	0.00000000
852	0.00000000
853	0.00000000
854	0.00000000
855	0.00000000
856	0.00000000
857	0.00000000
858	0.00000000
859	0.00000000
860	0.00000000
861	0.00000000
862	0.00000000
863	0.00000000
864	0.00000000
865	0.00000000
866	0.00000000
867	0.00000000
868	0.00000000
869	0.00000000
870	0.00000000
871	0.00000000
872	0.00000000
873	0.00000000
874	0.00000000
875	0.00000000
876	0.00000000
877	0.00000000
878	0.00000000
879	0.00000000
880	0.00000000
881	0.00000000
882	0.00000000
883	0.00000000
884	0.00000000
885	0.00000000
886	0.00000000
887	0.00000000
888	0.00000000
889	0.00000000
890	0.00000000
891	0.00000000
892	0.00000000
893	0.00000000
894	0.00000000
895	0.00000000
896	0.00000000
897	0.00000000
898	0.00000000
899	0.00000000
900	0.00000000
901	0.00000000
902	0.00000000
903	0.00000000
904	0.00000000
905	0.00000000
906	0.00000000
907	0.00000000
908	0.00000000
909	0.00000000
910	0.00000000
911	0.00000000
912	0.00000000
913	0.00000000
914	0.00000000
915	0.00000000
916	0.00000000
917	0.00000000
918	0.00000000
919	0.00000000
920	0.00000000
921	0.00000000
922	0.00000000
923	0.00000000
924	0.00000000
925	0.00000000
926	0.00000000
927	0.00000000
928	0.00000000
929	0.00000000
930	0.00000000
931	0.00000000
932	0.00000000
933	0.00000000
934	0.00000000
935	0.00000000
936	0.00000000
937	0.00000000
938	0.00000000
939	0.00000000
940	0.00000000
941	0.00000000
942	0.00000000
943	0.00000000
944	0.00000000
945	0.00000000
946	0.00000000
947	0.00000000
948	0.00000000
949	0.00000000
950	0.00000000
951	0.00000000
952	0.00000000
953	0.00000000
954	0.00000000
955	0.00000000
956	0.00000000
957	0.00000000
958	0.00000000
959	0.00000000
960	0.00000000
961	0.00000000
962	0.00000000
963	0.00000000
964	0.00000000
965	0.00000000
966	0.00000000
967	0.00000000
968	0.00000000
969	0.00000000
970	0.00000000
971	0.00000000
972	0.00000000
973	0.00000000
974	0.00000000
975	0.00000000
976	0.00000000
977	0.00000000
978	0.00000000
979	0.00000000
980	0.00000000
981	0.00000000
982	0.00000000
983	0.00000000
984	0.00000000
985	0.00000000
986	0.00000000
987	0.00000000
988	0.00000000
989	0.00000000
990	0.00000000
991	0.00000000
992	0.00000000
993	0.00000000
994	0.00000000
995	0.00000000
996	0.00000000
997	0.00000000
998	0.00000000
999	0.00000000
