0	0.00000000
1	0.00000000
2	0.00000000
3	0.00000000
4	0.00000000
5	0.00000000
6	0.00000000
7	0.00000000
8	0.00000000
9	0.00000000
10	0.00000000
11	0.00000000
12	0.00000000
13	0.00360331
14	0.02462856
15	0.02070692
16	0.02806300
17	0.02781516
18	0.03686194
19	0.04206314
20	0.04492814
21	0.04117297
22	0.03798432
23	0.03395281
24	0.03154394
25	0.02862391
26	0.02658867
27	0.02430062
28	0.02310476
29	0.02139850
30	0.02012016
31	0.01892690
32	0.02066813
33	0.02271359
34	0.02406061
35	0.02603835
36	0.02694229
37	0.02687693
38	0.02687414
39	0.02732274
40	0.02648515
41	0.02640974
42	0.02594689
43	0.02559482
44	0.02471903
45	0.02404978
46	0.02354680
47	0.02281518
48	0.02266109
49	0.02223770
50	0.02159846
51	0.02122191
52	0.02041009
53	0.01980779
54	0.01908166
55	0.01904225
56	0.01906246
57	0.01877529
58	0.01852503
59	0.01805168
60	0.01760998
61	0.01724943
62	0.01691110
63	0.01666069
64	0.01642119
65	0.01631425
66	0.01596861
67	0.01556750
68	0.01525505
69	0.01486131
70	0.01447721
71	0.01406217
72	0.01371245
73	0.01325290
74	0.01284683
75	0.01234937
76	0.01197247
77	0.01161626
78	0.01137660
79	0.01117078
80	0.01084828
81	0.01059916
82	0.01035389
83	0.01003883
84	0.00981215
85	0.00964891
86	0.00938934
87	0.00917594
88	0.00889754
89	0.00866511
90	0.00838438
91	0.00810594
92	0.00783417
93	0.00757775
94	0.00732458
95	0.00708236
96	0.00686625
97	0.00663821
98	0.00641527
99	0.00621332
100	0.00601668
101	0.00584748
102	0.00570750
103	0.00555318
104	0.00537787
105	0.00522419
106	0.00506369
107	0.00490797
108	0.00476395
109	0.00462813
110	0.00447196
111	0.00433672
112	0.00420452
113	0.00407160
114	0.00393993
115	0.00381584
116	0.00369523
117	0.00357954
118	0.00346770
119	0.00335985
120	0.00325360
121	0.00315185
122	0.00305335
123	0.00295786
124	0.00286777
125	0.00278198
126	0.00269542
127	0.00261328
128	0.00253060
129	0.00245265
130	0.00237618
131	0.00230273
132	0.00223152
133	0.00216243
134	0.00209538
135	0.00203040
136	0.00196739
137	0.00190631
138	0.00184709
139	0.00178971
140	0.00173409
141	0.00168020
142	0.00162797
143	0.00157739
144	0.00152836
145	0.00148088
146	0.00143486
147	0.00139028
148	0.00134712
149	0.00130531
150	0.00126480
151	0.00122555
152	0.00118751
153	0.00115065
154	0.00111493
155	0.00108033
156	0.00104680
157	0.00101431
158	0.00098283
159	0.00095232
160	0.00092276
161	0.00089412
162	0.00086637
163	0.00083948
164	0.00081342
165	0.00078817
166	0.00076370
167	0.00073999
168	0.00071702
169	0.00069476
170	0.00067319
171	0.00065229
172	0.00063204
173	0.00061242
174	0.00059341
175	0.00057498
176	0.00055713
177	0.00053984
178	0.00052308
179	0.00050684
180	0.00049111
181	0.00047586
182	0.00046109
183	0.00044678
184	0.00043291
185	0.00041947
186	0.00040645
187	0.00039383
188	0.00038161
189	0.00036976
190	0.00035828
191	0.00034716
192	0.00033638
193	0.00032594
194	0.00031582
195	0.00030602
196	0.00029652
197	0.00028731
198	0.00027839
199	0.00026975
200	0.00026138
201	0.00025326
202	0.00024540
203	0.00023778
204	0.00023040
205	0.00022325
206	0.00021632
207	0.00020960
208	0.00020310
209	0.00019679
210	0.00019068
211	0.00018476
212	0.00017903
213	0.00017347
214	0.00016809
215	0.00016287
216	0.00015781
217	0.00015291
218	0.00014817
219	0.00014357
220	0.00013911
221	0.00013479
222	0.00013061
223	0.00012655
224	0.00012262
225	0.00011882
226	0.00011513
227	0.00011156
228	0.00010809
229	0.00010474
230	0.00010149
231	0.00009833
232	0.00009528
233	0.00009232
234	0.00008946
235	0.00008668
236	0.00008399
237	0.00008138
238	0.00007886
239	0.00007641
240	0.00007404
241	0.00007174
242	0.00006951
243	0.00006735
244	0.00006526
245	0.00006324
246	0.00006127
247	0.00005937
248	0.00005753
249	0.00005574
250	0.00005401
251	0.00005234
252	0.00005071
253	0.00004914
254	0.00004761
255	0.00004613
256	0.00004470
257	0.00004331
258	0.00004197
259	0.00004067
260	0.00003940
261	0.00003818
262	0.00003700
263	0.00003585
264	0.00003473
265	0.00003366
266	0.00003261
267	0.00003160
268	0.00003062
269	0.00002967
270	0.00002875
271	0.00002785
272	0.00002699
273	0.00002615
274	0.00002534
275	0.00002455
276	0.00002379
277	0.00002305
278	0.00002234
279	0.00002164
280	0.00002097
281	0.00002032
282	0.00001969
283	0.00001908
284	0.00001849
285	0.00001791
286	0.00001736
287	0.00001682
288	0.00001630
289	0.00001579
290	0.00001530
291	0.00001482
292	0.00001436
293	0.00001392
294	0.00001349
295	0.00001307
296	0.00001266
297	0.00001227
298	0.00001189
299	0.00001152
300	0.00001116
301	0.00001081
302	0.00001048
303	0.00001015
304	0.00000984
305	0.00000953
306	0.00000924
307	0.00000895
308	0.00000867
309	0.00000840
310	0.00000814
311	0.00000789
312	0.00000764
313	0.00000741
314	0.00000718
315	0.00000695
316	0.00000674
317	0.00000653
318	0.00000633
319	0.00000613
320	0.00000594
321	0.00000576
322	0.00000558
323	0.00000540
324	0.00000524
325	0.00000507
326	0.00000492
327	0.00000476
328	0.00000462
329	0.00000447
330	0.00000433
331	0.00000420
332	0.00000407
333	0.00000394
334	0.00000382
335	0.00000370
336	0.00000359
337	0.00000348
338	0.00000337
339	0.00000326
340	0.00000316
341	0.00000306
342	0.00000297
343	0.00000288
344	0.00000279
345	0.00000270
346	0.00000262
347	0.00000254
348	0.00000246
349	0.00000238
350	0.00000231
351	0.00000223
352	0.00000217
353	0.00000210
354	0.00000203
355	0.00000197
356	0.00000191
357	0.00000185
358	0.00000179
359	0.00000174
360	0.00000168
361	0.00000163
362	0.00000158
363	0.00000153
364	0.00000148
365	0.00000144
366	0.00000139
367	0.00000135
368	0.00000131
369	0.00000127
370	0.00000123
371	0.00000119
372	0.00000115
373	0.00000112
374	0.00000108
375	0.00000105
376	0.00000102
377	0.00000098
378	0.00000095
379	0.00000092
380	0.00000090
381	0.00000087
382	0.00000084
383	0.00000081
384	0.00000079
385	0.00000076
386	0.00000074
387	0.00000072
388	0.00000070
389	0.00000067
390	0.00000065
391	0.00000063
392	0.00000061
393	0.00000059
394	0.00000058
395	0.00000056
396	0.00000054
397	0.00000052
398	0.00000051
399	0.00000049
400	0.00000048
401	0.00000046
402	0.00000045
403	0.00000043
404	0.00000042
405	0.00000041
406	0.00000039
407	0.00000038
408	0.00000037
409	0.00000036
410	0.00000035
411	0.00000034
412	0.00000033
413	0.00000032
414	0.00000031
415	0.00000030
416	0.00000029
417	0.00000028
418	0.00000027
419	0.00000026
420	0.00000025
421	0.00000025
422	0.00000024
423	0.00000023
424	0.00000022
425	0.00000022
426	0.00000021
427	0.00000020
428	0.00000020
429	0.00000019
430	0.00000019
431	0.00000018
432	0.00000017
433	0.00000017
434	0.00000016
435	0.00000016
436	0.00000015
437	0.00000015
438	0.00000014
439	0.00000014
440	0.00000014
441	0.00000013
442	0.00000013
443	0.00000012
444	0.00000012
445	0.00000012
446	0.00000011
447	0.00000011
448	0.00000010
449	0.00000010
450	0.00000010
451	0.00000010
452	0.00000009
453	0.00000009
454	0.00000009
455	0.00000008
456	0.00000008
457	0.00000008
458	0.00000008
459	0.00000007
460	0.00000007
461	0.00000007
462	0.00000007
463	0.00000007
464	0.00000006
465	0.00000006
466	0.00000006
467	0.00000006
468	0.00000006
469	0.00000005
470	0.00000005
471	0.00000005
472	0.00000005
473	0.00000005
474	0.00000005
475	0.00000004
476	0.00000004
477	0.00000004
478	0.00000004
479	0.00000004
480	0.00000004
481	0.00000004
482	0.00000004
483	0.00000003
484	0.00000003
485	0.00000003
486	0.00000003
487	0.00000003
488	0.00000003
489	0.00000003
490	0.00000003
491	0.00000003
492	0.00000003
493	0.00000003
494	0.00000002
495	0.00000002
496	0.00000002
497	0.00000002
498	0.00000002
499	0.00000002
500	0.00000002
501	0.00000002
502	0.00000002
503	0.00000002
504	0.00000002
505	0.00000002
506	0.00000002
507	0.00000002
508	0.00000002
509	0.00000002
510	0.00000001
511	0.00000001
512	0.00000001
513	0.00000001
514	0.00000001
515	0.00000001
516	0.00000001
517	0.00000001
518	0.00000001
519	0.00000001
520	0.00000001
521	0.00000001
522	0.00000001
523	0.00000001
524	0.00000001
525	0.00000001
526	0.00000001
527	0.00000001
528	0.00000001
529	0.00000001
530	0.00000001
531	0.00000001
532	0.00000001
533	0.00000001
534	0.00000001
535	0.00000001
536	0.00000001
537	0.00000001
538	0.00000001
539	0.00000001
540	0.00000001
541	0.00000001
542	0.00000001
543	0.00000001
544	0.00000001
545	0.00000000
546	0.00000000
547	0.00000000
548	0.00000000
549	0.00000000
550	0.00000000
551	0.00000000
552	0.00000000
553	0.00000000
554	0.00000000
555	0.00000000
556	0.00000000
557	0.00000000
558	0.00000000
559	0.00000000
560	0.00000000
561	0.00000000
562	0.00000000
563	0.00000000
564	0.00000000
565	0.00000000
566	0.00000000
567	0.00000000
568	0.00000000
569	0.00000000
570	0.00000000
571	0.00000000
572	0.00000000
573	0.00000000
574	0.00000000
575	0.00000000
576	0.00000000
577	0.00000000
578	0.00000000
579	0.00000000
580	0.00000000
581	0.00000000
582	0.00000000
583	0.00000000
584	0.00000000
585	0.00000000
586	0.00000000
587	0.00000000
588	0.00000000
589	0.00000000
590	0.00000000
591	0.00000000
592	0.00000000
593	0.00000000
594	0.00000000
595	0.00000000
596	0.00000000
597	0.00000000
598	0.00000000
599	0.00000000
600	0.00000000
601	0.00000000
602	0.00000000
603	0.00000000
604	0.00000000
605	0.00000000
606	0.00000000
607	0.00000000
608	0.00000000
609	0.00000000
610	0.00000000
611	0.00000000
612	0.00000000
613	0.00000000
614	0.00000000
615	0.00000000
616	0.00000000
617	0.00000000
618	0.00000000
619	0.00000000
620	0.00000000
621	0.00000000
622	0.00000000
623	0.00000000
624	0.00000000
625	0.00000000
626	0.00000000
627	0.00000000
628	0.00000000
629	0.00000000
630	0.00000000
631	0.00000000
632	0.00000000
633	0.00000000
634	0.00000000
635	0.00000000
636	0.00000000
637	0.00000000
638	0.00000000
639	0.00000000
640	0.00000000
641	0.00000000
642	0.00000000
643	0.00000000
644	0.00000000
645	0.00000000
646	0.00000000
647	0.00000000
648	0.00000000
649	0.00000000
650	0.00000000
651	0.00000000
652	0.00000000
653	0.00000000
654	0.00000000
655	0.00000000
656	0.00000000
657	0.00000000
658	0.00000000
659	0.00000000
660	0.00000000
661	0.00000000
662	0.00000000
663	0.00000000
664	0.00000000
665	0.00000000
666	0.00000000
667	0.00000000
668	0.00000000
669	0.00000000
670	0.00000000
671	0.00000000
672	0.00000000
673	0.00000000
674	0.00000000
675	0.00000000
676	0.00000000
677	0.00000000
678	0.00000000
679	0.00000000
680	0.00000000
681	0.00000000
682	0.00000000
683	0.00000000
684	0.00000000
685	0.00000000
686	0.00000000
687	0.00000000
688	0.00000000
689	0.00000000
690	0.00000000
691	0.00000000
692	0.00000000
693	0.00000000
694	0.00000000
695	0.00000000
696	0.00000000
697	0.00000000
698	0.00000000
699	0.00000000
700	0.00000000
701	0.00000000
702	0.00000000
703	0.00000000
704	0.00000000
705	0.00000000
706	0.00000000
707	0.00000000
708	0.00000000
709	0.00000000
710	0.00000000
711	0.00000000
712	0.00000000
713	0.00000000
714	0.00000000
715	0.00000000
716	0.00000000
717	0.00000000
718	0.00000000
719	0.00000000
720	0.00000000
721	0.00000000
722	0.00000000
723	0.00000000
724	0.00000000
725	0.00000000
726	0.00000000
727	0.00000000
728	0.00000000
729	0.00000000
730	0.00000000
731	0.00000000
732	0.00000000
733	0.00000000
734	0.00000000
735	0.00000000
736	0.00000000
737	0.00000000
738	0.00000000
739	0.00000000
740	0.00000000
741	0.00000000
742	0.00000000
743	0.00000000
744	0.00000000
745	0.00000000
746	0.00000000
747	0.00000000
748	0.00000000
749	0.00000000
750	0.00000000
751	0.00000000
752	0.00000000
753	0.00000000
754	0.00000000
755	0.00000000
756	0.00000000
757	0.00000000
758	0.00000000
759	0.00000000
760	0.00000000
761	0.00000000
762	0.00000000
763	0.00000000
764	0.00000000
765	0.00000000
766	0.00000000
767	0.00000000
768	0.00000000
769	0.00000000
770	0.00000000
771	0.00000000
772	0.00000000
773	0.00000000
774	0.00000000
775	0.00000000
776	0.00000000
777	0.00000000
778	0.00000000
779	0.00000000
780	0.00000000
781	0.00000000
782	0.00000000
783	0.00000000
784	0.00000000
785	0.00000000
786	0.00000000
787	0.00000000
788	0.00000000
789	0.00000000
790	0.00000000
791	0.00000000
792	0.00000000
793	0.00000000
794	0.00000000
795	0.00000000
796	0.00000000
797	0.00000000
798	0.00000000
799	0.00000000
800	0.00000000
801	0.00000000
802	0.00000000
803	0.00000000
804	0.00000000
805	0.00000000
806	0.00000000
807	0.00000000
808	0.00000000
809	0.00000000
810	0.00000000
811	0.00000000
812	0.00000000
813	0.00000000
814	0.00000000
815	0.00000000
816	0.00000000
817	0.00000000
818	0.00000000
819	0.00000000
820	0.00000000
821	0.00000000
822	0.00000000
823	0.00000000
824	0.00000000
825	0.00000000
826	0.00000000
827	0.00000000
828	0.00000000
829	0.00000000
830	0.00000000
831	0.00000000
832	0.00000000
833	0.00000000
834	0.00000000
835	0.00000000
836	0.00000000
837	0.00000000
838	0.00000000
839	0.00000000
840	0.00000000
841	0.00000000
842	0.00000000
843	0.00000000
844	0.00000000
845	0.00000000
846	0.00000000
847	0.00000000
848	0.00000000
849	0.00000000
850	0.00000000
851	0.00000000
852	0.00000000
853	0.00000000
854	0.00000000
855	0.00000000
856	0.00000000
857	0.00000000
858	0.00000000
859	0.00000000
860	0.00000000
861	0.00000000
862	0.00000000
863	0.00000000
864	0.00000000
865	0.00000000
866	0.00000000
867	0.00000000
868	0.00000000
869	0.00000000
870	0.00000000
871	0.00000000
872	0.00000000
873	0.00000000
874	0.00000000
875	0.00000000
876	0.00000000
877	0.00000000
878	0.00000000
879	0.00000000
880	0.00000000
881	0.00000000
882	0.00000000
883	0.00000000
884	0.00000000
885	0.00000000
886	0.00000000
887	0.00000000
888	0.00000000
889	0.00000000
890	0.00000000
891	0.00000000
892	0.00000000
893	0.00000000
894	0.00000000
895	0.00000000
896	0.00000000
897	0.00000000
898	0.00000000
899	0.00000000
900	0.00000000
901	0.00000000
902	0.00000000
903	0.00000000
904	0.00000000
905	0.00000000
906	0.00000000
907	0.00000000
908	0.00000000
909	0.00000000
910	0.00000000
911	0.00000000
912	0.00000000
913	0.00000000
914	0.00000000
915	0.00000000
916	0.00000000
917	0.00000000
918	0.00000000
919	0.00000000
920	0.00000000
921	0.00000000
922	0.00000000
923	0.00000000
924	0.00000000
925	0.00000000
926	0.00000000
927	0.00000000
928	0.00000000
929	0.00000000
930	0.00000000
931	0.00000000
932	0.00000000
933	0.00000000
934	0.00000000
935	0.00000000
936	0.00000000
937	0.00000000
938	0.00000000
939	0.00000000
940	0.00000000
941	0.00000000
942	0.00000000
943	0.00000000
944	0.00000000
945	0.00000000
946	0.00000000
947	0.00000000
948	0.00000000
949	0.00000000
950	0.00000000
951	0.00000000
952	0.00000000
953	0.00000000
954	0.00000000
955	0.00000000
956	0.00000000
957	0.00000000
958	0.00000000
959	0.00000000
960	0.00000000
961	0.00000000
962	0.00000000
963	0.00000000
964	0.00000000
965	0.00000000
966	0.00000000
967	0.00000000
968	0.00000000
969	0.00000000
970	0.00000000
971	0.00000000
972	0.00000000
973	0.00000000
974	0.00000000
975	0.00000000
976	0.00000000
977	0.00000000
978	0.00000000
979	0.00000000
980	0.00000000
981	0.00000000
982	0.00000000
983	0.00000000
984	0.00000000
985	0.00000000
986	0.00000000
987	0.00000000
988	0.00000000
989	0.00000000
990	0.00000000
991	0.00000000
992	0.00000000
993	0.00000000
994	0.00000000
995	0.00000000
996	0.00000000
997	0.00000000
998	0.00000000
999	0.00000000
