0	0.00000000
1	0.00000000
2	0.00000000
3	0.00000000
4	0.00000000
5	0.00000000
6	0.00000000
7	0.00000000
8	0.00000000
9	0.00000000
10	0.00000000
11	0.00000000
12	0.00000000
13	0.00497526
14	0.03391983
15	0.02858413
16	0.03318202
17	0.02971083
18	0.03581182
19	0.04039283
20	0.04297231
21	0.03908750
22	0.03621007
23	0.03149764
24	0.02828134
25	0.02525892
26	0.02370462
27	0.02210688
28	0.02116685
29	0.01988897
30	0.01912388
31	0.01830449
32	0.02119429
33	0.02432956
34	0.02555454
35	0.02777980
36	0.02901503
37	0.02857150
38	0.02773914
39	0.02750047
40	0.02653763
41	0.02636337
42	0.02564792
43	0.02534887
44	0.02466014
45	0.02422320
46	0.02399824
47	0.02328883
48	0.02297790
49	0.02248565
50	0.02186864
51	0.02131155
52	0.02059594
53	0.01993585
54	0.01929761
55	0.01943921
56	0.01943882
57	0.01918444
58	0.01908628
59	0.01861727
60	0.01809730
61	0.01756458
62	0.01716931
63	0.01695219
64	0.01677346
65	0.01658758
66	0.01635360
67	0.01591482
68	0.01550632
69	0.01515417
70	0.01476783
71	0.01430094
72	0.01395349
73	0.01347233
74	0.01308235
75	0.01257408
76	0.01221993
77	0.01184413
78	0.01165105
79	0.01148520
80	0.01118131
81	0.01090061
82	0.01068886
83	0.01037767
84	0.01011537
85	0.00988590
86	0.00963590
87	0.00938616
88	0.00911470
89	0.00885989
90	0.00858349
91	0.00831151
92	0.00802424
93	0.00777036
94	0.00751388
95	0.00726008
96	0.00704815
97	0.00680941
98	0.00658316
99	0.00637929
100	0.00617628
101	0.00600858
102	0.00587062
103	0.00571952
104	0.00553753
105	0.00538509
106	0.00521620
107	0.00504953
108	0.00489342
109	0.00474517
110	0.00459311
111	0.00445251
112	0.00431938
113	0.00418675
114	0.00404963
115	0.00391956
116	0.00379763
117	0.00367854
118	0.00356340
119	0.00345195
120	0.00334334
121	0.00323892
122	0.00313787
123	0.00303980
124	0.00294692
125	0.00286165
126	0.00277150
127	0.00268724
128	0.00260209
129	0.00252198
130	0.00244312
131	0.00236741
132	0.00229397
133	0.00222285
134	0.00215403
135	0.00208720
136	0.00202242
137	0.00195964
138	0.00189875
139	0.00183973
140	0.00178255
141	0.00172713
142	0.00167345
143	0.00162144
144	0.00157105
145	0.00152223
146	0.00147493
147	0.00142911
148	0.00138475
149	0.00134179
150	0.00130016
151	0.00125981
152	0.00122072
153	0.00118284
154	0.00114612
155	0.00111055
156	0.00107608
157	0.00104268
158	0.00101031
159	0.00097896
160	0.00094857
161	0.00091913
162	0.00089060
163	0.00086295
164	0.00083616
165	0.00081021
166	0.00078505
167	0.00076068
168	0.00073707
169	0.00071418
170	0.00069201
171	0.00067053
172	0.00064971
173	0.00062954
174	0.00061000
175	0.00059106
176	0.00057271
177	0.00055493
178	0.00053771
179	0.00052102
180	0.00050484
181	0.00048917
182	0.00047398
183	0.00045927
184	0.00044501
185	0.00043120
186	0.00041781
187	0.00040484
188	0.00039228
189	0.00038010
190	0.00036830
191	0.00035687
192	0.00034579
193	0.00033505
194	0.00032465
195	0.00031457
196	0.00030481
197	0.00029535
198	0.00028618
199	0.00027729
200	0.00026869
201	0.00026035
202	0.00025226
203	0.00024443
204	0.00023684
205	0.00022949
206	0.00022237
207	0.00021546
208	0.00020878
209	0.00020230
210	0.00019602
211	0.00018993
212	0.00018403
213	0.00017832
214	0.00017279
215	0.00016742
216	0.00016222
217	0.00015719
218	0.00015231
219	0.00014758
220	0.00014300
221	0.00013856
222	0.00013426
223	0.00013009
224	0.00012605
225	0.00012214
226	0.00011835
227	0.00011467
228	0.00011111
229	0.00010767
230	0.00010432
231	0.00010108
232	0.00009795
233	0.00009491
234	0.00009196
235	0.00008911
236	0.00008634
237	0.00008366
238	0.00008106
239	0.00007855
240	0.00007611
241	0.00007374
242	0.00007146
243	0.00006924
244	0.00006709
245	0.00006501
246	0.00006299
247	0.00006103
248	0.00005914
249	0.00005730
250	0.00005552
251	0.00005380
252	0.00005213
253	0.00005051
254	0.00004894
255	0.00004742
256	0.00004595
257	0.00004452
258	0.00004314
259	0.00004180
260	0.00004051
261	0.00003925
262	0.00003803
263	0.00003685
264	0.00003571
265	0.00003460
266	0.00003352
267	0.00003248
268	0.00003147
269	0.00003050
270	0.00002955
271	0.00002863
272	0.00002774
273	0.00002688
274	0.00002605
275	0.00002524
276	0.00002446
277	0.00002370
278	0.00002296
279	0.00002225
280	0.00002156
281	0.00002089
282	0.00002024
283	0.00001961
284	0.00001900
285	0.00001841
286	0.00001784
287	0.00001729
288	0.00001675
289	0.00001623
290	0.00001573
291	0.00001524
292	0.00001477
293	0.00001431
294	0.00001386
295	0.00001343
296	0.00001302
297	0.00001261
298	0.00001222
299	0.00001184
300	0.00001147
301	0.00001112
302	0.00001077
303	0.00001044
304	0.00001011
305	0.00000980
306	0.00000950
307	0.00000920
308	0.00000892
309	0.00000864
310	0.00000837
311	0.00000811
312	0.00000786
313	0.00000761
314	0.00000738
315	0.00000715
316	0.00000693
317	0.00000671
318	0.00000650
319	0.00000630
320	0.00000611
321	0.00000592
322	0.00000573
323	0.00000556
324	0.00000538
325	0.00000522
326	0.00000505
327	0.00000490
328	0.00000474
329	0.00000460
330	0.00000445
331	0.00000432
332	0.00000418
333	0.00000405
334	0.00000393
335	0.00000380
336	0.00000369
337	0.00000357
338	0.00000346
339	0.00000335
340	0.00000325
341	0.00000315
342	0.00000305
343	0.00000296
344	0.00000286
345	0.00000278
346	0.00000269
347	0.00000261
348	0.00000253
349	0.00000245
350	0.00000237
351	0.00000230
352	0.00000223
353	0.00000216
354	0.00000209
355	0.00000203
356	0.00000196
357	0.00000190
358	0.00000184
359	0.00000179
360	0.00000173
361	0.00000168
362	0.00000162
363	0.00000157
364	0.00000152
365	0.00000148
366	0.00000143
367	0.00000139
368	0.00000134
369	0.00000130
370	0.00000126
371	0.00000122
372	0.00000118
373	0.00000115
374	0.00000111
375	0.00000108
376	0.00000104
377	0.00000101
378	0.00000098
379	0.00000095
380	0.00000092
381	0.00000089
382	0.00000086
383	0.00000084
384	0.00000081
385	0.00000079
386	0.00000076
387	0.00000074
388	0.00000072
389	0.00000069
390	0.00000067
391	0.00000065
392	0.00000063
393	0.00000061
394	0.00000059
395	0.00000057
396	0.00000056
397	0.00000054
398	0.00000052
399	0.00000051
400	0.00000049
401	0.00000047
402	0.00000046
403	0.00000045
404	0.00000043
405	0.00000042
406	0.00000041
407	0.00000039
408	0.00000038
409	0.00000037
410	0.00000036
411	0.00000035
412	0.00000034
413	0.00000033
414	0.00000032
415	0.00000031
416	0.00000030
417	0.00000029
418	0.00000028
419	0.00000027
420	0.00000026
421	0.00000025
422	0.00000024
423	0.00000024
424	0.00000023
425	0.00000022
426	0.00000022
427	0.00000021
428	0.00000020
429	0.00000020
430	0.00000019
431	0.00000018
432	0.00000018
433	0.00000017
434	0.00000017
435	0.00000016
436	0.00000016
437	0.00000015
438	0.00000015
439	0.00000014
440	0.00000014
441	0.00000013
442	0.00000013
443	0.00000013
444	0.00000012
445	0.00000012
446	0.00000011
447	0.00000011
448	0.00000011
449	0.00000010
450	0.00000010
451	0.00000010
452	0.00000010
453	0.00000009
454	0.00000009
455	0.00000009
456	0.00000008
457	0.00000008
458	0.00000008
459	0.00000008
460	0.00000007
461	0.00000007
462	0.00000007
463	0.00000007
464	0.00000007
465	0.00000006
466	0.00000006
467	0.00000006
468	0.00000006
469	0.00000006
470	0.00000005
471	0.00000005
472	0.00000005
473	0.00000005
474	0.00000005
475	0.00000005
476	0.00000004
477	0.00000004
478	0.00000004
479	0.00000004
480	0.00000004
481	0.00000004
482	0.00000004
483	0.00000004
484	0.00000003
485	0.00000003
486	0.00000003
487	0.00000003
488	0.00000003
489	0.00000003
490	0.00000003
491	0.00000003
492	0.00000003
493	0.00000003
494	0.00000003
495	0.00000002
496	0.00000002
497	0.00000002
498	0.00000002
499	0.00000002
500	0.00000002
501	0.00000002
502	0.00000002
503	0.00000002
504	0.00000002
505	0.00000002
506	0.00000002
507	0.00000002
508	0.00000002
509	0.00000002
510	0.00000002
511	0.00000001
512	0.00000001
513	0.00000001
514	0.00000001
515	0.00000001
516	0.00000001
517	0.00000001
518	0.00000001
519	0.00000001
520	0.00000001
521	0.00000001
522	0.00000001
523	0.00000001
524	0.00000001
525	0.00000001
526	0.00000001
527	0.00000001
528	0.00000001
529	0.00000001
530	0.00000001
531	0.00000001
532	0.00000001
533	0.00000001
534	0.00000001
535	0.00000001
536	0.00000001
537	0.00000001
538	0.00000001
539	0.00000001
540	0.00000001
541	0.00000001
542	0.00000001
543	0.00000001
544	0.00000001
545	0.00000001
546	0.00000000
547	0.00000000
548	0.00000000
549	0.00000000
550	0.00000000
551	0.00000000
552	0.00000000
553	0.00000000
554	0.00000000
555	0.00000000
556	0.00000000
557	0.00000000
558	0.00000000
559	0.00000000
560	0.00000000
561	0.00000000
562	0.00000000
563	0.00000000
564	0.00000000
565	0.00000000
566	0.00000000
567	0.00000000
568	0.00000000
569	0.00000000
570	0.00000000
571	0.00000000
572	0.00000000
573	0.00000000
574	0.00000000
575	0.00000000
576	0.00000000
577	0.00000000
578	0.00000000
579	0.00000000
580	0.00000000
581	0.00000000
582	0.00000000
583	0.00000000
584	0.00000000
585	0.00000000
586	0.00000000
587	0.00000000
588	0.00000000
589	0.00000000
590	0.00000000
591	0.00000000
592	0.00000000
593	0.00000000
594	0.00000000
595	0.00000000
596	0.00000000
597	0.00000000
598	0.00000000
599	0.00000000
600	0.00000000
601	0.00000000
602	0.00000000
603	0.00000000
604	0.00000000
605	0.00000000
606	0.00000000
607	0.00000000
608	0.00000000
609	0.00000000
610	0.00000000
611	0.00000000
612	0.00000000
613	0.00000000
614	0.00000000
615	0.00000000
616	0.00000000
617	0.00000000
618	0.00000000
619	0.00000000
620	0.00000000
621	0.00000000
622	0.00000000
623	0.00000000
624	0.00000000
625	0.00000000
626	0.00000000
627	0.00000000
628	0.00000000
629	0.00000000
630	0.00000000
631	0.00000000
632	0.00000000
633	0.00000000
634	0.00000000
635	0.00000000
636	0.00000000
637	0.00000000
638	0.00000000
639	0.00000000
640	0.00000000
641	0.00000000
642	0.00000000
643	0.00000000
644	0.00000000
645	0.00000000
646	0.00000000
647	0.00000000
648	0.00000000
649	0.00000000
650	0.00000000
651	0.00000000
652	0.00000000
653	0.00000000
654	0.00000000
655	0.00000000
656	0.00000000
657	0.00000000
658	0.00000000
659	0.00000000
660	0.00000000
661	0.00000000
662	0.00000000
663	0.00000000
664	0.00000000
665	0.00000000
666	0.00000000
667	0.00000000
668	0.00000000
669	0.00000000
670	0.00000000
671	0.00000000
672	0.00000000
673	0.00000000
674	0.00000000
675	0.00000000
676	0.00000000
677	0.00000000
678	0.00000000
679	0.00000000
680	0.00000000
681	0.00000000
682	0.00000000
683	0.00000000
684	0.00000000
685	0.00000000
686	0.00000000
687	0.00000000
688	0.00000000
689	0.00000000
690	0.00000000
691	0.00000000
692	0.00000000
693	0.00000000
694	0.00000000
695	0.00000000
696	0.00000000
697	0.00000000
698	0.00000000
699	0.00000000
700	0.00000000
701	0.00000000
702	0.00000000
703	0.00000000
704	0.00000000
705	0.00000000
706	0.00000000
707	0.00000000
708	0.00000000
709	0.00000000
710	0.00000000
711	0.00000000
712	0.00000000
713	0.00000000
714	0.00000000
715	0.00000000
716	0.00000000
717	0.00000000
718	0.00000000
719	0.00000000
720	0.00000000
721	0.00000000
722	0.00000000
723	0.00000000
724	0.00000000
725	0.00000000
726	0.00000000
727	0.00000000
728	0.00000000
729	0.00000000
730	0.00000000
731	0.00000000
732	0.00000000
733	0.00000000
734	0.00000000
735	0.00000000
736	0.00000000
737	0.00000000
738	0.00000000
739	0.00000000
740	0.00000000
741	0.00000000
742	0.00000000
743	0.00000000
744	0.00000000
745	0.00000000
746	0.00000000
747	0.00000000
748	0.00000000
749	0.00000000
750	0.00000000
751	0.00000000
752	0.00000000
753	0.00000000
754	0.00000000
755	0.00000000
756	0.00000000
757	0.00000000
758	0.00000000
759	0.00000000
760	0.00000000
761	0.00000000
762	0.00000000
763	0.00000000
764	0.00000000
765	0.00000000
766	0.00000000
767	0.00000000
768	0.00000000
769	0.00000000
770	0.00000000
771	0.00000000
772	0.00000000
773	0.00000000
774	0.00000000
775	0.00000000
776	0.00000000
777	0.00000000
778	0.00000000
779	0.00000000
780	0.00000000
781	0.00000000
782	0.00000000
783	0.00000000
784	0.00000000
785	0.00000000
786	0.00000000
787	0.00000000
788	0.00000000
789	0.00000000
790	0.00000000
791	0.00000000
792	0.00000000
793	0.00000000
794	0.00000000
795	0.00000000
796	0.00000000
797	0.00000000
798	0.00000000
799	0.00000000
800	0.00000000
801	0.00000000
802	0.00000000
803	0.00000000
804	0.00000000
805	0.00000000
806	0.00000000
807	0.00000000
808	0.00000000
809	0.00000000
810	0.00000000
811	0.00000000
812	0.00000000
813	0.00000000
814	0.00000000
815	0.00000000
816	0.00000000
817	0.00000000
818	0.00000000
819	0.00000000
820	0.00000000
821	0.00000000
822	0.00000000
823	0.00000000
824	0.00000000
825	0.00000000
826	0.00000000
827	0.00000000
828	0.00000000
829	0.00000000
830	0.00000000
831	0.00000000
832	0.00000000
833	0.00000000
834	0.00000000
835	0.00000000
836	0.00000000
837	0.00000000
838	0.00000000
839	0.00000000
840	0.00000000
841	0.00000000
842	0.00000000
843	0.00000000
844	0.00000000
845	0.00000000
846	0.00000000
847	0.00000000
848	0.00000000
849	0.00000000
850	0.00000000
851	0.00000000
852	0.00000000
853	0.00000000
854	0.00000000
855	0.00000000
856	0.00000000
857	0.00000000
858	0.00000000
859	0.00000000
860	0.00000000
861	0.00000000
862	0.00000000
863	0.00000000
864	0.00000000
865	0.00000000
866	0.00000000
867	0.00000000
868	0.00000000
869	0.00000000
870	0.00000000
871	0.00000000
872	0.00000000
873	0.00000000
874	0.00000000
875	0.00000000
876	0.00000000
877	0.00000000
878	0.00000000
879	0.00000000
880	0.00000000
881	0.00000000
882	0.00000000
883	0.00000000
884	0.00000000
885	0.00000000
886	0.00000000
887	0.00000000
888	0.00000000
889	0.00000000
890	0.00000000
891	0.00000000
892	0.00000000
893	0.00000000
894	0.00000000
895	0.00000000
896	0.00000000
897	0.00000000
898	0.00000000
899	0.00000000
900	0.00000000
901	0.00000000
902	0.00000000
903	0.00000000
904	0.00000000
905	0.00000000
906	0.00000000
907	0.00000000
908	0.00000000
909	0.00000000
910	0.00000000
911	0.00000000
912	0.00000000
913	0.00000000
914	0.00000000
915	0.00000000
916	0.00000000
917	0.00000000
918	0.00000000
919	0.00000000
920	0.00000000
921	0.00000000
922	0.00000000
923	0.00000000
924	0.00000000
925	0.00000000
926	0.00000000
927	0.00000000
928	0.00000000
929	0.00000000
930	0.00000000
931	0.00000000
932	0.00000000
933	0.00000000
934	0.00000000
935	0.00000000
936	0.00000000
937	0.00000000
938	0.00000000
939	0.00000000
940	0.00000000
941	0.00000000
942	0.00000000
943	0.00000000
944	0.00000000
945	0.00000000
946	0.00000000
947	0.00000000
948	0.00000000
949	0.00000000
950	0.00000000
951	0.00000000
952	0.00000000
953	0.00000000
954	0.00000000
955	0.00000000
956	0.00000000
957	0.00000000
958	0.00000000
959	0.00000000
960	0.00000000
961	0.00000000
962	0.00000000
963	0.00000000
964	0.00000000
965	0.00000000
966	0.00000000
967	0.00000000
968	0.00000000
969	0.00000000
970	0.00000000
971	0.00000000
972	0.00000000
973	0.00000000
974	0.00000000
975	0.00000000
976	0.00000000
977	0.00000000
978	0.00000000
979	0.00000000
980	0.00000000
981	0.00000000
982	0.00000000
983	0.00000000
984	0.00000000
985	0.00000000
986	0.00000000
987	0.00000000
988	0.00000000
989	0.00000000
990	0.00000000
991	0.00000000
992	0.00000000
993	0.00000000
994	0.00000000
995	0.00000000
996	0.00000000
997	0.00000000
998	0.00000000
999	0.00000000
