0	0.00000000
1	0.00000000
2	0.00000000
3	0.00000000
4	0.00000000
5	0.00000000
6	0.00000000
7	0.00000000
8	0.00000000
9	0.00000000
10	0.00000000
11	0.00000000
12	0.00000000
13	0.00627841
14	0.04240459
15	0.03523826
16	0.03920610
17	0.03319049
18	0.03771386
19	0.04059582
20	0.04258698
21	0.03810113
22	0.03531993
23	0.03061267
24	0.02729364
25	0.02434692
26	0.02287372
27	0.02128373
28	0.02056331
29	0.01924116
30	0.01850083
31	0.01802096
32	0.02120385
33	0.02453397
34	0.02552307
35	0.02791638
36	0.02923061
37	0.02861556
38	0.02782714
39	0.02760906
40	0.02668321
41	0.02649146
42	0.02580326
43	0.02544893
44	0.02482636
45	0.02447434
46	0.02428011
47	0.02345298
48	0.02304241
49	0.02250728
50	0.02188039
51	0.02131605
52	0.02054059
53	0.01993664
54	0.01927971
55	0.01948556
56	0.01947907
57	0.01922218
58	0.01915210
59	0.01871303
60	0.01819120
61	0.01767629
62	0.01727635
63	0.01707519
64	0.01692677
65	0.01671414
66	0.01649131
67	0.01603137
68	0.01556613
69	0.01522608
70	0.01482855
71	0.01436728
72	0.01400130
73	0.01353043
74	0.01312590
75	0.01262784
76	0.01228333
77	0.01190183
78	0.01171985
79	0.01153637
80	0.01126140
81	0.01097246
82	0.01077260
83	0.01045892
84	0.01018659
85	0.00996166
86	0.00969597
87	0.00946431
88	0.00918039
89	0.00891636
90	0.00864553
91	0.00835655
92	0.00807761
93	0.00782687
94	0.00755510
95	0.00730572
96	0.00709620
97	0.00685385
98	0.00662608
99	0.00641990
100	0.00621738
101	0.00604781
102	0.00591193
103	0.00575697
104	0.00557776
105	0.00542899
106	0.00525736
107	0.00508838
108	0.00493046
109	0.00478016
110	0.00462917
111	0.00448430
112	0.00435015
113	0.00421598
114	0.00407893
115	0.00394706
116	0.00382505
117	0.00370491
118	0.00358900
119	0.00347697
120	0.00336707
121	0.00326195
122	0.00316014
123	0.00306149
124	0.00296809
125	0.00288188
126	0.00279190
127	0.00270697
128	0.00262098
129	0.00254064
130	0.00246103
131	0.00238480
132	0.00231080
133	0.00223913
134	0.00216976
135	0.00210243
136	0.00203716
137	0.00197390
138	0.00191255
139	0.00185310
140	0.00179549
141	0.00173966
142	0.00168558
143	0.00163320
144	0.00158244
145	0.00153326
146	0.00148562
147	0.00143947
148	0.00139479
149	0.00135152
150	0.00130959
151	0.00126896
152	0.00122958
153	0.00119142
154	0.00115445
155	0.00111861
156	0.00108390
157	0.00105026
158	0.00101765
159	0.00098607
160	0.00095546
161	0.00092581
162	0.00089707
163	0.00086922
164	0.00084224
165	0.00081609
166	0.00079076
167	0.00076621
168	0.00074242
169	0.00071937
170	0.00069704
171	0.00067540
172	0.00065443
173	0.00063411
174	0.00061443
175	0.00059535
176	0.00057687
177	0.00055896
178	0.00054161
179	0.00052480
180	0.00050851
181	0.00049272
182	0.00047743
183	0.00046261
184	0.00044825
185	0.00043433
186	0.00042085
187	0.00040778
188	0.00039513
189	0.00038286
190	0.00037097
191	0.00035946
192	0.00034830
193	0.00033749
194	0.00032701
195	0.00031686
196	0.00030702
197	0.00029749
198	0.00028826
199	0.00027931
200	0.00027064
201	0.00026224
202	0.00025410
203	0.00024621
204	0.00023856
205	0.00023116
206	0.00022398
207	0.00021703
208	0.00021029
209	0.00020376
210	0.00019744
211	0.00019131
212	0.00018537
213	0.00017962
214	0.00017404
215	0.00016864
216	0.00016340
217	0.00015833
218	0.00015342
219	0.00014865
220	0.00014404
221	0.00013957
222	0.00013523
223	0.00013104
224	0.00012697
225	0.00012303
226	0.00011921
227	0.00011551
228	0.00011192
229	0.00010845
230	0.00010508
231	0.00010182
232	0.00009866
233	0.00009560
234	0.00009263
235	0.00008975
236	0.00008697
237	0.00008427
238	0.00008165
239	0.00007912
240	0.00007666
241	0.00007428
242	0.00007197
243	0.00006974
244	0.00006757
245	0.00006548
246	0.00006344
247	0.00006147
248	0.00005957
249	0.00005772
250	0.00005593
251	0.00005419
252	0.00005251
253	0.00005088
254	0.00004930
255	0.00004777
256	0.00004628
257	0.00004485
258	0.00004346
259	0.00004211
260	0.00004080
261	0.00003953
262	0.00003831
263	0.00003712
264	0.00003596
265	0.00003485
266	0.00003377
267	0.00003272
268	0.00003170
269	0.00003072
270	0.00002976
271	0.00002884
272	0.00002795
273	0.00002708
274	0.00002624
275	0.00002542
276	0.00002463
277	0.00002387
278	0.00002313
279	0.00002241
280	0.00002171
281	0.00002104
282	0.00002039
283	0.00001975
284	0.00001914
285	0.00001855
286	0.00001797
287	0.00001741
288	0.00001687
289	0.00001635
290	0.00001584
291	0.00001535
292	0.00001487
293	0.00001441
294	0.00001396
295	0.00001353
296	0.00001311
297	0.00001270
298	0.00001231
299	0.00001193
300	0.00001156
301	0.00001120
302	0.00001085
303	0.00001051
304	0.00001019
305	0.00000987
306	0.00000956
307	0.00000927
308	0.00000898
309	0.00000870
310	0.00000843
311	0.00000817
312	0.00000792
313	0.00000767
314	0.00000743
315	0.00000720
316	0.00000698
317	0.00000676
318	0.00000655
319	0.00000635
320	0.00000615
321	0.00000596
322	0.00000577
323	0.00000560
324	0.00000542
325	0.00000525
326	0.00000509
327	0.00000493
328	0.00000478
329	0.00000463
330	0.00000449
331	0.00000435
332	0.00000421
333	0.00000408
334	0.00000396
335	0.00000383
336	0.00000371
337	0.00000360
338	0.00000349
339	0.00000338
340	0.00000327
341	0.00000317
342	0.00000307
343	0.00000298
344	0.00000289
345	0.00000280
346	0.00000271
347	0.00000263
348	0.00000254
349	0.00000246
350	0.00000239
351	0.00000231
352	0.00000224
353	0.00000217
354	0.00000211
355	0.00000204
356	0.00000198
357	0.00000192
358	0.00000186
359	0.00000180
360	0.00000174
361	0.00000169
362	0.00000164
363	0.00000158
364	0.00000154
365	0.00000149
366	0.00000144
367	0.00000140
368	0.00000135
369	0.00000131
370	0.00000127
371	0.00000123
372	0.00000119
373	0.00000116
374	0.00000112
375	0.00000109
376	0.00000105
377	0.00000102
378	0.00000099
379	0.00000096
380	0.00000093
381	0.00000090
382	0.00000087
383	0.00000084
384	0.00000082
385	0.00000079
386	0.00000077
387	0.00000074
388	0.00000072
389	0.00000070
390	0.00000068
391	0.00000066
392	0.00000064
393	0.00000062
394	0.00000060
395	0.00000058
396	0.00000056
397	0.00000054
398	0.00000053
399	0.00000051
400	0.00000049
401	0.00000048
402	0.00000046
403	0.00000045
404	0.00000044
405	0.00000042
406	0.00000041
407	0.00000040
408	0.00000038
409	0.00000037
410	0.00000036
411	0.00000035
412	0.00000034
413	0.00000033
414	0.00000032
415	0.00000031
416	0.00000030
417	0.00000029
418	0.00000028
419	0.00000027
420	0.00000026
421	0.00000025
422	0.00000025
423	0.00000024
424	0.00000023
425	0.00000022
426	0.00000022
427	0.00000021
428	0.00000020
429	0.00000020
430	0.00000019
431	0.00000019
432	0.00000018
433	0.00000017
434	0.00000017
435	0.00000016
436	0.00000016
437	0.00000015
438	0.00000015
439	0.00000014
440	0.00000014
441	0.00000014
442	0.00000013
443	0.00000013
444	0.00000012
445	0.00000012
446	0.00000012
447	0.00000011
448	0.00000011
449	0.00000011
450	0.00000010
451	0.00000010
452	0.00000010
453	0.00000009
454	0.00000009
455	0.00000009
456	0.00000008
457	0.00000008
458	0.00000008
459	0.00000008
460	0.00000007
461	0.00000007
462	0.00000007
463	0.00000007
464	0.00000007
465	0.00000006
466	0.00000006
467	0.00000006
468	0.00000006
469	0.00000006
470	0.00000005
471	0.00000005
472	0.00000005
473	0.00000005
474	0.00000005
475	0.00000005
476	0.00000004
477	0.00000004
478	0.00000004
479	0.00000004
480	0.00000004
481	0.00000004
482	0.00000004
483	0.00000004
484	0.00000003
485	0.00000003
486	0.00000003
487	0.00000003
488	0.00000003
489	0.00000003
490	0.00000003
491	0.00000003
492	0.00000003
493	0.00000003
494	0.00000003
495	0.00000002
496	0.00000002
497	0.00000002
498	0.00000002
499	0.00000002
500	0.00000002
501	0.00000002
502	0.00000002
503	0.00000002
504	0.00000002
505	0.00000002
506	0.00000002
507	0.00000002
508	0.00000002
509	0.00000002
510	0.00000002
511	0.00000001
512	0.00000001
513	0.00000001
514	0.00000001
515	0.00000001
516	0.00000001
517	0.00000001
518	0.00000001
519	0.00000001
520	0.00000001
521	0.00000001
522	0.00000001
523	0.00000001
524	0.00000001
525	0.00000001
526	0.00000001
527	0.00000001
528	0.00000001
529	0.00000001
530	0.00000001
531	0.00000001
532	0.00000001
533	0.00000001
534	0.00000001
535	0.00000001
536	0.00000001
537	0.00000001
538	0.00000001
539	0.00000001
540	0.00000001
541	0.00000001
542	0.00000001
543	0.00000001
544	0.00000001
545	0.00000001
546	0.00000000
547	0.00000000
548	0.00000000
549	0.00000000
550	0.00000000
551	0.00000000
552	0.00000000
553	0.00000000
554	0.00000000
555	0.00000000
556	0.00000000
557	0.00000000
558	0.00000000
559	0.00000000
560	0.00000000
561	0.00000000
562	0.00000000
563	0.00000000
564	0.00000000
565	0.00000000
566	0.00000000
567	0.00000000
568	0.00000000
569	0.00000000
570	0.00000000
571	0.00000000
572	0.00000000
573	0.00000000
574	0.00000000
575	0.00000000
576	0.00000000
577	0.00000000
578	0.00000000
579	0.00000000
580	0.00000000
581	0.00000000
582	0.00000000
583	0.00000000
584	0.00000000
585	0.00000000
586	0.00000000
587	0.00000000
588	0.00000000
589	0.00000000
590	0.00000000
591	0.00000000
592	0.00000000
593	0.00000000
594	0.00000000
595	0.00000000
596	0.00000000
597	0.00000000
598	0.00000000
599	0.00000000
600	0.00000000
601	0.00000000
602	0.00000000
603	0.00000000
604	0.00000000
605	0.00000000
606	0.00000000
607	0.00000000
608	0.00000000
609	0.00000000
610	0.00000000
611	0.00000000
612	0.00000000
613	0.00000000
614	0.00000000
615	0.00000000
616	0.00000000
617	0.00000000
618	0.00000000
619	0.00000000
620	0.00000000
621	0.00000000
622	0.00000000
623	0.00000000
624	0.00000000
625	0.00000000
626	0.00000000
627	0.00000000
628	0.00000000
629	0.00000000
630	0.00000000
631	0.00000000
632	0.00000000
633	0.00000000
634	0.00000000
635	0.00000000
636	0.00000000
637	0.00000000
638	0.00000000
639	0.00000000
640	0.00000000
641	0.00000000
642	0.00000000
643	0.00000000
644	0.00000000
645	0.00000000
646	0.00000000
647	0.00000000
648	0.00000000
649	0.00000000
650	0.00000000
651	0.00000000
652	0.00000000
653	0.00000000
654	0.00000000
655	0.00000000
656	0.00000000
657	0.00000000
658	0.00000000
659	0.00000000
660	0.00000000
661	0.00000000
662	0.00000000
663	0.00000000
664	0.00000000
665	0.00000000
666	0.00000000
667	0.00000000
668	0.00000000
669	0.00000000
670	0.00000000
671	0.00000000
672	0.00000000
673	0.00000000
674	0.00000000
675	0.00000000
676	0.00000000
677	0.00000000
678	0.00000000
679	0.00000000
680	0.00000000
681	0.00000000
682	0.00000000
683	0.00000000
684	0.00000000
685	0.00000000
686	0.00000000
687	0.00000000
688	0.00000000
689	0.00000000
690	0.00000000
691	0.00000000
692	0.00000000
693	0.00000000
694	0.00000000
695	0.00000000
696	0.00000000
697	0.00000000
698	0.00000000
699	0.00000000
700	0.00000000
701	0.00000000
702	0.00000000
703	0.00000000
704	0.00000000
705	0.00000000
706	0.00000000
707	0.00000000
708	0.00000000
709	0.00000000
710	0.00000000
711	0.00000000
712	0.00000000
713	0.00000000
714	0.00000000
715	0.00000000
716	0.00000000
717	0.00000000
718	0.00000000
719	0.00000000
720	0.00000000
721	0.00000000
722	0.00000000
723	0.00000000
724	0.00000000
725	0.00000000
726	0.00000000
727	0.00000000
728	0.00000000
729	0.00000000
730	0.00000000
731	0.00000000
732	0.00000000
733	0.00000000
734	0.00000000
735	0.00000000
736	0.00000000
737	0.00000000
738	0.00000000
739	0.00000000
740	0.00000000
741	0.00000000
742	0.00000000
743	0.00000000
744	0.00000000
745	0.00000000
746	0.00000000
747	0.00000000
748	0.00000000
749	0.00000000
750	0.00000000
751	0.00000000
752	0.00000000
753	0.00000000
754	0.00000000
755	0.00000000
756	0.00000000
757	0.00000000
758	0.00000000
759	0.00000000
760	0.00000000
761	0.00000000
762	0.00000000
763	0.00000000
764	0.00000000
765	0.00000000
766	0.00000000
767	0.00000000
768	0.00000000
769	0.00000000
770	0.00000000
771	0.00000000
772	0.00000000
773	0.00000000
774	0.00000000
775	0.00000000
776	0.00000000
777	0.00000000
778	0.00000000
779	0.00000000
780	0.00000000
781	0.00000000
782	0.00000000
783	0.00000000
784	0.00000000
785	0.00000000
786	0.00000000
787	0.00000000
788	0.00000000
789	0.00000000
790	0.00000000
791	0.00000000
792	0.00000000
793	0.00000000
794	0.00000000
795	0.00000000
796	0.00000000
797	0.00000000
798	0.00000000
799	0.00000000
800	0.00000000
801	0.00000000
802	0.00000000
803	0.00000000
804	0.00000000
805	0.00000000
806	0.00000000
807	0.00000000
808	0.00000000
809	0.00000000
810	0.00000000
811	0.00000000
812	0.00000000
813	0.00000000
814	0.00000000
815	0.00000000
816	0.00000000
817	0.00000000
818	0.00000000
819	0.00000000
820	0.00000000
821	0.00000000
822	0.00000000
823	0.00000000
824	0.00000000
825	0.00000000
826	0.00000000
827	0.00000000
828	0.00000000
829	0.00000000
830	0.00000000
831	0.00000000
832	0.00000000
833	0.00000000
834	0.00000000
835	0.00000000
836	0.00000000
837	0.00000000
838	0.00000000
839	0.00000000
840	0.00000000
841	0.00000000
842	0.00000000
843	0.00000000
844	0.00000000
845	0.00000000
846	0.00000000
847	0.00000000
848	0.00000000
849	0.00000000
850	0.00000000
851	0.00000000
852	0.00000000
853	0.00000000
854	0.00000000
855	0.00000000
856	0.00000000
857	0.00000000
858	0.00000000
859	0.00000000
860	0.00000000
861	0.00000000
862	0.00000000
863	0.00000000
864	0.00000000
865	0.00000000
866	0.00000000
867	0.00000000
868	0.00000000
869	0.00000000
870	0.00000000
871	0.00000000
872	0.00000000
873	0.00000000
874	0.00000000
875	0.00000000
876	0.00000000
877	0.00000000
878	0.00000000
879	0.00000000
880	0.00000000
881	0.00000000
882	0.00000000
883	0.00000000
884	0.00000000
885	0.00000000
886	0.00000000
887	0.00000000
888	0.00000000
889	0.00000000
890	0.00000000
891	0.00000000
892	0.00000000
893	0.00000000
894	0.00000000
895	0.00000000
896	0.00000000
897	0.00000000
898	0.00000000
899	0.00000000
900	0.00000000
901	0.00000000
902	0.00000000
903	0.00000000
904	0.00000000
905	0.00000000
906	0.00000000
907	0.00000000
908	0.00000000
909	0.00000000
910	0.00000000
911	0.00000000
912	0.00000000
913	0.00000000
914	0.00000000
915	0.00000000
916	0.00000000
917	0.00000000
918	0.00000000
919	0.00000000
920	0.00000000
921	0.00000000
922	0.00000000
923	0.00000000
924	0.00000000
925	0.00000000
926	0.00000000
927	0.00000000
928	0.00000000
929	0.00000000
930	0.00000000
931	0.00000000
932	0.00000000
933	0.00000000
934	0.00000000
935	0.00000000
936	0.00000000
937	0.00000000
938	0.00000000
939	0.00000000
940	0.00000000
941	0.00000000
942	0.00000000
943	0.00000000
944	0.00000000
945	0.00000000
946	0.00000000
947	0.00000000
948	0.00000000
949	0.00000000
950	0.00000000
951	0.00000000
952	0.00000000
953	0.00000000
954	0.00000000
955	0.00000000
956	0.00000000
957	0.00000000
958	0.00000000
959	0.00000000
960	0.00000000
961	0.00000000
962	0.00000000
963	0.00000000
964	0.00000000
965	0.00000000
966	0.00000000
967	0.00000000
968	0.00000000
969	0.00000000
970	0.00000000
971	0.00000000
972	0.00000000
973	0.00000000
974	0.00000000
975	0.00000000
976	0.00000000
977	0.00000000
978	0.00000000
979	0.00000000
980	0.00000000
981	0.00000000
982	0.00000000
983	0.00000000
984	0.00000000
985	0.00000000
986	0.00000000
987	0.00000000
988	0.00000000
989	0.00000000
990	0.00000000
991	0.00000000
992	0.00000000
993	0.00000000
994	0.00000000
995	0.00000000
996	0.00000000
997	0.00000000
998	0.00000000
999	0.00000000
