0	0.00000000
1	0.00000000
2	0.00000000
3	0.00000000
4	0.00000000
5	0.00000000
6	0.00000000
7	0.00000000
8	0.00000000
9	0.00000000
10	0.00000000
11	0.00000000
12	0.00000000
13	0.00505815
14	0.03451694
15	0.02914098
16	0.03335196
17	0.02966266
18	0.03548109
19	0.04008743
20	0.04272846
21	0.03892626
22	0.03610267
23	0.03131532
24	0.02799700
25	0.02493919
26	0.02341529
27	0.02188701
28	0.02097342
29	0.01974136
30	0.01903281
31	0.01825073
32	0.02126354
33	0.02450890
34	0.02572355
35	0.02797953
36	0.02924680
37	0.02876651
38	0.02783130
39	0.02751595
40	0.02653920
41	0.02634458
42	0.02560516
43	0.02530804
44	0.02464227
45	0.02422620
46	0.02403358
47	0.02333137
48	0.02300326
49	0.02250899
50	0.02189516
51	0.02132448
52	0.02061787
53	0.01994923
54	0.01932371
55	0.01948682
56	0.01948320
57	0.01923261
58	0.01914749
59	0.01867661
60	0.01814731
61	0.01759355
62	0.01719177
63	0.01697608
64	0.01680436
65	0.01661222
66	0.01638865
67	0.01594828
68	0.01552978
69	0.01518401
70	0.01479676
71	0.01432434
72	0.01397653
73	0.01349493
74	0.01310701
75	0.01259650
76	0.01224546
77	0.01186672
78	0.01167971
79	0.01151866
80	0.01121535
81	0.01093140
82	0.01072248
83	0.01041154
84	0.01014536
85	0.00990890
86	0.00965941
87	0.00940625
88	0.00913520
89	0.00887819
90	0.00860266
91	0.00833190
92	0.00804300
93	0.00778961
94	0.00753277
95	0.00727766
96	0.00706632
97	0.00682655
98	0.00659982
99	0.00639579
100	0.00619210
101	0.00602486
102	0.00588712
103	0.00573649
104	0.00555344
105	0.00540117
106	0.00523136
107	0.00506335
108	0.00490603
109	0.00475648
110	0.00460479
111	0.00446395
112	0.00433077
113	0.00419819
114	0.00406044
115	0.00392983
116	0.00380777
117	0.00368834
118	0.00357284
119	0.00346107
120	0.00335222
121	0.00324753
122	0.00314623
123	0.00304791
124	0.00295477
125	0.00286957
126	0.00277904
127	0.00269455
128	0.00260917
129	0.00252883
130	0.00244974
131	0.00237380
132	0.00230013
133	0.00222881
134	0.00215982
135	0.00209281
136	0.00202785
137	0.00196491
138	0.00190385
139	0.00184468
140	0.00178733
141	0.00173177
142	0.00167794
143	0.00162579
144	0.00157527
145	0.00152632
146	0.00147889
147	0.00143295
148	0.00138847
149	0.00134540
150	0.00130365
151	0.00126320
152	0.00122400
153	0.00118602
154	0.00114920
155	0.00111353
156	0.00107897
157	0.00104548
158	0.00101303
159	0.00098159
160	0.00095112
161	0.00092160
162	0.00089299
163	0.00086527
164	0.00083841
165	0.00081238
166	0.00078716
167	0.00076273
168	0.00073905
169	0.00071610
170	0.00069387
171	0.00067233
172	0.00065146
173	0.00063123
174	0.00061164
175	0.00059265
176	0.00057425
177	0.00055643
178	0.00053915
179	0.00052242
180	0.00050620
181	0.00049049
182	0.00047526
183	0.00046051
184	0.00044621
185	0.00043236
186	0.00041894
187	0.00040593
188	0.00039333
189	0.00038112
190	0.00036929
191	0.00035783
192	0.00034672
193	0.00033595
194	0.00032553
195	0.00031542
196	0.00030563
197	0.00029614
198	0.00028695
199	0.00027804
200	0.00026941
201	0.00026105
202	0.00025294
203	0.00024509
204	0.00023748
205	0.00023011
206	0.00022297
207	0.00021604
208	0.00020934
209	0.00020284
210	0.00019654
211	0.00019044
212	0.00018453
213	0.00017880
214	0.00017325
215	0.00016787
216	0.00016266
217	0.00015761
218	0.00015272
219	0.00014798
220	0.00014338
221	0.00013893
222	0.00013462
223	0.00013044
224	0.00012639
225	0.00012247
226	0.00011867
227	0.00011498
228	0.00011141
229	0.00010795
230	0.00010460
231	0.00010136
232	0.00009821
233	0.00009516
234	0.00009221
235	0.00008934
236	0.00008657
237	0.00008388
238	0.00008128
239	0.00007876
240	0.00007631
241	0.00007394
242	0.00007165
243	0.00006942
244	0.00006727
245	0.00006518
246	0.00006316
247	0.00006120
248	0.00005930
249	0.00005746
250	0.00005567
251	0.00005394
252	0.00005227
253	0.00005065
254	0.00004907
255	0.00004755
256	0.00004607
257	0.00004464
258	0.00004326
259	0.00004192
260	0.00004061
261	0.00003935
262	0.00003813
263	0.00003695
264	0.00003580
265	0.00003469
266	0.00003361
267	0.00003257
268	0.00003156
269	0.00003058
270	0.00002963
271	0.00002871
272	0.00002782
273	0.00002695
274	0.00002612
275	0.00002531
276	0.00002452
277	0.00002376
278	0.00002302
279	0.00002231
280	0.00002162
281	0.00002094
282	0.00002029
283	0.00001966
284	0.00001905
285	0.00001846
286	0.00001789
287	0.00001733
288	0.00001680
289	0.00001627
290	0.00001577
291	0.00001528
292	0.00001481
293	0.00001435
294	0.00001390
295	0.00001347
296	0.00001305
297	0.00001265
298	0.00001225
299	0.00001187
300	0.00001150
301	0.00001115
302	0.00001080
303	0.00001047
304	0.00001014
305	0.00000983
306	0.00000952
307	0.00000923
308	0.00000894
309	0.00000866
310	0.00000839
311	0.00000813
312	0.00000788
313	0.00000764
314	0.00000740
315	0.00000717
316	0.00000695
317	0.00000673
318	0.00000652
319	0.00000632
320	0.00000612
321	0.00000593
322	0.00000575
323	0.00000557
324	0.00000540
325	0.00000523
326	0.00000507
327	0.00000491
328	0.00000476
329	0.00000461
330	0.00000447
331	0.00000433
332	0.00000419
333	0.00000406
334	0.00000394
335	0.00000382
336	0.00000370
337	0.00000358
338	0.00000347
339	0.00000336
340	0.00000326
341	0.00000316
342	0.00000306
343	0.00000296
344	0.00000287
345	0.00000278
346	0.00000270
347	0.00000261
348	0.00000253
349	0.00000245
350	0.00000238
351	0.00000230
352	0.00000223
353	0.00000216
354	0.00000210
355	0.00000203
356	0.00000197
357	0.00000191
358	0.00000185
359	0.00000179
360	0.00000173
361	0.00000168
362	0.00000163
363	0.00000158
364	0.00000153
365	0.00000148
366	0.00000144
367	0.00000139
368	0.00000135
369	0.00000131
370	0.00000127
371	0.00000123
372	0.00000119
373	0.00000115
374	0.00000112
375	0.00000108
376	0.00000105
377	0.00000101
378	0.00000098
379	0.00000095
380	0.00000092
381	0.00000089
382	0.00000087
383	0.00000084
384	0.00000081
385	0.00000079
386	0.00000076
387	0.00000074
388	0.00000072
389	0.00000069
390	0.00000067
391	0.00000065
392	0.00000063
393	0.00000061
394	0.00000059
395	0.00000058
396	0.00000056
397	0.00000054
398	0.00000052
399	0.00000051
400	0.00000049
401	0.00000048
402	0.00000046
403	0.00000045
404	0.00000043
405	0.00000042
406	0.00000041
407	0.00000039
408	0.00000038
409	0.00000037
410	0.00000036
411	0.00000035
412	0.00000034
413	0.00000033
414	0.00000032
415	0.00000031
416	0.00000030
417	0.00000029
418	0.00000028
419	0.00000027
420	0.00000026
421	0.00000025
422	0.00000025
423	0.00000024
424	0.00000023
425	0.00000022
426	0.00000022
427	0.00000021
428	0.00000020
429	0.00000020
430	0.00000019
431	0.00000018
432	0.00000018
433	0.00000017
434	0.00000017
435	0.00000016
436	0.00000016
437	0.00000015
438	0.00000015
439	0.00000014
440	0.00000014
441	0.00000013
442	0.00000013
443	0.00000013
444	0.00000012
445	0.00000012
446	0.00000012
447	0.00000011
448	0.00000011
449	0.00000010
450	0.00000010
451	0.00000010
452	0.00000010
453	0.00000009
454	0.00000009
455	0.00000009
456	0.00000008
457	0.00000008
458	0.00000008
459	0.00000008
460	0.00000007
461	0.00000007
462	0.00000007
463	0.00000007
464	0.00000007
465	0.00000006
466	0.00000006
467	0.00000006
468	0.00000006
469	0.00000006
470	0.00000005
471	0.00000005
472	0.00000005
473	0.00000005
474	0.00000005
475	0.00000005
476	0.00000004
477	0.00000004
478	0.00000004
479	0.00000004
480	0.00000004
481	0.00000004
482	0.00000004
483	0.00000004
484	0.00000003
485	0.00000003
486	0.00000003
487	0.00000003
488	0.00000003
489	0.00000003
490	0.00000003
491	0.00000003
492	0.00000003
493	0.00000003
494	0.00000003
495	0.00000002
496	0.00000002
497	0.00000002
498	0.00000002
499	0.00000002
500	0.00000002
501	0.00000002
502	0.00000002
503	0.00000002
504	0.00000002
505	0.00000002
506	0.00000002
507	0.00000002
508	0.00000002
509	0.00000002
510	0.00000002
511	0.00000001
512	0.00000001
513	0.00000001
514	0.00000001
515	0.00000001
516	0.00000001
517	0.00000001
518	0.00000001
519	0.00000001
520	0.00000001
521	0.00000001
522	0.00000001
523	0.00000001
524	0.00000001
525	0.00000001
526	0.00000001
527	0.00000001
528	0.00000001
529	0.00000001
530	0.00000001
531	0.00000001
532	0.00000001
533	0.00000001
534	0.00000001
535	0.00000001
536	0.00000001
537	0.00000001
538	0.00000001
539	0.00000001
540	0.00000001
541	0.00000001
542	0.00000001
543	0.00000001
544	0.00000001
545	0.00000001
546	0.00000000
547	0.00000000
548	0.00000000
549	0.00000000
550	0.00000000
551	0.00000000
552	0.00000000
553	0.00000000
554	0.00000000
555	0.00000000
556	0.00000000
557	0.00000000
558	0.00000000
559	0.00000000
560	0.00000000
561	0.00000000
562	0.00000000
563	0.00000000
564	0.00000000
565	0.00000000
566	0.00000000
567	0.00000000
568	0.00000000
569	0.00000000
570	0.00000000
571	0.00000000
572	0.00000000
573	0.00000000
574	0.00000000
575	0.00000000
576	0.00000000
577	0.00000000
578	0.00000000
579	0.00000000
580	0.00000000
581	0.00000000
582	0.00000000
583	0.00000000
584	0.00000000
585	0.00000000
586	0.00000000
587	0.00000000
588	0.00000000
589	0.00000000
590	0.00000000
591	0.00000000
592	0.00000000
593	0.00000000
594	0.00000000
595	0.00000000
596	0.00000000
597	0.00000000
598	0.00000000
599	0.00000000
600	0.00000000
601	0.00000000
602	0.00000000
603	0.00000000
604	0.00000000
605	0.00000000
606	0.00000000
607	0.00000000
608	0.00000000
609	0.00000000
610	0.00000000
611	0.00000000
612	0.00000000
613	0.00000000
614	0.00000000
615	0.00000000
616	0.00000000
617	0.00000000
618	0.00000000
619	0.00000000
620	0.00000000
621	0.00000000
622	0.00000000
623	0.00000000
624	0.00000000
625	0.00000000
626	0.00000000
627	0.00000000
628	0.00000000
629	0.00000000
630	0.00000000
631	0.00000000
632	0.00000000
633	0.00000000
634	0.00000000
635	0.00000000
636	0.00000000
637	0.00000000
638	0.00000000
639	0.00000000
640	0.00000000
641	0.00000000
642	0.00000000
643	0.00000000
644	0.00000000
645	0.00000000
646	0.00000000
647	0.00000000
648	0.00000000
649	0.00000000
650	0.00000000
651	0.00000000
652	0.00000000
653	0.00000000
654	0.00000000
655	0.00000000
656	0.00000000
657	0.00000000
658	0.00000000
659	0.00000000
660	0.00000000
661	0.00000000
662	0.00000000
663	0.00000000
664	0.00000000
665	0.00000000
666	0.00000000
667	0.00000000
668	0.00000000
669	0.00000000
670	0.00000000
671	0.00000000
672	0.00000000
673	0.00000000
674	0.00000000
675	0.00000000
676	0.00000000
677	0.00000000
678	0.00000000
679	0.00000000
680	0.00000000
681	0.00000000
682	0.00000000
683	0.00000000
684	0.00000000
685	0.00000000
686	0.00000000
687	0.00000000
688	0.00000000
689	0.00000000
690	0.00000000
691	0.00000000
692	0.00000000
693	0.00000000
694	0.00000000
695	0.00000000
696	0.00000000
697	0.00000000
698	0.00000000
699	0.00000000
700	0.00000000
701	0.00000000
702	0.00000000
703	0.00000000
704	0.00000000
705	0.00000000
706	0.00000000
707	0.00000000
708	0.00000000
709	0.00000000
710	0.00000000
711	0.00000000
712	0.00000000
713	0.00000000
714	0.00000000
715	0.00000000
716	0.00000000
717	0.00000000
718	0.00000000
719	0.00000000
720	0.00000000
721	0.00000000
722	0.00000000
723	0.00000000
724	0.00000000
725	0.00000000
726	0.00000000
727	0.00000000
728	0.00000000
729	0.00000000
730	0.00000000
731	0.00000000
732	0.00000000
733	0.00000000
734	0.00000000
735	0.00000000
736	0.00000000
737	0.00000000
738	0.00000000
739	0.00000000
740	0.00000000
741	0.00000000
742	0.00000000
743	0.00000000
744	0.00000000
745	0.00000000
746	0.00000000
747	0.00000000
748	0.00000000
749	0.00000000
750	0.00000000
751	0.00000000
752	0.00000000
753	0.00000000
754	0.00000000
755	0.00000000
756	0.00000000
757	0.00000000
758	0.00000000
759	0.00000000
760	0.00000000
761	0.00000000
762	0.00000000
763	0.00000000
764	0.00000000
765	0.00000000
766	0.00000000
767	0.00000000
768	0.00000000
769	0.00000000
770	0.00000000
771	0.00000000
772	0.00000000
773	0.00000000
774	0.00000000
775	0.00000000
776	0.00000000
777	0.00000000
778	0.00000000
779	0.00000000
780	0.00000000
781	0.00000000
782	0.00000000
783	0.00000000
784	0.00000000
785	0.00000000
786	0.00000000
787	0.00000000
788	0.00000000
789	0.00000000
790	0.00000000
791	0.00000000
792	0.00000000
793	0.00000000
794	0.00000000
795	0.00000000
796	0.00000000
797	0.00000000
798	0.00000000
799	0.00000000
800	0.00000000
801	0.00000000
802	0.00000000
803	0.00000000
804	0.00000000
805	0.00000000
806	0.00000000
807	0.00000000
808	0.00000000
809	0.00000000
810	0.00000000
811	0.00000000
812	0.00000000
813	0.00000000
814	0.00000000
815	0.00000000
816	0.00000000
817	0.00000000
818	0.00000000
819	0.00000000
820	0.00000000
821	0.00000000
822	0.00000000
823	0.00000000
824	0.00000000
825	0.00000000
826	0.00000000
827	0.00000000
828	0.00000000
829	0.00000000
830	0.00000000
831	0.00000000
832	0.00000000
833	0.00000000
834	0.00000000
835	0.00000000
836	0.00000000
837	0.00000000
838	0.00000000
839	0.00000000
840	0.00000000
841	0.00000000
842	0.00000000
843	0.00000000
844	0.00000000
845	0.00000000
846	0.00000000
847	0.00000000
848	0.00000000
849	0.00000000
850	0.00000000
851	0.00000000
852	0.00000000
853	0.00000000
854	0.00000000
855	0.00000000
856	0.00000000
857	0.00000000
858	0.00000000
859	0.00000000
860	0.00000000
861	0.00000000
862	0.00000000
863	0.00000000
864	0.00000000
865	0.00000000
866	0.00000000
867	0.00000000
868	0.00000000
869	0.00000000
870	0.00000000
871	0.00000000
872	0.00000000
873	0.00000000
874	0.00000000
875	0.00000000
876	0.00000000
877	0.00000000
878	0.00000000
879	0.00000000
880	0.00000000
881	0.00000000
882	0.00000000
883	0.00000000
884	0.00000000
885	0.00000000
886	0.00000000
887	0.00000000
888	0.00000000
889	0.00000000
890	0.00000000
891	0.00000000
892	0.00000000
893	0.00000000
894	0.00000000
895	0.00000000
896	0.00000000
897	0.00000000
898	0.00000000
899	0.00000000
900	0.00000000
901	0.00000000
902	0.00000000
903	0.00000000
904	0.00000000
905	0.00000000
906	0.00000000
907	0.00000000
908	0.00000000
909	0.00000000
910	0.00000000
911	0.00000000
912	0.00000000
913	0.00000000
914	0.00000000
915	0.00000000
916	0.00000000
917	0.00000000
918	0.00000000
919	0.00000000
920	0.00000000
921	0.00000000
922	0.00000000
923	0.00000000
924	0.00000000
925	0.00000000
926	0.00000000
927	0.00000000
928	0.00000000
929	0.00000000
930	0.00000000
931	0.00000000
932	0.00000000
933	0.00000000
934	0.00000000
935	0.00000000
936	0.00000000
937	0.00000000
938	0.00000000
939	0.00000000
940	0.00000000
941	0.00000000
942	0.00000000
943	0.00000000
944	0.00000000
945	0.00000000
946	0.00000000
947	0.00000000
948	0.00000000
949	0.00000000
950	0.00000000
951	0.00000000
952	0.00000000
953	0.00000000
954	0.00000000
955	0.00000000
956	0.00000000
957	0.00000000
958	0.00000000
959	0.00000000
960	0.00000000
961	0.00000000
962	0.00000000
963	0.00000000
964	0.00000000
965	0.00000000
966	0.00000000
967	0.00000000
968	0.00000000
969	0.00000000
970	0.00000000
971	0.00000000
972	0.00000000
973	0.00000000
974	0.00000000
975	0.00000000
976	0.00000000
977	0.00000000
978	0.00000000
979	0.00000000
980	0.00000000
981	0.00000000
982	0.00000000
983	0.00000000
984	0.00000000
985	0.00000000
986	0.00000000
987	0.00000000
988	0.00000000
989	0.00000000
990	0.00000000
991	0.00000000
992	0.00000000
993	0.00000000
994	0.00000000
995	0.00000000
996	0.00000000
997	0.00000000
998	0.00000000
999	0.00000000
