0	0.00000000
1	0.00000000
2	0.00000000
3	0.00000000
4	0.00000000
5	0.00000000
6	0.00000000
7	0.00000000
8	0.00000000
9	0.00000000
10	0.00000000
11	0.00000000
12	0.00000000
13	0.00344547
14	0.02364136
15	0.01995093
16	0.02714792
17	0.02653483
18	0.03543700
19	0.04130979
20	0.04456723
21	0.04092862
22	0.03883635
23	0.03440875
24	0.03190456
25	0.02881024
26	0.02682174
27	0.02449822
28	0.02314290
29	0.02143886
30	0.02018943
31	0.01903349
32	0.02060109
33	0.02254354
34	0.02394858
35	0.02579397
36	0.02681201
37	0.02666623
38	0.02680580
39	0.02708292
40	0.02634487
41	0.02643795
42	0.02592804
43	0.02558656
44	0.02468585
45	0.02402910
46	0.02349692
47	0.02274472
48	0.02258261
49	0.02210278
50	0.02160552
51	0.02114477
52	0.02040893
53	0.01981890
54	0.01909086
55	0.01901580
56	0.01899493
57	0.01865790
58	0.01842618
59	0.01798279
60	0.01749905
61	0.01715768
62	0.01681140
63	0.01659648
64	0.01638406
65	0.01620632
66	0.01594355
67	0.01551835
68	0.01521897
69	0.01482017
70	0.01445270
71	0.01400411
72	0.01368913
73	0.01319192
74	0.01280832
75	0.01231642
76	0.01194512
77	0.01157421
78	0.01132618
79	0.01111612
80	0.01079939
81	0.01054336
82	0.01031225
83	0.00999224
84	0.00976894
85	0.00959187
86	0.00936111
87	0.00913260
88	0.00886789
89	0.00863518
90	0.00834894
91	0.00807022
92	0.00780358
93	0.00754235
94	0.00729667
95	0.00705070
96	0.00683883
97	0.00660736
98	0.00638781
99	0.00618797
100	0.00599035
101	0.00582432
102	0.00568477
103	0.00552318
104	0.00535172
105	0.00519931
106	0.00503617
107	0.00488549
108	0.00474086
109	0.00460508
110	0.00445393
111	0.00431449
112	0.00418522
113	0.00405445
114	0.00392268
115	0.00379803
116	0.00367910
117	0.00356372
118	0.00345336
119	0.00334462
120	0.00323917
121	0.00313790
122	0.00303977
123	0.00294471
124	0.00285456
125	0.00277031
126	0.00268316
127	0.00260124
128	0.00251915
129	0.00244147
130	0.00236532
131	0.00229222
132	0.00222132
133	0.00215254
134	0.00208584
135	0.00202115
136	0.00195844
137	0.00189765
138	0.00183871
139	0.00178159
140	0.00172623
141	0.00167259
142	0.00162061
143	0.00157025
144	0.00152146
145	0.00147418
146	0.00142837
147	0.00138400
148	0.00134103
149	0.00129941
150	0.00125908
151	0.00122000
152	0.00118214
153	0.00114544
154	0.00110989
155	0.00107544
156	0.00104206
157	0.00100971
158	0.00097837
159	0.00094801
160	0.00091858
161	0.00089007
162	0.00086244
163	0.00083567
164	0.00080973
165	0.00078460
166	0.00076024
167	0.00073664
168	0.00071377
169	0.00069161
170	0.00067014
171	0.00064934
172	0.00062918
173	0.00060965
174	0.00059072
175	0.00057238
176	0.00055461
177	0.00053740
178	0.00052071
179	0.00050455
180	0.00048889
181	0.00047371
182	0.00045900
183	0.00044476
184	0.00043095
185	0.00041757
186	0.00040461
187	0.00039205
188	0.00037988
189	0.00036809
190	0.00035666
191	0.00034559
192	0.00033486
193	0.00032446
194	0.00031439
195	0.00030463
196	0.00029518
197	0.00028601
198	0.00027713
199	0.00026853
200	0.00026019
201	0.00025212
202	0.00024429
203	0.00023671
204	0.00022936
205	0.00022224
206	0.00021534
207	0.00020866
208	0.00020218
209	0.00019590
210	0.00018982
211	0.00018393
212	0.00017822
213	0.00017269
214	0.00016732
215	0.00016213
216	0.00015710
217	0.00015222
218	0.00014750
219	0.00014292
220	0.00013848
221	0.00013418
222	0.00013002
223	0.00012598
224	0.00012207
225	0.00011828
226	0.00011461
227	0.00011105
228	0.00010760
229	0.00010426
230	0.00010103
231	0.00009789
232	0.00009485
233	0.00009191
234	0.00008905
235	0.00008629
236	0.00008361
237	0.00008101
238	0.00007850
239	0.00007606
240	0.00007370
241	0.00007141
242	0.00006920
243	0.00006705
244	0.00006497
245	0.00006295
246	0.00006100
247	0.00005910
248	0.00005727
249	0.00005549
250	0.00005377
251	0.00005210
252	0.00005048
253	0.00004891
254	0.00004740
255	0.00004592
256	0.00004450
257	0.00004312
258	0.00004178
259	0.00004048
260	0.00003923
261	0.00003801
262	0.00003683
263	0.00003568
264	0.00003458
265	0.00003350
266	0.00003246
267	0.00003146
268	0.00003048
269	0.00002953
270	0.00002862
271	0.00002773
272	0.00002687
273	0.00002603
274	0.00002522
275	0.00002444
276	0.00002368
277	0.00002295
278	0.00002224
279	0.00002155
280	0.00002088
281	0.00002023
282	0.00001960
283	0.00001899
284	0.00001840
285	0.00001783
286	0.00001728
287	0.00001674
288	0.00001622
289	0.00001572
290	0.00001523
291	0.00001476
292	0.00001430
293	0.00001386
294	0.00001343
295	0.00001301
296	0.00001260
297	0.00001221
298	0.00001183
299	0.00001147
300	0.00001111
301	0.00001077
302	0.00001043
303	0.00001011
304	0.00000979
305	0.00000949
306	0.00000920
307	0.00000891
308	0.00000863
309	0.00000837
310	0.00000811
311	0.00000785
312	0.00000761
313	0.00000737
314	0.00000715
315	0.00000692
316	0.00000671
317	0.00000650
318	0.00000630
319	0.00000610
320	0.00000591
321	0.00000573
322	0.00000555
323	0.00000538
324	0.00000521
325	0.00000505
326	0.00000489
327	0.00000474
328	0.00000459
329	0.00000445
330	0.00000431
331	0.00000418
332	0.00000405
333	0.00000392
334	0.00000380
335	0.00000368
336	0.00000357
337	0.00000346
338	0.00000335
339	0.00000325
340	0.00000315
341	0.00000305
342	0.00000295
343	0.00000286
344	0.00000277
345	0.00000269
346	0.00000260
347	0.00000252
348	0.00000245
349	0.00000237
350	0.00000230
351	0.00000222
352	0.00000216
353	0.00000209
354	0.00000202
355	0.00000196
356	0.00000190
357	0.00000184
358	0.00000178
359	0.00000173
360	0.00000167
361	0.00000162
362	0.00000157
363	0.00000152
364	0.00000148
365	0.00000143
366	0.00000139
367	0.00000134
368	0.00000130
369	0.00000126
370	0.00000122
371	0.00000118
372	0.00000115
373	0.00000111
374	0.00000108
375	0.00000104
376	0.00000101
377	0.00000098
378	0.00000095
379	0.00000092
380	0.00000089
381	0.00000086
382	0.00000084
383	0.00000081
384	0.00000079
385	0.00000076
386	0.00000074
387	0.00000071
388	0.00000069
389	0.00000067
390	0.00000065
391	0.00000063
392	0.00000061
393	0.00000059
394	0.00000057
395	0.00000056
396	0.00000054
397	0.00000052
398	0.00000051
399	0.00000049
400	0.00000047
401	0.00000046
402	0.00000045
403	0.00000043
404	0.00000042
405	0.00000041
406	0.00000039
407	0.00000038
408	0.00000037
409	0.00000036
410	0.00000035
411	0.00000034
412	0.00000032
413	0.00000031
414	0.00000031
415	0.00000030
416	0.00000029
417	0.00000028
418	0.00000027
419	0.00000026
420	0.00000025
421	0.00000024
422	0.00000024
423	0.00000023
424	0.00000022
425	0.00000022
426	0.00000021
427	0.00000020
428	0.00000020
429	0.00000019
430	0.00000018
431	0.00000018
432	0.00000017
433	0.00000017
434	0.00000016
435	0.00000016
436	0.00000015
437	0.00000015
438	0.00000014
439	0.00000014
440	0.00000013
441	0.00000013
442	0.00000013
443	0.00000012
444	0.00000012
445	0.00000011
446	0.00000011
447	0.00000011
448	0.00000010
449	0.00000010
450	0.00000010
451	0.00000009
452	0.00000009
453	0.00000009
454	0.00000009
455	0.00000008
456	0.00000008
457	0.00000008
458	0.00000008
459	0.00000007
460	0.00000007
461	0.00000007
462	0.00000007
463	0.00000007
464	0.00000006
465	0.00000006
466	0.00000006
467	0.00000006
468	0.00000006
469	0.00000005
470	0.00000005
471	0.00000005
472	0.00000005
473	0.00000005
474	0.00000005
475	0.00000004
476	0.00000004
477	0.00000004
478	0.00000004
479	0.00000004
480	0.00000004
481	0.00000004
482	0.00000004
483	0.00000003
484	0.00000003
485	0.00000003
486	0.00000003
487	0.00000003
488	0.00000003
489	0.00000003
490	0.00000003
491	0.00000003
492	0.00000003
493	0.00000003
494	0.00000002
495	0.00000002
496	0.00000002
497	0.00000002
498	0.00000002
499	0.00000002
500	0.00000002
501	0.00000002
502	0.00000002
503	0.00000002
504	0.00000002
505	0.00000002
506	0.00000002
507	0.00000002
508	0.00000002
509	0.00000002
510	0.00000001
511	0.00000001
512	0.00000001
513	0.00000001
514	0.00000001
515	0.00000001
516	0.00000001
517	0.00000001
518	0.00000001
519	0.00000001
520	0.00000001
521	0.00000001
522	0.00000001
523	0.00000001
524	0.00000001
525	0.00000001
526	0.00000001
527	0.00000001
528	0.00000001
529	0.00000001
530	0.00000001
531	0.00000001
532	0.00000001
533	0.00000001
534	0.00000001
535	0.00000001
536	0.00000001
537	0.00000001
538	0.00000001
539	0.00000001
540	0.00000001
541	0.00000001
542	0.00000001
543	0.00000001
544	0.00000001
545	0.00000000
546	0.00000000
547	0.00000000
548	0.00000000
549	0.00000000
550	0.00000000
551	0.00000000
552	0.00000000
553	0.00000000
554	0.00000000
555	0.00000000
556	0.00000000
557	0.00000000
558	0.00000000
559	0.00000000
560	0.00000000
561	0.00000000
562	0.00000000
563	0.00000000
564	0.00000000
565	0.00000000
566	0.00000000
567	0.00000000
568	0.00000000
569	0.00000000
570	0.00000000
571	0.00000000
572	0.00000000
573	0.00000000
574	0.00000000
575	0.00000000
576	0.00000000
577	0.00000000
578	0.00000000
579	0.00000000
580	0.00000000
581	0.00000000
582	0.00000000
583	0.00000000
584	0.00000000
585	0.00000000
586	0.00000000
587	0.00000000
588	0.00000000
589	0.00000000
590	0.00000000
591	0.00000000
592	0.00000000
593	0.00000000
594	0.00000000
595	0.00000000
596	0.00000000
597	0.00000000
598	0.00000000
599	0.00000000
600	0.00000000
601	0.00000000
602	0.00000000
603	0.00000000
604	0.00000000
605	0.00000000
606	0.00000000
607	0.00000000
608	0.00000000
609	0.00000000
610	0.00000000
611	0.00000000
612	0.00000000
613	0.00000000
614	0.00000000
615	0.00000000
616	0.00000000
617	0.00000000
618	0.00000000
619	0.00000000
620	0.00000000
621	0.00000000
622	0.00000000
623	0.00000000
624	0.00000000
625	0.00000000
626	0.00000000
627	0.00000000
628	0.00000000
629	0.00000000
630	0.00000000
631	0.00000000
632	0.00000000
633	0.00000000
634	0.00000000
635	0.00000000
636	0.00000000
637	0.00000000
638	0.00000000
639	0.00000000
640	0.00000000
641	0.00000000
642	0.00000000
643	0.00000000
644	0.00000000
645	0.00000000
646	0.00000000
647	0.00000000
648	0.00000000
649	0.00000000
650	0.00000000
651	0.00000000
652	0.00000000
653	0.00000000
654	0.00000000
655	0.00000000
656	0.00000000
657	0.00000000
658	0.00000000
659	0.00000000
660	0.00000000
661	0.00000000
662	0.00000000
663	0.00000000
664	0.00000000
665	0.00000000
666	0.00000000
667	0.00000000
668	0.00000000
669	0.00000000
670	0.00000000
671	0.00000000
672	0.00000000
673	0.00000000
674	0.00000000
675	0.00000000
676	0.00000000
677	0.00000000
678	0.00000000
679	0.00000000
680	0.00000000
681	0.00000000
682	0.00000000
683	0.00000000
684	0.00000000
685	0.00000000
686	0.00000000
687	0.00000000
688	0.00000000
689	0.00000000
690	0.00000000
691	0.00000000
692	0.00000000
693	0.00000000
694	0.00000000
695	0.00000000
696	0.00000000
697	0.00000000
698	0.00000000
699	0.00000000
700	0.00000000
701	0.00000000
702	0.00000000
703	0.00000000
704	0.00000000
705	0.00000000
706	0.00000000
707	0.00000000
708	0.00000000
709	0.00000000
710	0.00000000
711	0.00000000
712	0.00000000
713	0.00000000
714	0.00000000
715	0.00000000
716	0.00000000
717	0.00000000
718	0.00000000
719	0.00000000
720	0.00000000
721	0.00000000
722	0.00000000
723	0.00000000
724	0.00000000
725	0.00000000
726	0.00000000
727	0.00000000
728	0.00000000
729	0.00000000
730	0.00000000
731	0.00000000
732	0.00000000
733	0.00000000
734	0.00000000
735	0.00000000
736	0.00000000
737	0.00000000
738	0.00000000
739	0.00000000
740	0.00000000
741	0.00000000
742	0.00000000
743	0.00000000
744	0.00000000
745	0.00000000
746	0.00000000
747	0.00000000
748	0.00000000
749	0.00000000
750	0.00000000
751	0.00000000
752	0.00000000
753	0.00000000
754	0.00000000
755	0.00000000
756	0.00000000
757	0.00000000
758	0.00000000
759	0.00000000
760	0.00000000
761	0.00000000
762	0.00000000
763	0.00000000
764	0.00000000
765	0.00000000
766	0.00000000
767	0.00000000
768	0.00000000
769	0.00000000
770	0.00000000
771	0.00000000
772	0.00000000
773	0.00000000
774	0.00000000
775	0.00000000
776	0.00000000
777	0.00000000
778	0.00000000
779	0.00000000
780	0.00000000
781	0.00000000
782	0.00000000
783	0.00000000
784	0.00000000
785	0.00000000
786	0.00000000
787	0.00000000
788	0.00000000
789	0.00000000
790	0.00000000
791	0.00000000
792	0.00000000
793	0.00000000
794	0.00000000
795	0.00000000
796	0.00000000
797	0.00000000
798	0.00000000
799	0.00000000
800	0.00000000
801	0.00000000
802	0.00000000
803	0.00000000
804	0.00000000
805	0.00000000
806	0.00000000
807	0.00000000
808	0.00000000
809	0.00000000
810	0.00000000
811	0.00000000
812	0.00000000
813	0.00000000
814	0.00000000
815	0.00000000
816	0.00000000
817	0.00000000
818	0.00000000
819	0.00000000
820	0.00000000
821	0.00000000
822	0.00000000
823	0.00000000
824	0.00000000
825	0.00000000
826	0.00000000
827	0.00000000
828	0.00000000
829	0.00000000
830	0.00000000
831	0.00000000
832	0.00000000
833	0.00000000
834	0.00000000
835	0.00000000
836	0.00000000
837	0.00000000
838	0.00000000
839	0.00000000
840	0.00000000
841	0.00000000
842	0.00000000
843	0.00000000
844	0.00000000
845	0.00000000
846	0.00000000
847	0.00000000
848	0.00000000
849	0.00000000
850	0.00000000
851	0.00000000
852	0.00000000
853	0.00000000
854	0.00000000
855	0.00000000
856	0.00000000
857	0.00000000
858	0.00000000
859	0.00000000
860	0.00000000
861	0.00000000
862	0.00000000
863	0.00000000
864	0.00000000
865	0.00000000
866	0.00000000
867	0.00000000
868	0.00000000
869	0.00000000
870	0.00000000
871	0.00000000
872	0.00000000
873	0.00000000
874	0.00000000
875	0.00000000
876	0.00000000
877	0.00000000
878	0.00000000
879	0.00000000
880	0.00000000
881	0.00000000
882	0.00000000
883	0.00000000
884	0.00000000
885	0.00000000
886	0.00000000
887	0.00000000
888	0.00000000
889	0.00000000
890	0.00000000
891	0.00000000
892	0.00000000
893	0.00000000
894	0.00000000
895	0.00000000
896	0.00000000
897	0.00000000
898	0.00000000
899	0.00000000
900	0.00000000
901	0.00000000
902	0.00000000
903	0.00000000
904	0.00000000
905	0.00000000
906	0.00000000
907	0.00000000
908	0.00000000
909	0.00000000
910	0.00000000
911	0.00000000
912	0.00000000
913	0.00000000
914	0.00000000
915	0.00000000
916	0.00000000
917	0.00000000
918	0.00000000
919	0.00000000
920	0.00000000
921	0.00000000
922	0.00000000
923	0.00000000
924	0.00000000
925	0.00000000
926	0.00000000
927	0.00000000
928	0.00000000
929	0.00000000
930	0.00000000
931	0.00000000
932	0.00000000
933	0.00000000
934	0.00000000
935	0.00000000
936	0.00000000
937	0.00000000
938	0.00000000
939	0.00000000
940	0.00000000
941	0.00000000
942	0.00000000
943	0.00000000
944	0.00000000
945	0.00000000
946	0.00000000
947	0.00000000
948	0.00000000
949	0.00000000
950	0.00000000
951	0.00000000
952	0.00000000
953	0.00000000
954	0.00000000
955	0.00000000
956	0.00000000
957	0.00000000
958	0.00000000
959	0.00000000
960	0.00000000
961	0.00000000
962	0.00000000
963	0.00000000
964	0.00000000
965	0.00000000
966	0.00000000
967	0.00000000
968	0.00000000
969	0.00000000
970	0.00000000
971	0.00000000
972	0.00000000
973	0.00000000
974	0.00000000
975	0.00000000
976	0.00000000
977	0.00000000
978	0.00000000
979	0.00000000
980	0.00000000
981	0.00000000
982	0.00000000
983	0.00000000
984	0.00000000
985	0.00000000
986	0.00000000
987	0.00000000
988	0.00000000
989	0.00000000
990	0.00000000
991	0.00000000
992	0.00000000
993	0.00000000
994	0.00000000
995	0.00000000
996	0.00000000
997	0.00000000
998	0.00000000
999	0.00000000
