0	0.00000000
1	0.00000000
2	0.00000000
3	0.00000000
4	0.00000000
5	0.00000000
6	0.00000000
7	0.00000000
8	0.00000000
9	0.00000000
10	0.00000000
11	0.00000000
12	0.00000000
13	0.00423223
14	0.02863195
15	0.02378251
16	0.03064260
17	0.02958974
18	0.03798680
19	0.04244711
20	0.04465815
21	0.04067955
22	0.03737050
23	0.03327935
24	0.03070878
25	0.02797248
26	0.02612706
27	0.02379945
28	0.02281326
29	0.02110300
30	0.01982403
31	0.01883988
32	0.02061162
33	0.02289172
34	0.02424948
35	0.02631447
36	0.02727506
37	0.02702434
38	0.02700494
39	0.02742157
40	0.02662236
41	0.02631296
42	0.02614151
43	0.02557884
44	0.02476127
45	0.02425241
46	0.02372987
47	0.02296059
48	0.02276054
49	0.02228411
50	0.02172849
51	0.02123671
52	0.02050592
53	0.01983833
54	0.01909500
55	0.01910549
56	0.01910942
57	0.01885127
58	0.01864564
59	0.01817325
60	0.01768695
61	0.01731983
62	0.01702541
63	0.01672889
64	0.01653966
65	0.01639573
66	0.01608474
67	0.01566589
68	0.01530148
69	0.01494748
70	0.01454687
71	0.01411736
72	0.01376757
73	0.01330448
74	0.01289292
75	0.01241172
76	0.01202923
77	0.01167803
78	0.01141856
79	0.01123774
80	0.01092020
81	0.01067078
82	0.01042774
83	0.01010567
84	0.00987201
85	0.00971600
86	0.00944693
87	0.00923646
88	0.00895268
89	0.00871846
90	0.00843972
91	0.00814464
92	0.00788368
93	0.00762590
94	0.00736301
95	0.00712644
96	0.00690484
97	0.00668093
98	0.00645711
99	0.00625082
100	0.00605419
101	0.00588270
102	0.00574318
103	0.00558803
104	0.00541448
105	0.00525995
106	0.00509890
107	0.00494152
108	0.00479536
109	0.00465742
110	0.00450164
111	0.00436623
112	0.00423069
113	0.00409660
114	0.00396594
115	0.00383982
116	0.00371898
117	0.00360237
118	0.00348970
119	0.00338122
120	0.00327435
121	0.00317204
122	0.00307287
123	0.00297686
124	0.00288623
125	0.00280052
126	0.00271273
127	0.00263067
128	0.00254708
129	0.00246882
130	0.00239178
131	0.00231783
132	0.00224611
133	0.00217657
134	0.00210904
135	0.00204362
136	0.00198019
137	0.00191872
138	0.00185911
139	0.00180134
140	0.00174535
141	0.00169111
142	0.00163855
143	0.00158763
144	0.00153829
145	0.00149049
146	0.00144417
147	0.00139930
148	0.00135586
149	0.00131379
150	0.00127302
151	0.00123351
152	0.00119523
153	0.00115813
154	0.00112218
155	0.00108736
156	0.00105360
157	0.00102091
158	0.00098922
159	0.00095852
160	0.00092876
161	0.00089994
162	0.00087200
163	0.00084493
164	0.00081871
165	0.00079329
166	0.00076866
167	0.00074480
168	0.00072168
169	0.00069927
170	0.00067757
171	0.00065653
172	0.00063615
173	0.00061640
174	0.00059726
175	0.00057872
176	0.00056076
177	0.00054335
178	0.00052648
179	0.00051014
180	0.00049430
181	0.00047896
182	0.00046409
183	0.00044968
184	0.00043572
185	0.00042220
186	0.00040909
187	0.00039639
188	0.00038409
189	0.00037216
190	0.00036061
191	0.00034942
192	0.00033857
193	0.00032806
194	0.00031788
195	0.00030801
196	0.00029845
197	0.00028918
198	0.00028020
199	0.00027151
200	0.00026308
201	0.00025491
202	0.00024700
203	0.00023933
204	0.00023190
205	0.00022470
206	0.00021773
207	0.00021097
208	0.00020442
209	0.00019807
210	0.00019192
211	0.00018597
212	0.00018019
213	0.00017460
214	0.00016918
215	0.00016393
216	0.00015884
217	0.00015391
218	0.00014913
219	0.00014450
220	0.00014001
221	0.00013567
222	0.00013146
223	0.00012738
224	0.00012342
225	0.00011959
226	0.00011588
227	0.00011228
228	0.00010879
229	0.00010542
230	0.00010214
231	0.00009897
232	0.00009590
233	0.00009292
234	0.00009004
235	0.00008724
236	0.00008454
237	0.00008191
238	0.00007937
239	0.00007691
240	0.00007452
241	0.00007220
242	0.00006996
243	0.00006779
244	0.00006569
245	0.00006365
246	0.00006167
247	0.00005976
248	0.00005790
249	0.00005611
250	0.00005436
251	0.00005268
252	0.00005104
253	0.00004946
254	0.00004792
255	0.00004643
256	0.00004499
257	0.00004360
258	0.00004224
259	0.00004093
260	0.00003966
261	0.00003843
262	0.00003724
263	0.00003608
264	0.00003496
265	0.00003387
266	0.00003282
267	0.00003180
268	0.00003082
269	0.00002986
270	0.00002893
271	0.00002804
272	0.00002716
273	0.00002632
274	0.00002550
275	0.00002471
276	0.00002395
277	0.00002320
278	0.00002248
279	0.00002178
280	0.00002111
281	0.00002045
282	0.00001982
283	0.00001920
284	0.00001861
285	0.00001803
286	0.00001747
287	0.00001693
288	0.00001640
289	0.00001589
290	0.00001540
291	0.00001492
292	0.00001446
293	0.00001401
294	0.00001357
295	0.00001315
296	0.00001274
297	0.00001235
298	0.00001197
299	0.00001159
300	0.00001123
301	0.00001089
302	0.00001055
303	0.00001022
304	0.00000990
305	0.00000960
306	0.00000930
307	0.00000901
308	0.00000873
309	0.00000846
310	0.00000820
311	0.00000794
312	0.00000769
313	0.00000746
314	0.00000722
315	0.00000700
316	0.00000678
317	0.00000657
318	0.00000637
319	0.00000617
320	0.00000598
321	0.00000579
322	0.00000561
323	0.00000544
324	0.00000527
325	0.00000511
326	0.00000495
327	0.00000479
328	0.00000465
329	0.00000450
330	0.00000436
331	0.00000423
332	0.00000410
333	0.00000397
334	0.00000384
335	0.00000373
336	0.00000361
337	0.00000350
338	0.00000339
339	0.00000328
340	0.00000318
341	0.00000308
342	0.00000299
343	0.00000289
344	0.00000280
345	0.00000272
346	0.00000263
347	0.00000255
348	0.00000247
349	0.00000240
350	0.00000232
351	0.00000225
352	0.00000218
353	0.00000211
354	0.00000205
355	0.00000198
356	0.00000192
357	0.00000186
358	0.00000180
359	0.00000175
360	0.00000169
361	0.00000164
362	0.00000159
363	0.00000154
364	0.00000149
365	0.00000145
366	0.00000140
367	0.00000136
368	0.00000132
369	0.00000128
370	0.00000124
371	0.00000120
372	0.00000116
373	0.00000112
374	0.00000109
375	0.00000106
376	0.00000102
377	0.00000099
378	0.00000096
379	0.00000093
380	0.00000090
381	0.00000087
382	0.00000085
383	0.00000082
384	0.00000079
385	0.00000077
386	0.00000075
387	0.00000072
388	0.00000070
389	0.00000068
390	0.00000066
391	0.00000064
392	0.00000062
393	0.00000060
394	0.00000058
395	0.00000056
396	0.00000054
397	0.00000053
398	0.00000051
399	0.00000050
400	0.00000048
401	0.00000046
402	0.00000045
403	0.00000044
404	0.00000042
405	0.00000041
406	0.00000040
407	0.00000038
408	0.00000037
409	0.00000036
410	0.00000035
411	0.00000034
412	0.00000033
413	0.00000032
414	0.00000031
415	0.00000030
416	0.00000029
417	0.00000028
418	0.00000027
419	0.00000026
420	0.00000026
421	0.00000025
422	0.00000024
423	0.00000023
424	0.00000023
425	0.00000022
426	0.00000021
427	0.00000020
428	0.00000020
429	0.00000019
430	0.00000019
431	0.00000018
432	0.00000017
433	0.00000017
434	0.00000016
435	0.00000016
436	0.00000015
437	0.00000015
438	0.00000014
439	0.00000014
440	0.00000014
441	0.00000013
442	0.00000013
443	0.00000012
444	0.00000012
445	0.00000012
446	0.00000011
447	0.00000011
448	0.00000011
449	0.00000010
450	0.00000010
451	0.00000010
452	0.00000009
453	0.00000009
454	0.00000009
455	0.00000008
456	0.00000008
457	0.00000008
458	0.00000008
459	0.00000007
460	0.00000007
461	0.00000007
462	0.00000007
463	0.00000007
464	0.00000006
465	0.00000006
466	0.00000006
467	0.00000006
468	0.00000006
469	0.00000005
470	0.00000005
471	0.00000005
472	0.00000005
473	0.00000005
474	0.00000005
475	0.00000005
476	0.00000004
477	0.00000004
478	0.00000004
479	0.00000004
480	0.00000004
481	0.00000004
482	0.00000004
483	0.00000004
484	0.00000003
485	0.00000003
486	0.00000003
487	0.00000003
488	0.00000003
489	0.00000003
490	0.00000003
491	0.00000003
492	0.00000003
493	0.00000003
494	0.00000002
495	0.00000002
496	0.00000002
497	0.00000002
498	0.00000002
499	0.00000002
500	0.00000002
501	0.00000002
502	0.00000002
503	0.00000002
504	0.00000002
505	0.00000002
506	0.00000002
507	0.00000002
508	0.00000002
509	0.00000002
510	0.00000001
511	0.00000001
512	0.00000001
513	0.00000001
514	0.00000001
515	0.00000001
516	0.00000001
517	0.00000001
518	0.00000001
519	0.00000001
520	0.00000001
521	0.00000001
522	0.00000001
523	0.00000001
524	0.00000001
525	0.00000001
526	0.00000001
527	0.00000001
528	0.00000001
529	0.00000001
530	0.00000001
531	0.00000001
532	0.00000001
533	0.00000001
534	0.00000001
535	0.00000001
536	0.00000001
537	0.00000001
538	0.00000001
539	0.00000001
540	0.00000001
541	0.00000001
542	0.00000001
543	0.00000001
544	0.00000001
545	0.00000000
546	0.00000000
547	0.00000000
548	0.00000000
549	0.00000000
550	0.00000000
551	0.00000000
552	0.00000000
553	0.00000000
554	0.00000000
555	0.00000000
556	0.00000000
557	0.00000000
558	0.00000000
559	0.00000000
560	0.00000000
561	0.00000000
562	0.00000000
563	0.00000000
564	0.00000000
565	0.00000000
566	0.00000000
567	0.00000000
568	0.00000000
569	0.00000000
570	0.00000000
571	0.00000000
572	0.00000000
573	0.00000000
574	0.00000000
575	0.00000000
576	0.00000000
577	0.00000000
578	0.00000000
579	0.00000000
580	0.00000000
581	0.00000000
582	0.00000000
583	0.00000000
584	0.00000000
585	0.00000000
586	0.00000000
587	0.00000000
588	0.00000000
589	0.00000000
590	0.00000000
591	0.00000000
592	0.00000000
593	0.00000000
594	0.00000000
595	0.00000000
596	0.00000000
597	0.00000000
598	0.00000000
599	0.00000000
600	0.00000000
601	0.00000000
602	0.00000000
603	0.00000000
604	0.00000000
605	0.00000000
606	0.00000000
607	0.00000000
608	0.00000000
609	0.00000000
610	0.00000000
611	0.00000000
612	0.00000000
613	0.00000000
614	0.00000000
615	0.00000000
616	0.00000000
617	0.00000000
618	0.00000000
619	0.00000000
620	0.00000000
621	0.00000000
622	0.00000000
623	0.00000000
624	0.00000000
625	0.00000000
626	0.00000000
627	0.00000000
628	0.00000000
629	0.00000000
630	0.00000000
631	0.00000000
632	0.00000000
633	0.00000000
634	0.00000000
635	0.00000000
636	0.00000000
637	0.00000000
638	0.00000000
639	0.00000000
640	0.00000000
641	0.00000000
642	0.00000000
643	0.00000000
644	0.00000000
645	0.00000000
646	0.00000000
647	0.00000000
648	0.00000000
649	0.00000000
650	0.00000000
651	0.00000000
652	0.00000000
653	0.00000000
654	0.00000000
655	0.00000000
656	0.00000000
657	0.00000000
658	0.00000000
659	0.00000000
660	0.00000000
661	0.00000000
662	0.00000000
663	0.00000000
664	0.00000000
665	0.00000000
666	0.00000000
667	0.00000000
668	0.00000000
669	0.00000000
670	0.00000000
671	0.00000000
672	0.00000000
673	0.00000000
674	0.00000000
675	0.00000000
676	0.00000000
677	0.00000000
678	0.00000000
679	0.00000000
680	0.00000000
681	0.00000000
682	0.00000000
683	0.00000000
684	0.00000000
685	0.00000000
686	0.00000000
687	0.00000000
688	0.00000000
689	0.00000000
690	0.00000000
691	0.00000000
692	0.00000000
693	0.00000000
694	0.00000000
695	0.00000000
696	0.00000000
697	0.00000000
698	0.00000000
699	0.00000000
700	0.00000000
701	0.00000000
702	0.00000000
703	0.00000000
704	0.00000000
705	0.00000000
706	0.00000000
707	0.00000000
708	0.00000000
709	0.00000000
710	0.00000000
711	0.00000000
712	0.00000000
713	0.00000000
714	0.00000000
715	0.00000000
716	0.00000000
717	0.00000000
718	0.00000000
719	0.00000000
720	0.00000000
721	0.00000000
722	0.00000000
723	0.00000000
724	0.00000000
725	0.00000000
726	0.00000000
727	0.00000000
728	0.00000000
729	0.00000000
730	0.00000000
731	0.00000000
732	0.00000000
733	0.00000000
734	0.00000000
735	0.00000000
736	0.00000000
737	0.00000000
738	0.00000000
739	0.00000000
740	0.00000000
741	0.00000000
742	0.00000000
743	0.00000000
744	0.00000000
745	0.00000000
746	0.00000000
747	0.00000000
748	0.00000000
749	0.00000000
750	0.00000000
751	0.00000000
752	0.00000000
753	0.00000000
754	0.00000000
755	0.00000000
756	0.00000000
757	0.00000000
758	0.00000000
759	0.00000000
760	0.00000000
761	0.00000000
762	0.00000000
763	0.00000000
764	0.00000000
765	0.00000000
766	0.00000000
767	0.00000000
768	0.00000000
769	0.00000000
770	0.00000000
771	0.00000000
772	0.00000000
773	0.00000000
774	0.00000000
775	0.00000000
776	0.00000000
777	0.00000000
778	0.00000000
779	0.00000000
780	0.00000000
781	0.00000000
782	0.00000000
783	0.00000000
784	0.00000000
785	0.00000000
786	0.00000000
787	0.00000000
788	0.00000000
789	0.00000000
790	0.00000000
791	0.00000000
792	0.00000000
793	0.00000000
794	0.00000000
795	0.00000000
796	0.00000000
797	0.00000000
798	0.00000000
799	0.00000000
800	0.00000000
801	0.00000000
802	0.00000000
803	0.00000000
804	0.00000000
805	0.00000000
806	0.00000000
807	0.00000000
808	0.00000000
809	0.00000000
810	0.00000000
811	0.00000000
812	0.00000000
813	0.00000000
814	0.00000000
815	0.00000000
816	0.00000000
817	0.00000000
818	0.00000000
819	0.00000000
820	0.00000000
821	0.00000000
822	0.00000000
823	0.00000000
824	0.00000000
825	0.00000000
826	0.00000000
827	0.00000000
828	0.00000000
829	0.00000000
830	0.00000000
831	0.00000000
832	0.00000000
833	0.00000000
834	0.00000000
835	0.00000000
836	0.00000000
837	0.00000000
838	0.00000000
839	0.00000000
840	0.00000000
841	0.00000000
842	0.00000000
843	0.00000000
844	0.00000000
845	0.00000000
846	0.00000000
847	0.00000000
848	0.00000000
849	0.00000000
850	0.00000000
851	0.00000000
852	0.00000000
853	0.00000000
854	0.00000000
855	0.00000000
856	0.00000000
857	0.00000000
858	0.00000000
859	0.00000000
860	0.00000000
861	0.00000000
862	0.00000000
863	0.00000000
864	0.00000000
865	0.00000000
866	0.00000000
867	0.00000000
868	0.00000000
869	0.00000000
870	0.00000000
871	0.00000000
872	0.00000000
873	0.00000000
874	0.00000000
875	0.00000000
876	0.00000000
877	0.00000000
878	0.00000000
879	0.00000000
880	0.00000000
881	0.00000000
882	0.00000000
883	0.00000000
884	0.00000000
885	0.00000000
886	0.00000000
887	0.00000000
888	0.00000000
889	0.00000000
890	0.00000000
891	0.00000000
892	0.00000000
893	0.00000000
894	0.00000000
895	0.00000000
896	0.00000000
897	0.00000000
898	0.00000000
899	0.00000000
900	0.00000000
901	0.00000000
902	0.00000000
903	0.00000000
904	0.00000000
905	0.00000000
906	0.00000000
907	0.00000000
908	0.00000000
909	0.00000000
910	0.00000000
911	0.00000000
912	0.00000000
913	0.00000000
914	0.00000000
915	0.00000000
916	0.00000000
917	0.00000000
918	0.00000000
919	0.00000000
920	0.00000000
921	0.00000000
922	0.00000000
923	0.00000000
924	0.00000000
925	0.00000000
926	0.00000000
927	0.00000000
928	0.00000000
929	0.00000000
930	0.00000000
931	0.00000000
932	0.00000000
933	0.00000000
934	0.00000000
935	0.00000000
936	0.00000000
937	0.00000000
938	0.00000000
939	0.00000000
940	0.00000000
941	0.00000000
942	0.00000000
943	0.00000000
944	0.00000000
945	0.00000000
946	0.00000000
947	0.00000000
948	0.00000000
949	0.00000000
950	0.00000000
951	0.00000000
952	0.00000000
953	0.00000000
954	0.00000000
955	0.00000000
956	0.00000000
957	0.00000000
958	0.00000000
959	0.00000000
960	0.00000000
961	0.00000000
962	0.00000000
963	0.00000000
964	0.00000000
965	0.00000000
966	0.00000000
967	0.00000000
968	0.00000000
969	0.00000000
970	0.00000000
971	0.00000000
972	0.00000000
973	0.00000000
974	0.00000000
975	0.00000000
976	0.00000000
977	0.00000000
978	0.00000000
979	0.00000000
980	0.00000000
981	0.00000000
982	0.00000000
983	0.00000000
984	0.00000000
985	0.00000000
986	0.00000000
987	0.00000000
988	0.00000000
989	0.00000000
990	0.00000000
991	0.00000000
992	0.00000000
993	0.00000000
994	0.00000000
995	0.00000000
996	0.00000000
997	0.00000000
998	0.00000000
999	0.00000000
