0	0.00000000
1	0.00000000
2	0.00000000
3	0.00000000
4	0.00000000
5	0.00000000
6	0.00000000
7	0.00000000
8	0.00000000
9	0.00000000
10	0.00000000
11	0.00000000
12	0.00000000
13	0.00736043
14	0.04951915
15	0.04102532
16	0.04408677
17	0.03580060
18	0.03865424
19	0.04060501
20	0.04229270
21	0.03737114
22	0.03454990
23	0.02977705
24	0.02615090
25	0.02311863
26	0.02170661
27	0.02030171
28	0.01973039
29	0.01850334
30	0.01791168
31	0.01758804
32	0.02112950
33	0.02495151
34	0.02584275
35	0.02828196
36	0.02976315
37	0.02907753
38	0.02807459
39	0.02776536
40	0.02679287
41	0.02658051
42	0.02585642
43	0.02553577
44	0.02496233
45	0.02465364
46	0.02457919
47	0.02366243
48	0.02318108
49	0.02258991
50	0.02192204
51	0.02132164
52	0.02053425
53	0.01995102
54	0.01930671
55	0.01956068
56	0.01956841
57	0.01933890
58	0.01929427
59	0.01888147
60	0.01836465
61	0.01782858
62	0.01742852
63	0.01722952
64	0.01710602
65	0.01686410
66	0.01665235
67	0.01617335
68	0.01565246
69	0.01532448
70	0.01491832
71	0.01446287
72	0.01408674
73	0.01361664
74	0.01320906
75	0.01271004
76	0.01237053
77	0.01198543
78	0.01181259
79	0.01163429
80	0.01137354
81	0.01107880
82	0.01089174
83	0.01058633
84	0.01030250
85	0.01006769
86	0.00979193
87	0.00955694
88	0.00926828
89	0.00899050
90	0.00872291
91	0.00843196
92	0.00814842
93	0.00790332
94	0.00762394
95	0.00737362
96	0.00716347
97	0.00691814
98	0.00668806
99	0.00648024
100	0.00627612
101	0.00610410
102	0.00596784
103	0.00581726
104	0.00563614
105	0.00548938
106	0.00531707
107	0.00514377
108	0.00498216
109	0.00482789
110	0.00467612
111	0.00452925
112	0.00439351
113	0.00425861
114	0.00412033
115	0.00398637
116	0.00386365
117	0.00374240
118	0.00362484
119	0.00351192
120	0.00340078
121	0.00329461
122	0.00319182
123	0.00309222
124	0.00299797
125	0.00291086
126	0.00282065
127	0.00273491
128	0.00264783
129	0.00256691
130	0.00248635
131	0.00240935
132	0.00233451
133	0.00226206
134	0.00219197
135	0.00212392
136	0.00205797
137	0.00199405
138	0.00193207
139	0.00187200
140	0.00181379
141	0.00175739
142	0.00170276
143	0.00164983
144	0.00159855
145	0.00154887
146	0.00150074
147	0.00145412
148	0.00140899
149	0.00136528
150	0.00132293
151	0.00128189
152	0.00124211
153	0.00120357
154	0.00116622
155	0.00113002
156	0.00109495
157	0.00106097
158	0.00102803
159	0.00099613
160	0.00096521
161	0.00093525
162	0.00090622
163	0.00087809
164	0.00085083
165	0.00082441
166	0.00079882
167	0.00077402
168	0.00074999
169	0.00072670
170	0.00070414
171	0.00068228
172	0.00066110
173	0.00064058
174	0.00062069
175	0.00060142
176	0.00058275
177	0.00056466
178	0.00054713
179	0.00053015
180	0.00051369
181	0.00049775
182	0.00048229
183	0.00046732
184	0.00045282
185	0.00043876
186	0.00042514
187	0.00041194
188	0.00039915
189	0.00038676
190	0.00037476
191	0.00036312
192	0.00035185
193	0.00034093
194	0.00033034
195	0.00032009
196	0.00031015
197	0.00030053
198	0.00029120
199	0.00028216
200	0.00027340
201	0.00026491
202	0.00025669
203	0.00024872
204	0.00024100
205	0.00023352
206	0.00022627
207	0.00021924
208	0.00021244
209	0.00020584
210	0.00019945
211	0.00019326
212	0.00018726
213	0.00018145
214	0.00017581
215	0.00017036
216	0.00016507
217	0.00015994
218	0.00015498
219	0.00015017
220	0.00014551
221	0.00014099
222	0.00013661
223	0.00013237
224	0.00012826
225	0.00012428
226	0.00012042
227	0.00011669
228	0.00011306
229	0.00010955
230	0.00010615
231	0.00010286
232	0.00009966
233	0.00009657
234	0.00009357
235	0.00009067
236	0.00008785
237	0.00008513
238	0.00008248
239	0.00007992
240	0.00007744
241	0.00007504
242	0.00007271
243	0.00007045
244	0.00006826
245	0.00006614
246	0.00006409
247	0.00006210
248	0.00006017
249	0.00005831
250	0.00005650
251	0.00005474
252	0.00005304
253	0.00005140
254	0.00004980
255	0.00004825
256	0.00004676
257	0.00004531
258	0.00004390
259	0.00004254
260	0.00004122
261	0.00003994
262	0.00003870
263	0.00003750
264	0.00003633
265	0.00003520
266	0.00003411
267	0.00003305
268	0.00003203
269	0.00003103
270	0.00003007
271	0.00002913
272	0.00002823
273	0.00002735
274	0.00002650
275	0.00002568
276	0.00002488
277	0.00002411
278	0.00002336
279	0.00002264
280	0.00002194
281	0.00002125
282	0.00002059
283	0.00001996
284	0.00001934
285	0.00001874
286	0.00001815
287	0.00001759
288	0.00001704
289	0.00001652
290	0.00001600
291	0.00001551
292	0.00001502
293	0.00001456
294	0.00001411
295	0.00001367
296	0.00001324
297	0.00001283
298	0.00001243
299	0.00001205
300	0.00001167
301	0.00001131
302	0.00001096
303	0.00001062
304	0.00001029
305	0.00000997
306	0.00000966
307	0.00000936
308	0.00000907
309	0.00000879
310	0.00000852
311	0.00000825
312	0.00000800
313	0.00000775
314	0.00000751
315	0.00000727
316	0.00000705
317	0.00000683
318	0.00000662
319	0.00000641
320	0.00000621
321	0.00000602
322	0.00000583
323	0.00000565
324	0.00000548
325	0.00000531
326	0.00000514
327	0.00000498
328	0.00000483
329	0.00000468
330	0.00000453
331	0.00000439
332	0.00000426
333	0.00000412
334	0.00000400
335	0.00000387
336	0.00000375
337	0.00000364
338	0.00000352
339	0.00000341
340	0.00000331
341	0.00000320
342	0.00000310
343	0.00000301
344	0.00000291
345	0.00000282
346	0.00000274
347	0.00000265
348	0.00000257
349	0.00000249
350	0.00000241
351	0.00000234
352	0.00000227
353	0.00000219
354	0.00000213
355	0.00000206
356	0.00000200
357	0.00000193
358	0.00000187
359	0.00000182
360	0.00000176
361	0.00000171
362	0.00000165
363	0.00000160
364	0.00000155
365	0.00000150
366	0.00000146
367	0.00000141
368	0.00000137
369	0.00000133
370	0.00000128
371	0.00000124
372	0.00000121
373	0.00000117
374	0.00000113
375	0.00000110
376	0.00000106
377	0.00000103
378	0.00000100
379	0.00000097
380	0.00000094
381	0.00000091
382	0.00000088
383	0.00000085
384	0.00000083
385	0.00000080
386	0.00000078
387	0.00000075
388	0.00000073
389	0.00000071
390	0.00000068
391	0.00000066
392	0.00000064
393	0.00000062
394	0.00000060
395	0.00000058
396	0.00000057
397	0.00000055
398	0.00000053
399	0.00000051
400	0.00000050
401	0.00000048
402	0.00000047
403	0.00000045
404	0.00000044
405	0.00000043
406	0.00000041
407	0.00000040
408	0.00000039
409	0.00000038
410	0.00000036
411	0.00000035
412	0.00000034
413	0.00000033
414	0.00000032
415	0.00000031
416	0.00000030
417	0.00000029
418	0.00000028
419	0.00000027
420	0.00000027
421	0.00000026
422	0.00000025
423	0.00000024
424	0.00000023
425	0.00000023
426	0.00000022
427	0.00000021
428	0.00000021
429	0.00000020
430	0.00000019
431	0.00000019
432	0.00000018
433	0.00000018
434	0.00000017
435	0.00000017
436	0.00000016
437	0.00000016
438	0.00000015
439	0.00000015
440	0.00000014
441	0.00000014
442	0.00000013
443	0.00000013
444	0.00000012
445	0.00000012
446	0.00000012
447	0.00000011
448	0.00000011
449	0.00000011
450	0.00000010
451	0.00000010
452	0.00000010
453	0.00000009
454	0.00000009
455	0.00000009
456	0.00000009
457	0.00000008
458	0.00000008
459	0.00000008
460	0.00000008
461	0.00000007
462	0.00000007
463	0.00000007
464	0.00000007
465	0.00000006
466	0.00000006
467	0.00000006
468	0.00000006
469	0.00000006
470	0.00000005
471	0.00000005
472	0.00000005
473	0.00000005
474	0.00000005
475	0.00000005
476	0.00000005
477	0.00000004
478	0.00000004
479	0.00000004
480	0.00000004
481	0.00000004
482	0.00000004
483	0.00000004
484	0.00000004
485	0.00000003
486	0.00000003
487	0.00000003
488	0.00000003
489	0.00000003
490	0.00000003
491	0.00000003
492	0.00000003
493	0.00000003
494	0.00000003
495	0.00000002
496	0.00000002
497	0.00000002
498	0.00000002
499	0.00000002
500	0.00000002
501	0.00000002
502	0.00000002
503	0.00000002
504	0.00000002
505	0.00000002
506	0.00000002
507	0.00000002
508	0.00000002
509	0.00000002
510	0.00000002
511	0.00000002
512	0.00000001
513	0.00000001
514	0.00000001
515	0.00000001
516	0.00000001
517	0.00000001
518	0.00000001
519	0.00000001
520	0.00000001
521	0.00000001
522	0.00000001
523	0.00000001
524	0.00000001
525	0.00000001
526	0.00000001
527	0.00000001
528	0.00000001
529	0.00000001
530	0.00000001
531	0.00000001
532	0.00000001
533	0.00000001
534	0.00000001
535	0.00000001
536	0.00000001
537	0.00000001
538	0.00000001
539	0.00000001
540	0.00000001
541	0.00000001
542	0.00000001
543	0.00000001
544	0.00000001
545	0.00000001
546	0.00000000
547	0.00000000
548	0.00000000
549	0.00000000
550	0.00000000
551	0.00000000
552	0.00000000
553	0.00000000
554	0.00000000
555	0.00000000
556	0.00000000
557	0.00000000
558	0.00000000
559	0.00000000
560	0.00000000
561	0.00000000
562	0.00000000
563	0.00000000
564	0.00000000
565	0.00000000
566	0.00000000
567	0.00000000
568	0.00000000
569	0.00000000
570	0.00000000
571	0.00000000
572	0.00000000
573	0.00000000
574	0.00000000
575	0.00000000
576	0.00000000
577	0.00000000
578	0.00000000
579	0.00000000
580	0.00000000
581	0.00000000
582	0.00000000
583	0.00000000
584	0.00000000
585	0.00000000
586	0.00000000
587	0.00000000
588	0.00000000
589	0.00000000
590	0.00000000
591	0.00000000
592	0.00000000
593	0.00000000
594	0.00000000
595	0.00000000
596	0.00000000
597	0.00000000
598	0.00000000
599	0.00000000
600	0.00000000
601	0.00000000
602	0.00000000
603	0.00000000
604	0.00000000
605	0.00000000
606	0.00000000
607	0.00000000
608	0.00000000
609	0.00000000
610	0.00000000
611	0.00000000
612	0.00000000
613	0.00000000
614	0.00000000
615	0.00000000
616	0.00000000
617	0.00000000
618	0.00000000
619	0.00000000
620	0.00000000
621	0.00000000
622	0.00000000
623	0.00000000
624	0.00000000
625	0.00000000
626	0.00000000
627	0.00000000
628	0.00000000
629	0.00000000
630	0.00000000
631	0.00000000
632	0.00000000
633	0.00000000
634	0.00000000
635	0.00000000
636	0.00000000
637	0.00000000
638	0.00000000
639	0.00000000
640	0.00000000
641	0.00000000
642	0.00000000
643	0.00000000
644	0.00000000
645	0.00000000
646	0.00000000
647	0.00000000
648	0.00000000
649	0.00000000
650	0.00000000
651	0.00000000
652	0.00000000
653	0.00000000
654	0.00000000
655	0.00000000
656	0.00000000
657	0.00000000
658	0.00000000
659	0.00000000
660	0.00000000
661	0.00000000
662	0.00000000
663	0.00000000
664	0.00000000
665	0.00000000
666	0.00000000
667	0.00000000
668	0.00000000
669	0.00000000
670	0.00000000
671	0.00000000
672	0.00000000
673	0.00000000
674	0.00000000
675	0.00000000
676	0.00000000
677	0.00000000
678	0.00000000
679	0.00000000
680	0.00000000
681	0.00000000
682	0.00000000
683	0.00000000
684	0.00000000
685	0.00000000
686	0.00000000
687	0.00000000
688	0.00000000
689	0.00000000
690	0.00000000
691	0.00000000
692	0.00000000
693	0.00000000
694	0.00000000
695	0.00000000
696	0.00000000
697	0.00000000
698	0.00000000
699	0.00000000
700	0.00000000
701	0.00000000
702	0.00000000
703	0.00000000
704	0.00000000
705	0.00000000
706	0.00000000
707	0.00000000
708	0.00000000
709	0.00000000
710	0.00000000
711	0.00000000
712	0.00000000
713	0.00000000
714	0.00000000
715	0.00000000
716	0.00000000
717	0.00000000
718	0.00000000
719	0.00000000
720	0.00000000
721	0.00000000
722	0.00000000
723	0.00000000
724	0.00000000
725	0.00000000
726	0.00000000
727	0.00000000
728	0.00000000
729	0.00000000
730	0.00000000
731	0.00000000
732	0.00000000
733	0.00000000
734	0.00000000
735	0.00000000
736	0.00000000
737	0.00000000
738	0.00000000
739	0.00000000
740	0.00000000
741	0.00000000
742	0.00000000
743	0.00000000
744	0.00000000
745	0.00000000
746	0.00000000
747	0.00000000
748	0.00000000
749	0.00000000
750	0.00000000
751	0.00000000
752	0.00000000
753	0.00000000
754	0.00000000
755	0.00000000
756	0.00000000
757	0.00000000
758	0.00000000
759	0.00000000
760	0.00000000
761	0.00000000
762	0.00000000
763	0.00000000
764	0.00000000
765	0.00000000
766	0.00000000
767	0.00000000
768	0.00000000
769	0.00000000
770	0.00000000
771	0.00000000
772	0.00000000
773	0.00000000
774	0.00000000
775	0.00000000
776	0.00000000
777	0.00000000
778	0.00000000
779	0.00000000
780	0.00000000
781	0.00000000
782	0.00000000
783	0.00000000
784	0.00000000
785	0.00000000
786	0.00000000
787	0.00000000
788	0.00000000
789	0.00000000
790	0.00000000
791	0.00000000
792	0.00000000
793	0.00000000
794	0.00000000
795	0.00000000
796	0.00000000
797	0.00000000
798	0.00000000
799	0.00000000
800	0.00000000
801	0.00000000
802	0.00000000
803	0.00000000
804	0.00000000
805	0.00000000
806	0.00000000
807	0.00000000
808	0.00000000
809	0.00000000
810	0.00000000
811	0.00000000
812	0.00000000
813	0.00000000
814	0.00000000
815	0.00000000
816	0.00000000
817	0.00000000
818	0.00000000
819	0.00000000
820	0.00000000
821	0.00000000
822	0.00000000
823	0.00000000
824	0.00000000
825	0.00000000
826	0.00000000
827	0.00000000
828	0.00000000
829	0.00000000
830	0.00000000
831	0.00000000
832	0.00000000
833	0.00000000
834	0.00000000
835	0.00000000
836	0.00000000
837	0.00000000
838	0.00000000
839	0.00000000
840	0.00000000
841	0.00000000
842	0.00000000
843	0.00000000
844	0.00000000
845	0.00000000
846	0.00000000
847	0.00000000
848	0.00000000
849	0.00000000
850	0.00000000
851	0.00000000
852	0.00000000
853	0.00000000
854	0.00000000
855	0.00000000
856	0.00000000
857	0.00000000
858	0.00000000
859	0.00000000
860	0.00000000
861	0.00000000
862	0.00000000
863	0.00000000
864	0.00000000
865	0.00000000
866	0.00000000
867	0.00000000
868	0.00000000
869	0.00000000
870	0.00000000
871	0.00000000
872	0.00000000
873	0.00000000
874	0.00000000
875	0.00000000
876	0.00000000
877	0.00000000
878	0.00000000
879	0.00000000
880	0.00000000
881	0.00000000
882	0.00000000
883	0.00000000
884	0.00000000
885	0.00000000
886	0.00000000
887	0.00000000
888	0.00000000
889	0.00000000
890	0.00000000
891	0.00000000
892	0.00000000
893	0.00000000
894	0.00000000
895	0.00000000
896	0.00000000
897	0.00000000
898	0.00000000
899	0.00000000
900	0.00000000
901	0.00000000
902	0.00000000
903	0.00000000
904	0.00000000
905	0.00000000
906	0.00000000
907	0.00000000
908	0.00000000
909	0.00000000
910	0.00000000
911	0.00000000
912	0.00000000
913	0.00000000
914	0.00000000
915	0.00000000
916	0.00000000
917	0.00000000
918	0.00000000
919	0.00000000
920	0.00000000
921	0.00000000
922	0.00000000
923	0.00000000
924	0.00000000
925	0.00000000
926	0.00000000
927	0.00000000
928	0.00000000
929	0.00000000
930	0.00000000
931	0.00000000
932	0.00000000
933	0.00000000
934	0.00000000
935	0.00000000
936	0.00000000
937	0.00000000
938	0.00000000
939	0.00000000
940	0.00000000
941	0.00000000
942	0.00000000
943	0.00000000
944	0.00000000
945	0.00000000
946	0.00000000
947	0.00000000
948	0.00000000
949	0.00000000
950	0.00000000
951	0.00000000
952	0.00000000
953	0.00000000
954	0.00000000
955	0.00000000
956	0.00000000
957	0.00000000
958	0.00000000
959	0.00000000
960	0.00000000
961	0.00000000
962	0.00000000
963	0.00000000
964	0.00000000
965	0.00000000
966	0.00000000
967	0.00000000
968	0.00000000
969	0.00000000
970	0.00000000
971	0.00000000
972	0.00000000
973	0.00000000
974	0.00000000
975	0.00000000
976	0.00000000
977	0.00000000
978	0.00000000
979	0.00000000
980	0.00000000
981	0.00000000
982	0.00000000
983	0.00000000
984	0.00000000
985	0.00000000
986	0.00000000
987	0.00000000
988	0.00000000
989	0.00000000
990	0.00000000
991	0.00000000
992	0.00000000
993	0.00000000
994	0.00000000
995	0.00000000
996	0.00000000
997	0.00000000
998	0.00000000
999	0.00000000
