0	0.00000000
1	0.00000000
2	0.00000000
3	0.00000000
4	0.00000000
5	0.00000000
6	0.00000000
7	0.00000000
8	0.00000000
9	0.00000000
10	0.00000000
11	0.00000000
12	0.00000000
13	0.00405791
14	0.02748403
15	0.02283443
16	0.02993499
17	0.02867505
18	0.03739388
19	0.04213950
20	0.04488129
21	0.04097677
22	0.03822014
23	0.03411136
24	0.03151509
25	0.02859308
26	0.02656387
27	0.02413257
28	0.02302098
29	0.02122388
30	0.01989893
31	0.01884263
32	0.02047274
33	0.02254301
34	0.02381785
35	0.02580720
36	0.02674573
37	0.02659449
38	0.02684339
39	0.02725628
40	0.02662854
41	0.02649032
42	0.02622292
43	0.02568270
44	0.02483162
45	0.02418238
46	0.02362513
47	0.02284020
48	0.02262998
49	0.02214939
50	0.02161607
51	0.02111333
52	0.02042993
53	0.01978542
54	0.01904196
55	0.01901868
56	0.01899387
57	0.01869766
58	0.01847519
59	0.01801212
60	0.01755012
61	0.01723149
62	0.01692859
63	0.01667219
64	0.01646267
65	0.01631372
66	0.01598234
67	0.01557343
68	0.01521356
69	0.01486560
70	0.01447740
71	0.01404683
72	0.01370870
73	0.01323957
74	0.01283139
75	0.01234690
76	0.01196138
77	0.01159906
78	0.01134375
79	0.01114340
80	0.01083140
81	0.01057507
82	0.01034222
83	0.01002386
84	0.00980157
85	0.00965579
86	0.00938801
87	0.00917416
88	0.00890136
89	0.00866766
90	0.00838327
91	0.00809068
92	0.00783078
93	0.00757278
94	0.00731340
95	0.00707566
96	0.00685696
97	0.00663070
98	0.00640980
99	0.00620623
100	0.00601034
101	0.00583977
102	0.00570002
103	0.00554318
104	0.00537109
105	0.00521837
106	0.00505768
107	0.00490494
108	0.00476171
109	0.00462347
110	0.00447022
111	0.00433322
112	0.00420043
113	0.00406669
114	0.00393698
115	0.00381151
116	0.00369175
117	0.00357601
118	0.00346438
119	0.00335635
120	0.00325031
121	0.00314872
122	0.00305026
123	0.00295494
124	0.00286482
125	0.00277962
126	0.00269257
127	0.00261084
128	0.00252807
129	0.00245034
130	0.00237390
131	0.00230058
132	0.00222941
133	0.00216039
134	0.00209337
135	0.00202844
136	0.00196549
137	0.00190447
138	0.00184531
139	0.00178798
140	0.00173241
141	0.00167857
142	0.00162640
143	0.00157586
144	0.00152689
145	0.00147944
146	0.00143347
147	0.00138893
148	0.00134581
149	0.00130404
150	0.00126358
151	0.00122436
152	0.00118636
153	0.00114953
154	0.00111386
155	0.00107928
156	0.00104579
157	0.00101333
158	0.00098188
159	0.00095140
160	0.00092187
161	0.00089326
162	0.00086553
163	0.00083866
164	0.00081263
165	0.00078740
166	0.00076296
167	0.00073927
168	0.00071632
169	0.00069409
170	0.00067254
171	0.00065166
172	0.00063143
173	0.00061183
174	0.00059283
175	0.00057443
176	0.00055660
177	0.00053932
178	0.00052258
179	0.00050635
180	0.00049063
181	0.00047540
182	0.00046065
183	0.00044635
184	0.00043249
185	0.00041906
186	0.00040606
187	0.00039345
188	0.00038124
189	0.00036940
190	0.00035793
191	0.00034682
192	0.00033606
193	0.00032562
194	0.00031552
195	0.00030572
196	0.00029623
197	0.00028704
198	0.00027812
199	0.00026949
200	0.00026113
201	0.00025302
202	0.00024516
203	0.00023755
204	0.00023018
205	0.00022303
206	0.00021611
207	0.00020940
208	0.00020290
209	0.00019660
210	0.00019050
211	0.00018459
212	0.00017886
213	0.00017330
214	0.00016792
215	0.00016271
216	0.00015766
217	0.00015277
218	0.00014802
219	0.00014343
220	0.00013898
221	0.00013466
222	0.00013048
223	0.00012643
224	0.00012251
225	0.00011870
226	0.00011502
227	0.00011145
228	0.00010799
229	0.00010464
230	0.00010139
231	0.00009824
232	0.00009519
233	0.00009224
234	0.00008937
235	0.00008660
236	0.00008391
237	0.00008130
238	0.00007878
239	0.00007633
240	0.00007397
241	0.00007167
242	0.00006944
243	0.00006729
244	0.00006520
245	0.00006318
246	0.00006121
247	0.00005931
248	0.00005747
249	0.00005569
250	0.00005396
251	0.00005228
252	0.00005066
253	0.00004909
254	0.00004757
255	0.00004609
256	0.00004466
257	0.00004327
258	0.00004193
259	0.00004063
260	0.00003937
261	0.00003814
262	0.00003696
263	0.00003581
264	0.00003470
265	0.00003362
266	0.00003258
267	0.00003157
268	0.00003059
269	0.00002964
270	0.00002872
271	0.00002783
272	0.00002696
273	0.00002613
274	0.00002532
275	0.00002453
276	0.00002377
277	0.00002303
278	0.00002232
279	0.00002162
280	0.00002095
281	0.00002030
282	0.00001967
283	0.00001906
284	0.00001847
285	0.00001789
286	0.00001734
287	0.00001680
288	0.00001628
289	0.00001577
290	0.00001528
291	0.00001481
292	0.00001435
293	0.00001390
294	0.00001347
295	0.00001305
296	0.00001265
297	0.00001226
298	0.00001188
299	0.00001151
300	0.00001115
301	0.00001080
302	0.00001047
303	0.00001014
304	0.00000983
305	0.00000952
306	0.00000923
307	0.00000894
308	0.00000866
309	0.00000840
310	0.00000813
311	0.00000788
312	0.00000764
313	0.00000740
314	0.00000717
315	0.00000695
316	0.00000673
317	0.00000652
318	0.00000632
319	0.00000612
320	0.00000593
321	0.00000575
322	0.00000557
323	0.00000540
324	0.00000523
325	0.00000507
326	0.00000491
327	0.00000476
328	0.00000461
329	0.00000447
330	0.00000433
331	0.00000420
332	0.00000406
333	0.00000394
334	0.00000382
335	0.00000370
336	0.00000358
337	0.00000347
338	0.00000336
339	0.00000326
340	0.00000316
341	0.00000306
342	0.00000297
343	0.00000287
344	0.00000278
345	0.00000270
346	0.00000261
347	0.00000253
348	0.00000245
349	0.00000238
350	0.00000230
351	0.00000223
352	0.00000216
353	0.00000210
354	0.00000203
355	0.00000197
356	0.00000191
357	0.00000185
358	0.00000179
359	0.00000173
360	0.00000168
361	0.00000163
362	0.00000158
363	0.00000153
364	0.00000148
365	0.00000144
366	0.00000139
367	0.00000135
368	0.00000131
369	0.00000127
370	0.00000123
371	0.00000119
372	0.00000115
373	0.00000112
374	0.00000108
375	0.00000105
376	0.00000101
377	0.00000098
378	0.00000095
379	0.00000092
380	0.00000089
381	0.00000087
382	0.00000084
383	0.00000081
384	0.00000079
385	0.00000076
386	0.00000074
387	0.00000072
388	0.00000070
389	0.00000067
390	0.00000065
391	0.00000063
392	0.00000061
393	0.00000059
394	0.00000058
395	0.00000056
396	0.00000054
397	0.00000052
398	0.00000051
399	0.00000049
400	0.00000048
401	0.00000046
402	0.00000045
403	0.00000043
404	0.00000042
405	0.00000041
406	0.00000039
407	0.00000038
408	0.00000037
409	0.00000036
410	0.00000035
411	0.00000034
412	0.00000033
413	0.00000032
414	0.00000031
415	0.00000030
416	0.00000029
417	0.00000028
418	0.00000027
419	0.00000026
420	0.00000025
421	0.00000025
422	0.00000024
423	0.00000023
424	0.00000022
425	0.00000022
426	0.00000021
427	0.00000020
428	0.00000020
429	0.00000019
430	0.00000018
431	0.00000018
432	0.00000017
433	0.00000017
434	0.00000016
435	0.00000016
436	0.00000015
437	0.00000015
438	0.00000014
439	0.00000014
440	0.00000013
441	0.00000013
442	0.00000013
443	0.00000012
444	0.00000012
445	0.00000012
446	0.00000011
447	0.00000011
448	0.00000010
449	0.00000010
450	0.00000010
451	0.00000010
452	0.00000009
453	0.00000009
454	0.00000009
455	0.00000008
456	0.00000008
457	0.00000008
458	0.00000008
459	0.00000007
460	0.00000007
461	0.00000007
462	0.00000007
463	0.00000007
464	0.00000006
465	0.00000006
466	0.00000006
467	0.00000006
468	0.00000006
469	0.00000005
470	0.00000005
471	0.00000005
472	0.00000005
473	0.00000005
474	0.00000005
475	0.00000004
476	0.00000004
477	0.00000004
478	0.00000004
479	0.00000004
480	0.00000004
481	0.00000004
482	0.00000004
483	0.00000003
484	0.00000003
485	0.00000003
486	0.00000003
487	0.00000003
488	0.00000003
489	0.00000003
490	0.00000003
491	0.00000003
492	0.00000003
493	0.00000003
494	0.00000002
495	0.00000002
496	0.00000002
497	0.00000002
498	0.00000002
499	0.00000002
500	0.00000002
501	0.00000002
502	0.00000002
503	0.00000002
504	0.00000002
505	0.00000002
506	0.00000002
507	0.00000002
508	0.00000002
509	0.00000002
510	0.00000001
511	0.00000001
512	0.00000001
513	0.00000001
514	0.00000001
515	0.00000001
516	0.00000001
517	0.00000001
518	0.00000001
519	0.00000001
520	0.00000001
521	0.00000001
522	0.00000001
523	0.00000001
524	0.00000001
525	0.00000001
526	0.00000001
527	0.00000001
528	0.00000001
529	0.00000001
530	0.00000001
531	0.00000001
532	0.00000001
533	0.00000001
534	0.00000001
535	0.00000001
536	0.00000001
537	0.00000001
538	0.00000001
539	0.00000001
540	0.00000001
541	0.00000001
542	0.00000001
543	0.00000001
544	0.00000001
545	0.00000000
546	0.00000000
547	0.00000000
548	0.00000000
549	0.00000000
550	0.00000000
551	0.00000000
552	0.00000000
553	0.00000000
554	0.00000000
555	0.00000000
556	0.00000000
557	0.00000000
558	0.00000000
559	0.00000000
560	0.00000000
561	0.00000000
562	0.00000000
563	0.00000000
564	0.00000000
565	0.00000000
566	0.00000000
567	0.00000000
568	0.00000000
569	0.00000000
570	0.00000000
571	0.00000000
572	0.00000000
573	0.00000000
574	0.00000000
575	0.00000000
576	0.00000000
577	0.00000000
578	0.00000000
579	0.00000000
580	0.00000000
581	0.00000000
582	0.00000000
583	0.00000000
584	0.00000000
585	0.00000000
586	0.00000000
587	0.00000000
588	0.00000000
589	0.00000000
590	0.00000000
591	0.00000000
592	0.00000000
593	0.00000000
594	0.00000000
595	0.00000000
596	0.00000000
597	0.00000000
598	0.00000000
599	0.00000000
600	0.00000000
601	0.00000000
602	0.00000000
603	0.00000000
604	0.00000000
605	0.00000000
606	0.00000000
607	0.00000000
608	0.00000000
609	0.00000000
610	0.00000000
611	0.00000000
612	0.00000000
613	0.00000000
614	0.00000000
615	0.00000000
616	0.00000000
617	0.00000000
618	0.00000000
619	0.00000000
620	0.00000000
621	0.00000000
622	0.00000000
623	0.00000000
624	0.00000000
625	0.00000000
626	0.00000000
627	0.00000000
628	0.00000000
629	0.00000000
630	0.00000000
631	0.00000000
632	0.00000000
633	0.00000000
634	0.00000000
635	0.00000000
636	0.00000000
637	0.00000000
638	0.00000000
639	0.00000000
640	0.00000000
641	0.00000000
642	0.00000000
643	0.00000000
644	0.00000000
645	0.00000000
646	0.00000000
647	0.00000000
648	0.00000000
649	0.00000000
650	0.00000000
651	0.00000000
652	0.00000000
653	0.00000000
654	0.00000000
655	0.00000000
656	0.00000000
657	0.00000000
658	0.00000000
659	0.00000000
660	0.00000000
661	0.00000000
662	0.00000000
663	0.00000000
664	0.00000000
665	0.00000000
666	0.00000000
667	0.00000000
668	0.00000000
669	0.00000000
670	0.00000000
671	0.00000000
672	0.00000000
673	0.00000000
674	0.00000000
675	0.00000000
676	0.00000000
677	0.00000000
678	0.00000000
679	0.00000000
680	0.00000000
681	0.00000000
682	0.00000000
683	0.00000000
684	0.00000000
685	0.00000000
686	0.00000000
687	0.00000000
688	0.00000000
689	0.00000000
690	0.00000000
691	0.00000000
692	0.00000000
693	0.00000000
694	0.00000000
695	0.00000000
696	0.00000000
697	0.00000000
698	0.00000000
699	0.00000000
700	0.00000000
701	0.00000000
702	0.00000000
703	0.00000000
704	0.00000000
705	0.00000000
706	0.00000000
707	0.00000000
708	0.00000000
709	0.00000000
710	0.00000000
711	0.00000000
712	0.00000000
713	0.00000000
714	0.00000000
715	0.00000000
716	0.00000000
717	0.00000000
718	0.00000000
719	0.00000000
720	0.00000000
721	0.00000000
722	0.00000000
723	0.00000000
724	0.00000000
725	0.00000000
726	0.00000000
727	0.00000000
728	0.00000000
729	0.00000000
730	0.00000000
731	0.00000000
732	0.00000000
733	0.00000000
734	0.00000000
735	0.00000000
736	0.00000000
737	0.00000000
738	0.00000000
739	0.00000000
740	0.00000000
741	0.00000000
742	0.00000000
743	0.00000000
744	0.00000000
745	0.00000000
746	0.00000000
747	0.00000000
748	0.00000000
749	0.00000000
750	0.00000000
751	0.00000000
752	0.00000000
753	0.00000000
754	0.00000000
755	0.00000000
756	0.00000000
757	0.00000000
758	0.00000000
759	0.00000000
760	0.00000000
761	0.00000000
762	0.00000000
763	0.00000000
764	0.00000000
765	0.00000000
766	0.00000000
767	0.00000000
768	0.00000000
769	0.00000000
770	0.00000000
771	0.00000000
772	0.00000000
773	0.00000000
774	0.00000000
775	0.00000000
776	0.00000000
777	0.00000000
778	0.00000000
779	0.00000000
780	0.00000000
781	0.00000000
782	0.00000000
783	0.00000000
784	0.00000000
785	0.00000000
786	0.00000000
787	0.00000000
788	0.00000000
789	0.00000000
790	0.00000000
791	0.00000000
792	0.00000000
793	0.00000000
794	0.00000000
795	0.00000000
796	0.00000000
797	0.00000000
798	0.00000000
799	0.00000000
800	0.00000000
801	0.00000000
802	0.00000000
803	0.00000000
804	0.00000000
805	0.00000000
806	0.00000000
807	0.00000000
808	0.00000000
809	0.00000000
810	0.00000000
811	0.00000000
812	0.00000000
813	0.00000000
814	0.00000000
815	0.00000000
816	0.00000000
817	0.00000000
818	0.00000000
819	0.00000000
820	0.00000000
821	0.00000000
822	0.00000000
823	0.00000000
824	0.00000000
825	0.00000000
826	0.00000000
827	0.00000000
828	0.00000000
829	0.00000000
830	0.00000000
831	0.00000000
832	0.00000000
833	0.00000000
834	0.00000000
835	0.00000000
836	0.00000000
837	0.00000000
838	0.00000000
839	0.00000000
840	0.00000000
841	0.00000000
842	0.00000000
843	0.00000000
844	0.00000000
845	0.00000000
846	0.00000000
847	0.00000000
848	0.00000000
849	0.00000000
850	0.00000000
851	0.00000000
852	0.00000000
853	0.00000000
854	0.00000000
855	0.00000000
856	0.00000000
857	0.00000000
858	0.00000000
859	0.00000000
860	0.00000000
861	0.00000000
862	0.00000000
863	0.00000000
864	0.00000000
865	0.00000000
866	0.00000000
867	0.00000000
868	0.00000000
869	0.00000000
870	0.00000000
871	0.00000000
872	0.00000000
873	0.00000000
874	0.00000000
875	0.00000000
876	0.00000000
877	0.00000000
878	0.00000000
879	0.00000000
880	0.00000000
881	0.00000000
882	0.00000000
883	0.00000000
884	0.00000000
885	0.00000000
886	0.00000000
887	0.00000000
888	0.00000000
889	0.00000000
890	0.00000000
891	0.00000000
892	0.00000000
893	0.00000000
894	0.00000000
895	0.00000000
896	0.00000000
897	0.00000000
898	0.00000000
899	0.00000000
900	0.00000000
901	0.00000000
902	0.00000000
903	0.00000000
904	0.00000000
905	0.00000000
906	0.00000000
907	0.00000000
908	0.00000000
909	0.00000000
910	0.00000000
911	0.00000000
912	0.00000000
913	0.00000000
914	0.00000000
915	0.00000000
916	0.00000000
917	0.00000000
918	0.00000000
919	0.00000000
920	0.00000000
921	0.00000000
922	0.00000000
923	0.00000000
924	0.00000000
925	0.00000000
926	0.00000000
927	0.00000000
928	0.00000000
929	0.00000000
930	0.00000000
931	0.00000000
932	0.00000000
933	0.00000000
934	0.00000000
935	0.00000000
936	0.00000000
937	0.00000000
938	0.00000000
939	0.00000000
940	0.00000000
941	0.00000000
942	0.00000000
943	0.00000000
944	0.00000000
945	0.00000000
946	0.00000000
947	0.00000000
948	0.00000000
949	0.00000000
950	0.00000000
951	0.00000000
952	0.00000000
953	0.00000000
954	0.00000000
955	0.00000000
956	0.00000000
957	0.00000000
958	0.00000000
959	0.00000000
960	0.00000000
961	0.00000000
962	0.00000000
963	0.00000000
964	0.00000000
965	0.00000000
966	0.00000000
967	0.00000000
968	0.00000000
969	0.00000000
970	0.00000000
971	0.00000000
972	0.00000000
973	0.00000000
974	0.00000000
975	0.00000000
976	0.00000000
977	0.00000000
978	0.00000000
979	0.00000000
980	0.00000000
981	0.00000000
982	0.00000000
983	0.00000000
984	0.00000000
985	0.00000000
986	0.00000000
987	0.00000000
988	0.00000000
989	0.00000000
990	0.00000000
991	0.00000000
992	0.00000000
993	0.00000000
994	0.00000000
995	0.00000000
996	0.00000000
997	0.00000000
998	0.00000000
999	0.00000000
