0	0.00000000
1	0.00000000
2	0.00000000
3	0.00000000
4	0.00000000
5	0.00000000
6	0.00000000
7	0.00000000
8	0.00000000
9	0.00000000
10	0.00000000
11	0.00000000
12	0.00000000
13	0.00511182
14	0.03452616
15	0.02863913
16	0.03400083
17	0.03057373
18	0.03757528
19	0.04150344
20	0.04345046
21	0.03952454
22	0.03626909
23	0.03174647
24	0.02855401
25	0.02583779
26	0.02413675
27	0.02215579
28	0.02139105
29	0.02000962
30	0.01900992
31	0.01841656
32	0.02087821
33	0.02391053
34	0.02527518
35	0.02758852
36	0.02866850
37	0.02810127
38	0.02759056
39	0.02756098
40	0.02665536
41	0.02621494
42	0.02594714
43	0.02537726
44	0.02468123
45	0.02441441
46	0.02399518
47	0.02326076
48	0.02298522
49	0.02245309
50	0.02183793
51	0.02129633
52	0.02060084
53	0.01991505
54	0.01920161
55	0.01932526
56	0.01938252
57	0.01916987
58	0.01904010
59	0.01857653
60	0.01802113
61	0.01755387
62	0.01721029
63	0.01690561
64	0.01676310
65	0.01660466
66	0.01632461
67	0.01588509
68	0.01547792
69	0.01511219
70	0.01471493
71	0.01428381
72	0.01392680
73	0.01345180
74	0.01304456
75	0.01256134
76	0.01217336
77	0.01183394
78	0.01159277
79	0.01143950
80	0.01113610
81	0.01087950
82	0.01064885
83	0.01032032
84	0.01007419
85	0.00988338
86	0.00960615
87	0.00938381
88	0.00909030
89	0.00884833
90	0.00856020
91	0.00827466
92	0.00801402
93	0.00775207
94	0.00748382
95	0.00725015
96	0.00702038
97	0.00679364
98	0.00656790
99	0.00635856
100	0.00616003
101	0.00598625
102	0.00585081
103	0.00569856
104	0.00552401
105	0.00536602
106	0.00520366
107	0.00503660
108	0.00488185
109	0.00473662
110	0.00458157
111	0.00444402
112	0.00430662
113	0.00417043
114	0.00403882
115	0.00390921
116	0.00378632
117	0.00366750
118	0.00355256
119	0.00344206
120	0.00333352
121	0.00322948
122	0.00312855
123	0.00303091
124	0.00293888
125	0.00285277
126	0.00276281
127	0.00268009
128	0.00259427
129	0.00251477
130	0.00243617
131	0.00236071
132	0.00228752
133	0.00221666
134	0.00214785
135	0.00208123
136	0.00201663
137	0.00195402
138	0.00189330
139	0.00183445
140	0.00177742
141	0.00172217
142	0.00166864
143	0.00161677
144	0.00156653
145	0.00151785
146	0.00147068
147	0.00142499
148	0.00138076
149	0.00133792
150	0.00129641
151	0.00125619
152	0.00121720
153	0.00117943
154	0.00114282
155	0.00110735
156	0.00107298
157	0.00103968
158	0.00100741
159	0.00097614
160	0.00094584
161	0.00091649
162	0.00088804
163	0.00086047
164	0.00083376
165	0.00080788
166	0.00078280
167	0.00075849
168	0.00073495
169	0.00071213
170	0.00069002
171	0.00066860
172	0.00064784
173	0.00062773
174	0.00060824
175	0.00058936
176	0.00057107
177	0.00055334
178	0.00053616
179	0.00051952
180	0.00050339
181	0.00048776
182	0.00047262
183	0.00045795
184	0.00044373
185	0.00042996
186	0.00041661
187	0.00040368
188	0.00039115
189	0.00037901
190	0.00036724
191	0.00035584
192	0.00034479
193	0.00033409
194	0.00032372
195	0.00031367
196	0.00030393
197	0.00029450
198	0.00028536
199	0.00027650
200	0.00026791
201	0.00025960
202	0.00025154
203	0.00024373
204	0.00023616
205	0.00022883
206	0.00022173
207	0.00021485
208	0.00020818
209	0.00020171
210	0.00019545
211	0.00018938
212	0.00018351
213	0.00017781
214	0.00017229
215	0.00016694
216	0.00016176
217	0.00015674
218	0.00015187
219	0.00014716
220	0.00014259
221	0.00013816
222	0.00013387
223	0.00012972
224	0.00012569
225	0.00012179
226	0.00011801
227	0.00011434
228	0.00011080
229	0.00010736
230	0.00010402
231	0.00010079
232	0.00009766
233	0.00009463
234	0.00009170
235	0.00008885
236	0.00008609
237	0.00008342
238	0.00008083
239	0.00007832
240	0.00007589
241	0.00007353
242	0.00007125
243	0.00006904
244	0.00006689
245	0.00006482
246	0.00006281
247	0.00006086
248	0.00005897
249	0.00005714
250	0.00005536
251	0.00005364
252	0.00005198
253	0.00005037
254	0.00004880
255	0.00004729
256	0.00004582
257	0.00004440
258	0.00004302
259	0.00004168
260	0.00004039
261	0.00003914
262	0.00003792
263	0.00003674
264	0.00003560
265	0.00003450
266	0.00003343
267	0.00003239
268	0.00003138
269	0.00003041
270	0.00002947
271	0.00002855
272	0.00002766
273	0.00002681
274	0.00002597
275	0.00002517
276	0.00002439
277	0.00002363
278	0.00002290
279	0.00002218
280	0.00002150
281	0.00002083
282	0.00002018
283	0.00001956
284	0.00001895
285	0.00001836
286	0.00001779
287	0.00001724
288	0.00001670
289	0.00001618
290	0.00001568
291	0.00001520
292	0.00001472
293	0.00001427
294	0.00001382
295	0.00001339
296	0.00001298
297	0.00001258
298	0.00001219
299	0.00001181
300	0.00001144
301	0.00001109
302	0.00001074
303	0.00001041
304	0.00001008
305	0.00000977
306	0.00000947
307	0.00000917
308	0.00000889
309	0.00000861
310	0.00000835
311	0.00000809
312	0.00000784
313	0.00000759
314	0.00000736
315	0.00000713
316	0.00000691
317	0.00000669
318	0.00000649
319	0.00000628
320	0.00000609
321	0.00000590
322	0.00000572
323	0.00000554
324	0.00000537
325	0.00000520
326	0.00000504
327	0.00000488
328	0.00000473
329	0.00000458
330	0.00000444
331	0.00000430
332	0.00000417
333	0.00000404
334	0.00000392
335	0.00000379
336	0.00000368
337	0.00000356
338	0.00000345
339	0.00000334
340	0.00000324
341	0.00000314
342	0.00000304
343	0.00000295
344	0.00000286
345	0.00000277
346	0.00000268
347	0.00000260
348	0.00000252
349	0.00000244
350	0.00000236
351	0.00000229
352	0.00000222
353	0.00000215
354	0.00000208
355	0.00000202
356	0.00000196
357	0.00000190
358	0.00000184
359	0.00000178
360	0.00000172
361	0.00000167
362	0.00000162
363	0.00000157
364	0.00000152
365	0.00000147
366	0.00000143
367	0.00000138
368	0.00000134
369	0.00000130
370	0.00000126
371	0.00000122
372	0.00000118
373	0.00000114
374	0.00000111
375	0.00000107
376	0.00000104
377	0.00000101
378	0.00000098
379	0.00000095
380	0.00000092
381	0.00000089
382	0.00000086
383	0.00000084
384	0.00000081
385	0.00000078
386	0.00000076
387	0.00000074
388	0.00000071
389	0.00000069
390	0.00000067
391	0.00000065
392	0.00000063
393	0.00000061
394	0.00000059
395	0.00000057
396	0.00000055
397	0.00000054
398	0.00000052
399	0.00000050
400	0.00000049
401	0.00000047
402	0.00000046
403	0.00000044
404	0.00000043
405	0.00000042
406	0.00000040
407	0.00000039
408	0.00000038
409	0.00000037
410	0.00000036
411	0.00000035
412	0.00000033
413	0.00000032
414	0.00000031
415	0.00000030
416	0.00000029
417	0.00000029
418	0.00000028
419	0.00000027
420	0.00000026
421	0.00000025
422	0.00000024
423	0.00000024
424	0.00000023
425	0.00000022
426	0.00000022
427	0.00000021
428	0.00000020
429	0.00000020
430	0.00000019
431	0.00000018
432	0.00000018
433	0.00000017
434	0.00000017
435	0.00000016
436	0.00000016
437	0.00000015
438	0.00000015
439	0.00000014
440	0.00000014
441	0.00000013
442	0.00000013
443	0.00000013
444	0.00000012
445	0.00000012
446	0.00000011
447	0.00000011
448	0.00000011
449	0.00000010
450	0.00000010
451	0.00000010
452	0.00000009
453	0.00000009
454	0.00000009
455	0.00000009
456	0.00000008
457	0.00000008
458	0.00000008
459	0.00000008
460	0.00000007
461	0.00000007
462	0.00000007
463	0.00000007
464	0.00000006
465	0.00000006
466	0.00000006
467	0.00000006
468	0.00000006
469	0.00000006
470	0.00000005
471	0.00000005
472	0.00000005
473	0.00000005
474	0.00000005
475	0.00000005
476	0.00000004
477	0.00000004
478	0.00000004
479	0.00000004
480	0.00000004
481	0.00000004
482	0.00000004
483	0.00000004
484	0.00000003
485	0.00000003
486	0.00000003
487	0.00000003
488	0.00000003
489	0.00000003
490	0.00000003
491	0.00000003
492	0.00000003
493	0.00000003
494	0.00000003
495	0.00000002
496	0.00000002
497	0.00000002
498	0.00000002
499	0.00000002
500	0.00000002
501	0.00000002
502	0.00000002
503	0.00000002
504	0.00000002
505	0.00000002
506	0.00000002
507	0.00000002
508	0.00000002
509	0.00000002
510	0.00000002
511	0.00000001
512	0.00000001
513	0.00000001
514	0.00000001
515	0.00000001
516	0.00000001
517	0.00000001
518	0.00000001
519	0.00000001
520	0.00000001
521	0.00000001
522	0.00000001
523	0.00000001
524	0.00000001
525	0.00000001
526	0.00000001
527	0.00000001
528	0.00000001
529	0.00000001
530	0.00000001
531	0.00000001
532	0.00000001
533	0.00000001
534	0.00000001
535	0.00000001
536	0.00000001
537	0.00000001
538	0.00000001
539	0.00000001
540	0.00000001
541	0.00000001
542	0.00000001
543	0.00000001
544	0.00000001
545	0.00000001
546	0.00000000
547	0.00000000
548	0.00000000
549	0.00000000
550	0.00000000
551	0.00000000
552	0.00000000
553	0.00000000
554	0.00000000
555	0.00000000
556	0.00000000
557	0.00000000
558	0.00000000
559	0.00000000
560	0.00000000
561	0.00000000
562	0.00000000
563	0.00000000
564	0.00000000
565	0.00000000
566	0.00000000
567	0.00000000
568	0.00000000
569	0.00000000
570	0.00000000
571	0.00000000
572	0.00000000
573	0.00000000
574	0.00000000
575	0.00000000
576	0.00000000
577	0.00000000
578	0.00000000
579	0.00000000
580	0.00000000
581	0.00000000
582	0.00000000
583	0.00000000
584	0.00000000
585	0.00000000
586	0.00000000
587	0.00000000
588	0.00000000
589	0.00000000
590	0.00000000
591	0.00000000
592	0.00000000
593	0.00000000
594	0.00000000
595	0.00000000
596	0.00000000
597	0.00000000
598	0.00000000
599	0.00000000
600	0.00000000
601	0.00000000
602	0.00000000
603	0.00000000
604	0.00000000
605	0.00000000
606	0.00000000
607	0.00000000
608	0.00000000
609	0.00000000
610	0.00000000
611	0.00000000
612	0.00000000
613	0.00000000
614	0.00000000
615	0.00000000
616	0.00000000
617	0.00000000
618	0.00000000
619	0.00000000
620	0.00000000
621	0.00000000
622	0.00000000
623	0.00000000
624	0.00000000
625	0.00000000
626	0.00000000
627	0.00000000
628	0.00000000
629	0.00000000
630	0.00000000
631	0.00000000
632	0.00000000
633	0.00000000
634	0.00000000
635	0.00000000
636	0.00000000
637	0.00000000
638	0.00000000
639	0.00000000
640	0.00000000
641	0.00000000
642	0.00000000
643	0.00000000
644	0.00000000
645	0.00000000
646	0.00000000
647	0.00000000
648	0.00000000
649	0.00000000
650	0.00000000
651	0.00000000
652	0.00000000
653	0.00000000
654	0.00000000
655	0.00000000
656	0.00000000
657	0.00000000
658	0.00000000
659	0.00000000
660	0.00000000
661	0.00000000
662	0.00000000
663	0.00000000
664	0.00000000
665	0.00000000
666	0.00000000
667	0.00000000
668	0.00000000
669	0.00000000
670	0.00000000
671	0.00000000
672	0.00000000
673	0.00000000
674	0.00000000
675	0.00000000
676	0.00000000
677	0.00000000
678	0.00000000
679	0.00000000
680	0.00000000
681	0.00000000
682	0.00000000
683	0.00000000
684	0.00000000
685	0.00000000
686	0.00000000
687	0.00000000
688	0.00000000
689	0.00000000
690	0.00000000
691	0.00000000
692	0.00000000
693	0.00000000
694	0.00000000
695	0.00000000
696	0.00000000
697	0.00000000
698	0.00000000
699	0.00000000
700	0.00000000
701	0.00000000
702	0.00000000
703	0.00000000
704	0.00000000
705	0.00000000
706	0.00000000
707	0.00000000
708	0.00000000
709	0.00000000
710	0.00000000
711	0.00000000
712	0.00000000
713	0.00000000
714	0.00000000
715	0.00000000
716	0.00000000
717	0.00000000
718	0.00000000
719	0.00000000
720	0.00000000
721	0.00000000
722	0.00000000
723	0.00000000
724	0.00000000
725	0.00000000
726	0.00000000
727	0.00000000
728	0.00000000
729	0.00000000
730	0.00000000
731	0.00000000
732	0.00000000
733	0.00000000
734	0.00000000
735	0.00000000
736	0.00000000
737	0.00000000
738	0.00000000
739	0.00000000
740	0.00000000
741	0.00000000
742	0.00000000
743	0.00000000
744	0.00000000
745	0.00000000
746	0.00000000
747	0.00000000
748	0.00000000
749	0.00000000
750	0.00000000
751	0.00000000
752	0.00000000
753	0.00000000
754	0.00000000
755	0.00000000
756	0.00000000
757	0.00000000
758	0.00000000
759	0.00000000
760	0.00000000
761	0.00000000
762	0.00000000
763	0.00000000
764	0.00000000
765	0.00000000
766	0.00000000
767	0.00000000
768	0.00000000
769	0.00000000
770	0.00000000
771	0.00000000
772	0.00000000
773	0.00000000
774	0.00000000
775	0.00000000
776	0.00000000
777	0.00000000
778	0.00000000
779	0.00000000
780	0.00000000
781	0.00000000
782	0.00000000
783	0.00000000
784	0.00000000
785	0.00000000
786	0.00000000
787	0.00000000
788	0.00000000
789	0.00000000
790	0.00000000
791	0.00000000
792	0.00000000
793	0.00000000
794	0.00000000
795	0.00000000
796	0.00000000
797	0.00000000
798	0.00000000
799	0.00000000
800	0.00000000
801	0.00000000
802	0.00000000
803	0.00000000
804	0.00000000
805	0.00000000
806	0.00000000
807	0.00000000
808	0.00000000
809	0.00000000
810	0.00000000
811	0.00000000
812	0.00000000
813	0.00000000
814	0.00000000
815	0.00000000
816	0.00000000
817	0.00000000
818	0.00000000
819	0.00000000
820	0.00000000
821	0.00000000
822	0.00000000
823	0.00000000
824	0.00000000
825	0.00000000
826	0.00000000
827	0.00000000
828	0.00000000
829	0.00000000
830	0.00000000
831	0.00000000
832	0.00000000
833	0.00000000
834	0.00000000
835	0.00000000
836	0.00000000
837	0.00000000
838	0.00000000
839	0.00000000
840	0.00000000
841	0.00000000
842	0.00000000
843	0.00000000
844	0.00000000
845	0.00000000
846	0.00000000
847	0.00000000
848	0.00000000
849	0.00000000
850	0.00000000
851	0.00000000
852	0.00000000
853	0.00000000
854	0.00000000
855	0.00000000
856	0.00000000
857	0.00000000
858	0.00000000
859	0.00000000
860	0.00000000
861	0.00000000
862	0.00000000
863	0.00000000
864	0.00000000
865	0.00000000
866	0.00000000
867	0.00000000
868	0.00000000
869	0.00000000
870	0.00000000
871	0.00000000
872	0.00000000
873	0.00000000
874	0.00000000
875	0.00000000
876	0.00000000
877	0.00000000
878	0.00000000
879	0.00000000
880	0.00000000
881	0.00000000
882	0.00000000
883	0.00000000
884	0.00000000
885	0.00000000
886	0.00000000
887	0.00000000
888	0.00000000
889	0.00000000
890	0.00000000
891	0.00000000
892	0.00000000
893	0.00000000
894	0.00000000
895	0.00000000
896	0.00000000
897	0.00000000
898	0.00000000
899	0.00000000
900	0.00000000
901	0.00000000
902	0.00000000
903	0.00000000
904	0.00000000
905	0.00000000
906	0.00000000
907	0.00000000
908	0.00000000
909	0.00000000
910	0.00000000
911	0.00000000
912	0.00000000
913	0.00000000
914	0.00000000
915	0.00000000
916	0.00000000
917	0.00000000
918	0.00000000
919	0.00000000
920	0.00000000
921	0.00000000
922	0.00000000
923	0.00000000
924	0.00000000
925	0.00000000
926	0.00000000
927	0.00000000
928	0.00000000
929	0.00000000
930	0.00000000
931	0.00000000
932	0.00000000
933	0.00000000
934	0.00000000
935	0.00000000
936	0.00000000
937	0.00000000
938	0.00000000
939	0.00000000
940	0.00000000
941	0.00000000
942	0.00000000
943	0.00000000
944	0.00000000
945	0.00000000
946	0.00000000
947	0.00000000
948	0.00000000
949	0.00000000
950	0.00000000
951	0.00000000
952	0.00000000
953	0.00000000
954	0.00000000
955	0.00000000
956	0.00000000
957	0.00000000
958	0.00000000
959	0.00000000
960	0.00000000
961	0.00000000
962	0.00000000
963	0.00000000
964	0.00000000
965	0.00000000
966	0.00000000
967	0.00000000
968	0.00000000
969	0.00000000
970	0.00000000
971	0.00000000
972	0.00000000
973	0.00000000
974	0.00000000
975	0.00000000
976	0.00000000
977	0.00000000
978	0.00000000
979	0.00000000
980	0.00000000
981	0.00000000
982	0.00000000
983	0.00000000
984	0.00000000
985	0.00000000
986	0.00000000
987	0.00000000
988	0.00000000
989	0.00000000
990	0.00000000
991	0.00000000
992	0.00000000
993	0.00000000
994	0.00000000
995	0.00000000
996	0.00000000
997	0.00000000
998	0.00000000
999	0.00000000
